1747195891787 0.36666666666666664 1
1747195891811 1.1155555555555554 1
1747195891832 2.2666666666666666 1
1747195891850 3.842222222222223 1
1747195891870 5.7988888888888885 1
1747195891887 7.385555555555556 1
1747195891905 8.488888888888889 1
1747195891923 9.555555555555555 1
1747195891937 10.785555555555556 1
1747195891956 11.94111111111111 1
1747195891977 13.24888888888889 1
1747195891993 14.715555555555557 1
1747195892013 16.34777777777778 1
1747195892029 18.152222222222225 1
1747195892048 19.95 1
1747195892066 21.912222222222223 1
1747195892082 23.032222222222224 1
1747195892099 24.227777777777778 1
1747195892116 24.924444444444443 1
1747195892131 25.657777777777778 1
1747195892147 26.42777777777778 1
1747195892164 27.234444444444446 1
1747195892180 28.07777777777778 1
1747195892196 28.95777777777778 1
1747195892214 29.874444444444446 1
1747195892229 30.827777777777783 1
1747195892250 31.81777777777778 1
1747195892264 32.84444444444445 1
1747195892280 33.90777777777778 1
1747195892297 35.00777777777778 1
1747195892311 36.14444444444445 1
1747195892328 37.317777777777785 1
1747195892346 38.12444444444444 1
1747195892363 38.955555555555556 1
1747195892379 39.81111111111112 1
1747195892397 40.69111111111111 1
1747195892410 41.595555555555556 1
1747195892662 0.36666666666666664 2
1747195892683 1.1133333333333333 2
1747195892705 2.2555555555555555 2
1747195892729 3.808888888888889 2
1747195892748 5.592222222222222 2
1747195892768 7.698888888888889 2
1747195892786 10.122222222222224 2
1747195892804 12.953333333333335 2
1747195892821 15.905555555555557 2
1747195892838 19.25 2
1747195892856 23.0 2
1747195892872 26.97555555555556 2
1747195892898 31.17888888888889 2
1747195892933 35.78333333333333 2
1747195892967 40.61666666666667 2
1747195892988 45.861111111111114 2
1747195893008 48.97777777777778 2
1747195893022 52.277777777777786 2
1747195893039 55.76111111111111 2
1747195893055 59.427777777777784 2
1747195893073 63.277777777777786 2
1747195893089 67.31111111111112 2
1747195893105 71.52777777777779 2
1747195893121 75.92777777777778 2
1747195893140 80.51111111111112 2
1747195893161 85.27777777777779 2
1747195893179 90.2277777777778 2
1747195893197 95.36111111111113 2
1747195893213 100.67777777777779 2
1747195893230 106.17777777777779 2
1747195893246 111.86111111111113 2
1747195893262 117.7277777777778 2
1747195893282 123.37444444444445 2
1747195893298 129.19222222222223 2
1747195893315 135.18111111111114 2
1747195893334 141.34111111111113 2
1747195893350 147.22 2
1747195893603 0.36666666666666664 3
1747195893626 1.1044444444444443 3
1747195893647 2.2177777777777776 3
1747195893669 3.7111111111111112 3
1747195893691 5.584444444444444 3
1747195893713 7.7444444444444445 3
1747195893759 10.103333333333333 3
1747195893782 12.714444444444444 3
1747195893803 15.66777777777778 3
1747195893821 18.970000000000002 3
1747195893845 22.62777777777778 3
1747195893863 26.454444444444444 3
1747195893889 30.441111111111113 3
1747195893920 34.75 3
1747195893942 38.833333333333336 3
1747195893959 43.20666666666667 3
1747195893978 47.36222222222223 3
1747195893996 51.76222222222223 3
1747195894014 56.406666666666666 3
1747195894030 61.29555555555556 3
1747195894052 66.42888888888889 3
1747195894070 71.80666666666666 3
1747195894092 77.42888888888889 3
1747195894110 83.29555555555557 3
1747195894127 89.10111111111111 3
1747195894143 94.82333333333334 3
1747195894161 100.77000000000001 3
1747195894180 106.94555555555557 3
1747195894197 113.35444444444445 3
1747195894215 119.22111111111113 3
1747195894232 125.28333333333335 3
1747195894249 131.54111111111112 3
1747195894264 137.59111111111113 3
1747195894282 143.82444444444445 3
1747195894300 150.2411111111111 3
1747195894322 156.84111111111113 3
1747195894338 163.6244444444445 3
1747195894589 0.36666666666666664 4
1747195894615 1.1088888888888888 4
1747195894639 2.235555555555556 4
1747195894660 3.7555555555555555 4
1747195894679 5.618888888888889 4
1747195894698 7.812222222222222 4
1747195894716 10.236666666666668 4
1747195894733 12.832222222222223 4
1747195894754 15.602222222222222 4
1747195894771 18.71333333333333 4
1747195894787 22.172222222222224 4
1747195894806 25.985555555555557 4
1747195894823 30.160000000000004 4
1747195894842 34.70222222222222 4
1747195894859 39.068888888888885 4
1747195894878 43.78 4
1747195894904 47.312222222222225 4
1747195894929 51.05222222222223 4
1747195894947 55.00000000000001 4
1747195894962 59.15555555555556 4
1747195894979 63.518888888888895 4
1747195894997 68.09 4
1747195895014 72.86888888888889 4
1747195895030 77.85555555555555 4
1747195895045 83.05 4
1747195895063 88.45222222222223 4
1747195895079 94.06222222222225 4
1747195895095 99.88000000000002 4
1747195895110 105.90555555555558 4
1747195895127 112.13888888888891 4
1747195895146 118.58000000000001 4
1747195895166 125.2288888888889 4
1747195895183 131.68222222222224 4
1747195895200 138.3311111111111 4
1747195895217 145.17555555555558 4
1747195895233 152.21555555555557 4
1747195895254 159.45111111111112 4
1747195895483 0.36666666666666664 5
1747195895504 1.102222222222222 5
1747195895525 2.2111111111111112 5
1747195895548 3.697777777777778 5
1747195895568 5.566666666666666 5
1747195895588 7.7266666666666675 5
1747195895605 9.914444444444445 5
1747195895626 12.225555555555557 5
1747195895644 14.837777777777777 5
1747195895662 17.755555555555556 5
1747195895685 20.983333333333338 5
1747195895703 24.525555555555556 5
1747195895721 28.386666666666667 5
1747195895745 32.57111111111111 5
1747195895761 36.53333333333333 5
1747195895778 40.784444444444446 5
1747195895795 44.818888888888885 5
1747195895813 49.09444444444445 5
1747195895834 53.60888888888889 5
1747195895853 58.36 5
1747195895869 63.34777777777778 5
1747195895892 68.57444444444444 5
1747195895914 74.04222222222224 5
1747195895938 79.75333333333333 5
1747195895956 85.71000000000001 5
1747195895980 91.91444444444446 5
1747195895997 98.3688888888889 5
1747195896014 104.60888888888891 5
1747195896034 111.0888888888889 5
1747195896054 117.32222222222224 5
1747195896072 123.76333333333335 5
1747195896089 130.41222222222225 5
1747195896123 136.86555555555557 5
1747195896148 143.51444444444445 5
1747195896167 150.3588888888889 5
1747195896183 157.3988888888889 5
1747195896199 163.73000000000002 5
1747195896219 164.19444444444446 5
1747195896235 164.67111111111114 5
1747195896250 165.16000000000003 5
1747195896270 165.66111111111113 5
1747195896295 166.17444444444445 5
1747195896315 166.70000000000002 5
1747195896326 167.2377777777778 5
1747195896344 167.7877777777778 5
1747195896359 168.35000000000002 5
1747195896375 168.92444444444445 5
1747195896393 169.51111111111112 5
1747195896409 170.11000000000004 5
1747195896425 170.72111111111113 5
1747195896440 171.34444444444446 5
1747195896459 171.98000000000002 5
1747195896477 172.6277777777778 5
1747195896489 173.2877777777778 5
1747195896505 173.96 5
1747195896523 174.64444444444447 5
1747195896540 175.34111111111113 5
1747195896554 176.05000000000004 5
1747195896579 176.77111111111114 5
1747195896846 0.36666666666666664 6
1747195896870 1.1088888888888888 6
1747195896894 2.235555555555556 6
1747195896923 3.7555555555555555 6
1747195896960 5.675555555555556 6
1747195897001 7.755555555555556 6
1747195897022 10.034444444444444 6
1747195897040 12.665555555555557 6
1747195897059 15.655555555555557 6
1747195897076 19.011111111111113 6
1747195897094 22.73888888888889 6
1747195897114 26.845555555555556 6
1747195897133 31.34 6
1747195897155 36.23111111111111 6
1747195897173 41.14777777777778 6
1747195897191 46.44555555555556 6
1747195897208 50.601111111111116 6
1747195897227 55.001111111111115 6
1747195897245 59.64555555555556 6
1747195897262 64.53444444444445 6
1747195897278 69.66777777777777 6
1747195897298 75.04555555555557 6
1747195897314 80.66777777777777 6
1747195897330 86.53444444444445 6
1747195897347 92.64555555555556 6
1747195897363 99.00111111111113 6
1747195897380 105.60111111111112 6
1747195897397 112.44777777777782 6
1747195897414 119.54333333333335 6
1747195897430 126.89222222222224 6
1747195897448 134.49888888888893 6
1747195897466 142.3677777777778 6
1747195897483 150.50333333333336 6
1747195897502 158.91 6
1747195897521 167.08444444444447 6
1747195897540 175.00444444444446 6
1747195897557 183.14444444444447 6
1747195897574 184.5377777777778 6
1747195897590 185.96777777777783 6
1747195897608 187.4344444444445 6
1747195897623 188.9377777777778 6
1747195897641 190.4777777777778 6
1747195897656 192.05444444444447 6
1747195897672 193.66777777777781 6
1747195897689 195.31777777777782 6
1747195897705 196.44222222222226 6
1747195897723 197.59111111111116 6
1747195897740 198.76444444444448 6
1747195897755 199.96222222222227 6
1747195897771 201.1844444444445 6
1747195897788 202.43111111111114 6
1747195897807 203.70222222222225 6
1747195897827 204.9977777777778 6
1747195897842 206.3177777777778 6
1747195897857 207.66222222222225 6
1747195897873 209.03111111111113 6
1747195897890 210.42444444444445 6
1747195897907 211.84222222222223 6
1747195897923 213.28444444444446 6
1747195897940 214.01777777777778 6
1747195897956 214.76333333333335 6
1747195897973 215.52111111111114 6
1747195897989 216.29111111111112 6
1747195898006 217.07333333333335 6
1747195898021 217.8677777777778 6
1747195898037 218.67444444444448 6
1747195898054 219.49333333333337 6
1747195898070 220.32444444444448 6
1747195898086 221.1677777777778 6
1747195898103 222.02333333333337 6
1747195898119 222.89111111111112 6
1747195898137 223.77111111111114 6
1747195898368 0.36666666666666664 7
1747195898388 1.1155555555555554 7
1747195898409 2.2622222222222224 7
1747195898430 3.824444444444445 7
1747195898449 5.819999999999999 7
1747195898468 8.264444444444445 7
1747195898495 10.644444444444446 7
1747195898513 13.426666666666668 7
1747195898530 16.246666666666666 7
1747195898549 19.435555555555556 7
1747195898571 23.00444444444445 7
1747195898592 26.964444444444446 7
1747195898613 31.326666666666668 7
1747195898631 36.10222222222222 7
1747195898652 41.11888888888889 7
1747195898686 46.55888888888889 7
1747195898705 49.88333333333333 7
1747195898721 53.403333333333336 7
1747195898738 57.1188888888889 7
1747195898754 61.03 7
1747195898771 65.13666666666667 7
1747195898791 69.43888888888888 7
1747195898809 73.93666666666667 7
1747195898827 78.63000000000001 7
1747195898844 83.51888888888888 7
1747195898865 88.60333333333334 7
1747195898879 93.88333333333335 7
1747195898895 99.35888888888891 7
1747195898913 105.03222222222225 7
1747195898930 110.9077777777778 7
1747195898949 116.99000000000002 7
1747195898970 123.28333333333335 7
1747195898990 129.79222222222222 7
1747195899006 136.0588888888889 7
1747195899022 142.52444444444444 7
1747195899039 148.69111111111113 7
1747195899055 155.0355555555556 7
1747195899072 156.89333333333337 7
1747195899089 158.80000000000004 7
1747195899106 160.7555555555556 7
1747195899123 162.76000000000005 7
1747195899139 164.81333333333336 7
1747195899156 166.91555555555558 7
1747195899175 169.0666666666667 7
1747195899189 171.2666666666667 7
1747195899205 172.95333333333335 7
1747195899221 174.6766666666667 7
1747195899240 176.4366666666667 7
1747195899256 178.23333333333338 7
1747195899274 180.0666666666667 7
1747195899290 181.93666666666667 7
1747195899307 183.84333333333336 7
1747195899323 185.7866666666667 7
1747195899340 187.7666666666667 7
1747195899358 189.78333333333333 7
1747195899375 191.83666666666667 7
1747195899391 193.92666666666668 7
1747195899407 196.05333333333334 7
1747195899425 198.21666666666667 7
1747195899441 199.68333333333334 7
1747195899458 201.17444444444445 7
1747195899475 202.69 7
1747195899491 204.23000000000002 7
1747195899508 205.79444444444445 7
1747195899525 207.38333333333333 7
1747195899544 208.9966666666667 7
1747195899559 210.63444444444445 7
1747195899577 212.29666666666668 7
1747195899594 213.98333333333332 7
1747195899610 215.69444444444446 7
1747195899629 217.43 7
1747195899647 219.19 7
1747195899664 220.08222222222224 7
1747195899932 0.36666666666666664 8
1747195899955 1.1066666666666665 8
1747195899983 2.226666666666667 8
1747195900004 3.733333333333334 8
1747195900028 5.572222222222222 8
1747195900047 7.7988888888888885 8
1747195900069 9.906666666666668 8
1747195900096 12.342222222222224 8
1747195900118 15.112222222222222 8
1747195900136 18.223333333333336 8
1747195900155 21.682222222222222 8
1747195900178 25.495555555555555 8
1747195900196 29.513333333333335 8
1747195900217 33.71333333333334 8
1747195900235 38.263333333333335 8
1747195900254 42.974444444444444 8
1747195900272 46.50666666666667 8
1747195900295 50.24666666666667 8
1747195900316 54.19444444444445 8
1747195900336 58.35 8
1747195900358 62.715555555555554 8
1747195900385 67.29333333333334 8
1747195900407 72.08555555555556 8
1747195900449 77.09444444444445 8
1747195900468 82.32222222222224 8
1747195900493 87.77111111111113 8
1747195900512 93.44333333333336 8
1747195900534 99.34111111111113 8
1747195900552 105.4688888888889 8
1747195900569 111.34222222222225 8
1747195900585 117.41777777777779 8
1747195900604 123.6977777777778 8
1747195900622 130.18444444444447 8
1747195900640 136.4177777777778 8
1747195900659 142.83444444444447 8
1747195900676 149.43444444444447 8
1747195900694 156.2177777777778 8
1747195900708 159.46888888888893 8
1747195900726 162.3288888888889 8
1747195900742 165.26222222222225 8
1747195900763 168.2688888888889 8
1747195900776 171.34888888888892 8
1747195900793 174.50222222222226 8
1747195900808 177.72888888888892 8
1747195900824 180.47888888888892 8
1747195900842 183.29000000000002 8
1747195900856 186.16222222222225 8
1747195900874 189.0955555555556 8
1747195900891 192.09000000000003 8
1747195900908 195.1455555555556 8
1747195900924 198.26222222222225 8
1747195900940 201.44000000000003 8
1747195900957 204.03111111111113 8
1747195900974 206.67111111111114 8
1747195900993 209.36 8
1747195901008 212.0977777777778 8
1747195901025 214.88444444444445 8
1747195901043 217.72 8
1747195901057 220.60444444444445 8
1747195901074 222.80444444444444 8
1747195901092 225.04111111111112 8
1747195901108 227.31444444444443 8
1747195901125 229.62444444444446 8
1747195901142 231.97111111111113 8
1747195901158 233.56 8
1747195901175 235.17333333333335 8
1747195901193 236.81111111111113 8
1747195901206 238.47333333333336 8
1747195901224 240.16 8
1747195901238 241.87111111111113 8
1747195901256 243.60666666666668 8
1747195901274 245.36666666666667 8
1747195901290 246.25888888888892 8
1747195901535 0.36666666666666664 9
1747195901558 1.1066666666666665 9
1747195901584 2.226666666666667 9
1747195901607 3.733333333333334 9
1747195901628 5.578888888888889 9
1747195901647 7.598888888888889 9
1747195901669 9.818888888888889 9
1747195901685 11.961111111111112 9
1747195901703 14.071111111111112 9
1747195901721 16.44888888888889 9
1747195901737 19.101111111111113 9
1747195901753 22.034444444444446 9
1747195901769 25.255555555555556 9
1747195901785 28.77111111111111 9
1747195901804 32.40222222222222 9
1747195901822 36.324444444444445 9
1747195901839 40.03 9
1747195901858 43.98111111111111 9
1747195901878 48.177777777777784 9
1747195901895 52.62444444444444 9
1747195901916 57.321111111111115 9
1747195901934 62.263333333333335 9
1747195901954 66.63666666666667 9
1747195901973 71.19888888888889 9
1747195901992 75.94777777777777 9
1747195902011 80.0788888888889 9
1747195902026 84.3688888888889 9
1747195902042 88.81777777777779 9
1747195902059 93.42555555555556 9
1747195902075 98.19444444444447 9
1747195902092 103.1266666666667 9
1747195902109 108.22444444444446 9
1747195902126 113.49000000000001 9
1747195902142 118.92555555555556 9
1747195902160 124.53333333333335 9
1747195902175 129.81333333333333 9
1747195902192 135.24000000000004 9
1747195902208 139.42000000000002 9
1747195902226 143.23333333333338 9
1747195902242 147.14444444444447 9
1747195902258 151.15333333333336 9
1747195902274 155.26000000000005 9
1747195902291 158.9388888888889 9
1747195902306 162.70333333333335 9
1747195902323 166.55333333333334 9
1747195902339 170.4888888888889 9
1747195902356 174.51000000000005 9
1747195902373 178.6166666666667 9
1747195902389 182.8088888888889 9
1747195902405 187.08666666666667 9
1747195902422 191.45000000000002 9
1747195902439 195.8988888888889 9
1747195902455 199.7855555555556 9
1747195902474 203.74555555555557 9
1747195902489 207.7788888888889 9
1747195902506 211.88555555555556 9
1747195902523 216.06555555555553 9
1747195902539 220.3188888888889 9
1747195902556 224.64555555555552 9
1747195902572 228.3122222222222 9
1747195902591 232.04 9
1747195902607 235.82888888888888 9
1747195902626 239.6788888888889 9
1747195902639 243.59 9
1747195902655 245.97333333333333 9
1747195902673 248.39333333333335 9
1747195902690 250.85 9
1747195902708 253.34333333333333 9
1747195902724 255.87333333333333 9
1747195902739 258.44 9
1747195902756 261.04333333333335 9
1747195902772 263.68333333333334 9
1747195902788 265.46777777777777 9
1747195902805 266.3722222222222 9
1747195902822 267.2888888888889 9
1747195902838 268.21777777777777 9
1747195902856 269.1588888888889 9
1747195902873 270.1122222222222 9
1747195902892 271.0777777777778 9
1747195902908 272.05555555555554 9
1747195902924 273.04555555555555 9
1747195902945 274.04777777777775 9
1747195902961 275.0622222222222 9
1747195903206 0.36666666666666664 10
1747195903227 1.102222222222222 10
1747195903250 2.2111111111111112 10
1747195903271 3.7000000000000006 10
1747195903293 5.575555555555556 10
1747195903313 7.662222222222223 10
1747195903330 9.591111111111111 10
1747195903347 11.60888888888889 10
1747195903373 13.77888888888889 10
1747195903394 16.20111111111111 10
1747195903415 18.87777777777778 10
1747195903435 21.664444444444445 10
1747195903454 24.69777777777778 10
1747195903474 27.808888888888887 10
1747195903493 31.15888888888889 10
1747195903509 34.75 10
1747195903525 38.074444444444445 10
1747195903543 41.59444444444445 10
1747195903558 45.31000000000001 10
1747195903577 49.221111111111114 10
1747195903594 53.32777777777778 10
1747195903612 57.63 10
1747195903629 62.12777777777778 10
1747195903652 66.82111111111111 10
1747195903672 71.40444444444444 10
1747195903689 75.85333333333334 10
1747195903710 80.47333333333334 10
1747195903730 85.26666666666668 10
1747195903754 89.87888888888891 10
1747195903786 94.65222222222224 10
1747195903816 99.58666666666667 10
1747195903834 104.68222222222224 10
1747195903850 109.9388888888889 10
1747195903867 115.35666666666667 10
1747195903883 120.93555555555557 10
1747195903902 126.67555555555556 10
1747195903925 132.57666666666668 10
1747195903943 137.2455555555556 10
1747195903959 142.03888888888892 10
1747195903977 146.95666666666668 10
1747195903994 151.99888888888893 10
1747195904013 157.1655555555556 10
1747195904028 161.8955555555556 10
1747195904044 166.73555555555558 10
1747195904060 171.6855555555556 10
1747195904077 176.7455555555556 10
1747195904094 181.9155555555556 10
1747195904110 187.1955555555556 10
1747195904128 192.58555555555557 10
1747195904143 198.08555555555557 10
1747195904160 203.6955555555556 10
1747195904175 209.41555555555558 10
1747195904198 215.2455555555556 10
1747195904211 221.18555555555557 10
1747195904227 227.23555555555555 10
1747195904244 233.39555555555552 10
1747195904259 239.66555555555553 10
1747195904278 246.04555555555552 10
1747195904296 252.53555555555553 10
1747195904320 258.4022222222222 10
1747195904337 264.3666666666666 10
1747195904351 270.4288888888889 10
1747195904368 276.58888888888885 10
1747195904384 282.84666666666664 10
1747195904400 286.8188888888889 10
1747195904418 290.8522222222222 10
1747195904434 294.94666666666666 10
1747195904450 299.1022222222222 10
1747195904467 303.3188888888889 10
1747195904483 307.59666666666664 10
1747195904500 311.93555555555554 10
1747195904516 316.3355555555555 10
1747195904533 319.90444444444444 10
1747195904550 322.61777777777775 10
1747195904564 325.36777777777775 10
1747195904582 328.15444444444444 10
1747195904598 330.0366666666667 10
1747195904618 331.9433333333333 10
1747195904638 333.87444444444446 10
1747195904655 334.85222222222217 10
1747195904668 335.84222222222223 10
1747195904684 336.8444444444444 10
1747195904701 337.8588888888889 10
1747195904946 0.36666666666666664 11
1747195904967 1.1066666666666665 11
1747195904990 2.226666666666667 11
1747195905011 3.733333333333334 11
1747195905032 5.572222222222222 11
1747195905062 7.725555555555556 11
1747195905079 9.664444444444445 11
1747195905097 11.911111111111113 11
1747195905114 14.284444444444444 11
1747195905130 16.95111111111111 11
1747195905147 19.91777777777778 11
1747195905165 23.0 11
1747195905181 26.374444444444446 11
1747195905198 29.68777777777778 11
1747195905216 33.27111111111111 11
1747195905236 37.128888888888895 11
1747195905257 40.24555555555556 11
1747195905278 43.54555555555556 11
1747195905296 47.02888888888889 11
1747195905313 50.69555555555556 11
1747195905331 54.54555555555556 11
1747195905350 58.57888888888889 11
1747195905368 62.79555555555556 11
1747195905386 67.19555555555556 11
1747195905404 71.47333333333334 11
1747195905423 75.92222222222223 11
1747195905446 80.54222222222224 11
1747195905461 85.33333333333334 11
1747195905478 90.29555555555558 11
1747195905496 95.4288888888889 11
1747195905513 100.35444444444445 11
1747195905530 105.4388888888889 11
1747195905548 110.27888888888889 11
1747195905563 115.26555555555557 11
1747195905579 120.3988888888889 11
1747195905595 125.67888888888889 11
1747195905614 131.10555555555558 11
1747195905631 135.2855555555556 11
1747195905648 139.57555555555558 11
1747195905665 143.9755555555556 11
1747195905681 148.48555555555558 11
1747195905699 152.59222222222223 11
1747195905715 156.79666666666668 11
1747195905731 161.0988888888889 11
1747195905747 165.4988888888889 11
1747195905764 169.9966666666667 11
1747195905781 174.59222222222223 11
1747195905797 179.2855555555556 11
1747195905814 184.0766666666667 11
1747195905831 188.96555555555557 11
1747195905846 193.95222222222225 11
1747195905864 199.0366666666667 11
1747195905880 204.21888888888893 11
1747195905896 209.4988888888889 11
1747195905914 214.87666666666667 11
1747195905931 220.35222222222222 11
1747195905949 225.92555555555555 11
1747195905964 231.59666666666666 11
1747195905980 237.36555555555555 11
1747195905998 242.49888888888887 11
1747195906014 247.71777777777777 11
1747195906029 253.0222222222222 11
1747195906047 258.4122222222222 11
1747195906065 263.8877777777778 11
1747195906082 266.2711111111111 11
1747195906097 268.6911111111111 11
1747195906115 271.1477777777778 11
1747195906132 273.6411111111111 11
1747195906149 276.1711111111111 11
1747195906165 278.73777777777775 11
1747195906182 281.3411111111111 11
1747195906197 283.9811111111111 11
1747195906215 286.65777777777777 11
1747195906232 289.37111111111113 11
1747195906248 292.12111111111113 11
1747195906266 294.90777777777777 11
1747195906280 296.78999999999996 11
1747195906297 298.69666666666666 11
1747195906316 300.62777777777774 11
1747195906332 301.60555555555555 11
1747195906349 302.59555555555556 11
1747195906364 303.59777777777776 11
1747195906382 304.6122222222222 11
1747195906619 0.36666666666666664 12
1747195906640 1.102222222222222 12
1747195906663 2.2088888888888887 12
1747195906682 3.688888888888889 12
1747195906702 5.483333333333333 12
1747195906720 7.569999999999999 12
1747195906736 9.415555555555557 12
1747195906753 11.342222222222224 12
1747195906769 13.335555555555555 12
1747195906785 15.557777777777778 12
1747195906801 18.011111111111113 12
1747195906818 20.504444444444445 12
1747195906834 23.205555555555556 12
1747195906850 26.11444444444444 12
1747195906867 29.231111111111108 12
1747195906885 32.55555555555556 12
1747195906902 36.08777777777778 12
1747195906918 39.82777777777778 12
1747195906941 43.775555555555556 12
1747195906962 47.931111111111115 12
1747195906981 52.29666666666667 12
1747195906997 56.87444444444444 12
1747195907013 61.666666666666664 12
1747195907029 66.67555555555556 12
1747195907047 71.90333333333334 12
1747195907062 77.35222222222224 12
1747195907078 83.02444444444446 12
1747195907096 88.92222222222225 12
1747195907116 95.0477777777778 12
1747195907141 100.91444444444446 12
1747195907159 106.97666666666669 12
1747195907177 113.23444444444446 12
1747195907195 119.68777777777778 12
1747195907209 126.33666666666667 12
1747195907226 133.18111111111114 12
1747195907244 139.7811111111111 12
1747195907259 146.11222222222224 12
1747195907276 150.7566666666667 12
1747195907292 155.52333333333337 12
1747195907308 160.41222222222225 12
1747195907325 165.42333333333337 12
1747195907342 170.5566666666667 12
1747195907358 175.81222222222226 12
1747195907375 181.19000000000003 12
1747195907391 186.69000000000003 12
1747195907408 192.31222222222226 12
1747195907426 198.0566666666667 12
1747195907441 203.92333333333337 12
1747195907458 209.91222222222225 12
1747195907475 216.02333333333337 12
1747195907491 222.2566666666667 12
1747195907508 228.61222222222224 12
1747195907525 235.09000000000003 12
1747195907542 241.69 12
1747195907558 248.41222222222223 12
1747195907574 255.25666666666666 12
1747195907589 262.2233333333333 12
1747195907606 269.3122222222222 12
1747195907624 276.5233333333333 12
1747195907640 283.8566666666666 12
1747195907656 290.56666666666666 12
1747195907674 297.3866666666666 12
1747195907692 304.31666666666666 12
1747195907707 311.3566666666666 12
1747195907724 315.3288888888889 12
1747195907739 319.3622222222222 12
1747195907757 323.4566666666667 12
1747195907774 327.6122222222222 12
1747195907790 331.8288888888889 12
1747195907808 336.1066666666666 12
1747195907825 340.4455555555556 12
1747195907842 344.84555555555556 12
1747195907858 349.3066666666666 12
1747195907878 352.9244444444445 12
1747195907893 356.5911111111111 12
1747195907910 360.3066666666666 12
1747195907927 362.18888888888887 12
1747195907943 364.09555555555556 12
1747195907962 366.02666666666664 12
1747195907975 367.00444444444446 12
1747195907994 367.9944444444444 12
1747195908009 368.99666666666667 12
1747195908027 370.01111111111106 12
1747195908245 0.36666666666666664 13
1747195908263 1.0999999999999999 13
1747195908282 2.2022222222222227 13
1747195908301 3.6733333333333333 13
1747195908321 5.513333333333334 13
1747195908338 7.566666666666666 13
1747195908356 9.44888888888889 13
1747195908372 11.502222222222224 13
1747195908399 13.812222222222223 13
1747195908417 16.38111111111111 13
1747195908432 19.211111111111112 13
1747195908449 22.30666666666667 13
1747195908466 25.491111111111113 13
1747195908483 28.74222222222222 13
1747195908500 31.675555555555555 13
1747195908519 34.80444444444445 13
1747195908535 38.128888888888895 13
1747195908552 41.64888888888889 13
1747195908570 45.364444444444445 13
1747195908585 49.275555555555556 13
1747195908602 53.382222222222225 13
1747195908618 57.684444444444445 13
1747195908637 62.18222222222222 13
1747195908653 66.87555555555555 13
1747195908669 71.76444444444445 13
1747195908686 76.84888888888891 13
1747195908704 82.12888888888891 13
1747195908721 87.60444444444447 13
1747195908737 93.2777777777778 13
1747195908754 99.15111111111112 13
1747195908769 105.22666666666669 13
1747195908784 111.50666666666667 13
1747195908800 117.99333333333334 13
1747195908816 124.6888888888889 13
1747195908834 131.10555555555555 13
1747195908850 137.70555555555558 13
1747195908866 144.4911111111111 13
1747195908884 149.60666666666668 13
1747195908902 154.86333333333334 13
1747195908918 160.25888888888892 13
1747195908936 165.79111111111115 13
1747195908952 171.46000000000004 13
1747195908968 177.26555555555558 13
1747195908984 183.2077777777778 13
1747195909001 189.2866666666667 13
1747195909017 195.50222222222226 13
1747195909035 201.85444444444448 13
1747195909050 207.72111111111116 13
1747195909069 213.71000000000004 13
1747195909084 219.82111111111115 13
1747195909100 226.05444444444447 13
1747195909118 232.41000000000003 13
1747195909135 238.8877777777778 13
1747195909152 245.48777777777778 13
1747195909168 252.21 13
1747195909187 259.0544444444444 13
1747195909202 265.3244444444444 13
1747195909218 271.7044444444444 13
1747195909236 278.1944444444444 13
1747195909252 284.0611111111111 13
1747195909270 290.02555555555557 13
1747195909284 296.0877777777778 13
1747195909300 302.24777777777774 13
1747195909317 308.50555555555553 13
1747195909335 312.4777777777778 13
1747195909350 316.5111111111111 13
1747195909368 320.6055555555556 13
1747195909385 324.7611111111111 13
1747195909401 328.9777777777778 13
1747195909418 333.25555555555553 13
1747195909435 337.5944444444444 13
1747195909451 341.9944444444444 13
1747195909468 346.4555555555555 13
1747195909485 350.97777777777776 13
1747195909502 355.56111111111113 13
1747195909521 360.2055555555555 13
1747195909536 363.97 13
1747195909553 367.78333333333336 13
1747195909569 371.6455555555556 13
1747195909585 374.57888888888886 13
1747195909604 377.5488888888888 13
1747195909620 380.55555555555554 13
1747195909637 383.59888888888884 13
1747195909655 384.62555555555554 13
1747195909670 385.6644444444444 13
1747195909689 386.7155555555555 13
1747195909705 387.7811111111111 13
1747195909720 388.8611111111111 13
1747195909737 389.9555555555555 13
1747195909757 391.0644444444444 13
1747195909774 392.1877777777778 13
1747195909791 393.3255555555555 13
1747195909808 394.47777777777776 13
1747195909824 395.6444444444444 13
1747195909842 396.8255555555555 13
1747195910072 0.36666666666666664 14
1747195910093 1.111111111111111 14
1747195910113 2.244444444444445 14
1747195910132 3.777777777777778 14
1747195910151 5.722222222222222 14
1747195910170 8.08888888888889 14
1747195910187 10.54888888888889 14
1747195910204 13.311111111111112 14
1747195910221 16.284444444444446 14
1747195910237 19.64 14
1747195910263 23.388888888888893 14
1747195910287 27.34666666666667 14
1747195910308 31.69 14
1747195910326 36.254444444444445 14
1747195910341 40.84111111111111 14
1747195910358 45.79888888888889 14
1747195910375 50.11666666666667 14
1747195910392 54.723333333333336 14
1747195910412 59.623333333333335 14
1747195910428 64.17888888888889 14
1747195910446 68.98222222222222 14
1747195910464 74.03333333333333 14
1747195910480 79.33444444444444 14
1747195910505 84.88333333333334 14
1747195910529 90.67777777777778 14
1747195910546 95.76222222222223 14
1747195910568 101.04222222222225 14
1747195910584 106.51777777777781 14
1747195910601 112.18888888888891 14
1747195910616 118.0577777777778 14
1747195910632 124.12888888888891 14
1747195910650 130.40444444444447 14
1747195910666 136.48555555555558 14
1747195910683 142.76777777777778 14
1747195910701 149.25333333333336 14
1747195910719 155.45555555555558 14
1747195910734 161.8488888888889 14
1747195910749 166.09333333333336 14
1747195910766 170.46111111111114 14
1747195910783 174.95000000000002 14
1747195910798 179.55777777777783 14
1747195910815 184.28222222222226 14
1747195910833 189.12111111111113 14
1747195910849 194.07444444444448 14
1747195910867 199.14000000000001 14
1747195910882 204.31777777777782 14
1747195910898 209.6077777777778 14
1747195910918 215.01000000000005 14
1747195910932 220.52444444444447 14
1747195910949 226.15333333333334 14
1747195910968 231.89666666666668 14
1747195910984 237.7566666666667 14
1747195910998 243.73555555555558 14
1747195911015 249.83333333333334 14
1747195911031 256.0522222222222 14
1747195911045 262.39444444444445 14
1747195911063 267.96777777777777 14
1747195911078 273.63888888888886 14
1747195911094 279.40777777777777 14
1747195911112 285.27444444444444 14
1747195911129 290.4933333333333 14
1747195911145 295.79777777777775 14
1747195911163 301.1877777777778 14
1747195911176 306.6633333333333 14
1747195911193 309.0466666666667 14
1747195911211 311.46666666666664 14
1747195911228 313.92333333333335 14
1747195911246 316.4166666666667 14
1747195911261 318.94666666666666 14
1747195911277 321.5133333333333 14
1747195911294 324.1166666666667 14
1747195911311 326.7566666666666 14
1747195911327 329.43333333333334 14
1747195911344 332.14666666666665 14
1747195911361 334.89666666666665 14
1747195911381 337.68333333333334 14
1747195911395 340.5066666666666 14
1747195911412 343.3666666666667 14
1747195911428 346.2633333333333 14
1747195911445 349.19666666666666 14
1747195911463 352.1666666666667 14
1747195911479 355.1733333333333 14
1747195911495 358.21666666666664 14
1747195911513 359.2433333333333 14
1747195911529 360.2822222222222 14
1747195911545 361.3333333333333 14
1747195911565 362.39888888888885 14
1747195911596 363.4788888888889 14
1747195911616 364.5733333333333 14
1747195911636 365.68222222222215 14
1747195911665 366.80555555555554 14
1747195911684 367.9433333333333 14
1747195911701 369.09555555555556 14
1747195911721 370.26222222222225 14
1747195911735 371.4433333333333 14
1747195912020 0.36666666666666664 15
1747195912044 1.102222222222222 15
1747195912070 2.2088888888888887 15
1747195912088 3.688888888888889 15
1747195912106 5.361111111111112 15
1747195912122 7.374444444444445 15
1747195912139 9.38888888888889 15
1747195912156 11.504444444444447 15
1747195912174 13.894444444444444 15
1747195912190 16.561111111111114 15
1747195912207 19.372222222222224 15
1747195912224 22.454444444444444 15
1747195912241 25.81222222222222 15
1747195912256 29.094444444444445 15
1747195912273 32.62777777777778 15
1747195912290 36.41444444444445 15
1747195912306 39.94666666666667 15
1747195912323 43.686666666666675 15
1747195912340 47.63444444444445 15
1747195912359 51.79 15
1747195912374 56.153333333333336 15
1747195912390 60.724444444444444 15
1747195912406 65.50333333333334 15
1747195912426 70.49 15
1747195912441 75.68444444444444 15
1747195912456 80.7688888888889 15
1747195912479 86.04888888888891 15
1747195912493 91.18222222222224 15
1747195912509 96.4988888888889 15
1747195912529 101.9988888888889 15
1747195912545 107.68222222222224 15
1747195912563 113.54888888888891 15
1747195912588 119.59888888888891 15
1747195912611 125.83222222222224 15
1747195912629 132.2488888888889 15
1747195912649 138.8488888888889 15
1747195912665 145.63222222222223 15
1747195912682 151.20555555555558 15
1747195912698 156.9277777777778 15
1747195912715 162.80111111111117 15
1747195912738 168.82777777777784 15
1747195912754 174.49666666666673 15
1747195912771 180.31111111111113 15
1747195912787 186.27333333333337 15
1747195912804 192.38333333333335 15
1747195912822 198.64111111111114 15
1747195912836 205.0444444444445 15
1747195912856 211.59111111111116 15
1747195912874 218.28333333333336 15
1747195912888 225.12111111111113 15
1747195912906 232.10666666666668 15
1747195912923 239.24222222222224 15
1747195912939 246.53000000000003 15
1747195912957 253.97222222222223 15
1747195912973 261.56888888888886 15
1747195912991 268.4133333333333 15
1747195913006 275.38 15
1747195913022 282.46888888888884 15
1747195913042 289.68 15
1747195913057 297.0133333333333 15
1747195913074 303.7233333333333 15
1747195913092 310.5433333333333 15
1747195913110 317.4733333333333 15
1747195913128 324.5133333333333 15
1747195913147 329.28 15
1747195913163 334.12222222222226 15
1747195913182 339.04 15
1747195913196 344.03333333333336 15
1747195913213 349.1022222222222 15
1747195913230 354.24666666666667 15
1747195913246 359.46666666666664 15
1747195913264 364.76222222222225 15
1747195913279 370.1333333333333 15
1747195913296 375.58 15
1747195913311 381.1022222222222 15
1747195913330 384.84222222222223 15
1747195913346 388.6333333333333 15
1747195913364 392.47555555555556 15
1747195913379 396.3688888888889 15
1747195913396 400.3155555555556 15
1747195913410 404.31777777777774 15
1747195913429 408.37555555555554 15
1747195913446 412.4888888888889 15
1747195913463 414.60222222222217 15
1747195913479 416.7422222222222 15
1747195913495 418.9088888888889 15
1747195913511 421.1044444444444 15
1747195913532 423.3288888888889 15
1747195913546 425.58222222222224 15
1747195913565 427.8644444444444 15
1747195913581 428.98777777777775 15
1747195913598 430.12555555555554 15
1747195913615 431.27777777777777 15
1747195913633 432.44444444444446 15
1747195913648 433.62555555555554 15
1747195913887 0.36666666666666664 16
1747195913908 1.0999999999999999 16
1747195913929 2.2022222222222227 16
1747195913947 3.6733333333333333 16
1747195913967 5.513333333333334 16
1747195913999 7.640000000000001 16
1747195914016 9.864444444444445 16
1747195914033 12.308888888888891 16
1747195914049 15.05888888888889 16
1747195914065 18.114444444444448 16
1747195914082 21.47555555555556 16
1747195914099 24.995555555555555 16
1747195914116 28.808888888888887 16
1747195914133 32.74444444444445 16
1747195914153 36.77777777777778 16
1747195914168 41.080000000000005 16
1747195914184 45.65111111111111 16
1747195914202 50.49111111111111 16
1747195914221 55.6 16
1747195914238 60.977777777777774 16
1747195914254 66.62666666666667 16
1747195914272 72.5488888888889 16
1747195914290 78.74666666666667 16
1747195914308 85.22222222222221 16
1747195914325 91.97777777777779 16
1747195914344 99.01555555555557 16
1747195914361 106.33555555555557 16
1747195914382 113.59555555555558 16
1747195914399 121.12555555555558 16
1747195914416 128.9277777777778 16
1747195914433 137.00000000000003 16
1747195914449 145.34222222222223 16
1747195914468 153.40888888888892 16
1747195914489 161.72 16
1747195914505 170.27555555555557 16
1747195914522 179.07555555555558 16
1747195914540 188.12000000000003 16
1747195914558 194.62222222222226 16
1747195914575 201.29555555555558 16
1747195914592 208.14000000000004 16
1747195914607 215.15555555555562 16
1747195914625 222.34222222222226 16
1747195914643 229.70000000000002 16
1747195914658 237.22888888888892 16
1747195914675 244.92888888888893 16
1747195914691 252.80000000000004 16
1747195914707 260.8422222222223 16
1747195914726 269.0555555555556 16
1747195914742 277.44 16
1747195914758 285.9955555555556 16
1747195914774 294.0988888888889 16
1747195914790 302.36111111111114 16
1747195914808 310.78222222222223 16
1747195914829 319.3622222222222 16
1747195914848 327.4311111111111 16
1747195914865 335.6511111111111 16
1747195914880 344.0222222222222 16
1747195914896 352.5444444444444 16
1747195914916 361.21777777777777 16
1747195914930 370.03999999999996 16
1747195914946 379.01111111111106 16
1747195914966 388.13111111111107 16
1747195914986 396.63 16
1747195915005 405.2655555555556 16
1747195915020 410.85999999999996 16
1747195915043 416.5444444444445 16
1747195915057 422.3188888888889 16
1747195915074 428.18333333333334 16
1747195915088 434.1377777777778 16
1747195915106 440.18222222222226 16
1747195915123 445.4488888888889 16
1747195915139 450.7933333333333 16
1747195915156 456.21555555555557 16
1747195915174 461.71555555555557 16
1747195915192 467.29333333333335 16
1747195915214 472.9511111111111 16
1747195915228 478.6911111111111 16
1747195915245 484.5155555555555 16
1747195915262 490.4266666666666 16
1747195915278 496.4244444444445 16
1747195915295 502.51111111111106 16
1747195915312 508.6844444444444 16
1747195915328 513.93 16
1747195915345 518.2211111111111 16
1747195915362 522.5699999999999 16
1747195915378 525.7877777777778 16
1747195915396 529.0466666666666 16
1747195915415 532.3466666666667 16
1747195915432 535.6877777777778 16
1747195915445 539.07 16
1747195915464 541.3055555555555 16
1747195915478 543.5677777777778 16
1747195915495 545.8566666666667 16
1747195915517 548.1722222222222 16
1747195915528 550.5144444444445 16
1747195915547 551.6877777777777 16
1747195915782 0.36666666666666664 17
1747195915800 1.1044444444444443 17
1747195915818 2.2177777777777776 17
1747195915837 3.7111111111111112 17
1747195915856 5.588888888888889 17
1747195915874 7.70888888888889 17
1747195915889 10.026666666666667 17
1747195915906 12.693333333333333 17
1747195915922 15.523333333333333 17
1747195915945 18.67888888888889 17
1747195915970 22.162222222222226 17
1747195915989 25.975555555555555 17
1747195916009 30.123333333333335 17
1747195916033 34.43222222222222 17
1747195916060 39.065555555555555 17
1747195916077 44.025555555555556 17
1747195916096 48.80444444444445 17
1747195916114 53.864444444444445 17
1747195916132 59.205555555555556 17
1747195916150 64.82777777777777 17
1747195916168 70.73333333333333 17
1747195916185 76.92444444444443 17
1747195916205 83.40333333333334 17
1747195916227 90.17222222222222 17
1747195916245 97.23333333333333 17
1747195916262 104.5888888888889 17
1747195916279 112.2388888888889 17
1747195916297 120.18777777777781 17
1747195916318 128.4377777777778 17
1747195916340 136.9911111111111 17
1747195916358 145.85000000000002 17
1747195916381 155.0166666666667 17
1747195916398 164.4911111111111 17
1747195916415 174.27111111111114 17
1747195916431 184.36111111111114 17
1747195916447 194.76555555555558 17
1747195916466 205.0055555555556 17
1747195916483 211.0566666666667 17
1747195916498 217.2688888888889 17
1747195916515 223.64222222222227 17
1747195916531 230.1766666666667 17
1747195916547 236.87222222222226 17
1747195916567 243.72888888888892 17
1747195916581 250.7466666666667 17
1747195916597 257.9255555555556 17
1747195916614 265.2655555555556 17
1747195916630 272.7666666666667 17
1747195916646 280.42888888888893 17
1747195916663 287.6533333333334 17
1747195916685 295.0266666666667 17
1747195916702 302.5488888888889 17
1747195916720 310.22 17
1747195916738 318.04 17
1747195916754 326.00888888888886 17
1747195916771 334.12666666666667 17
1747195916789 342.3933333333333 17
1747195916806 350.8088888888889 17
1747195916824 359.37555555555554 17
1747195916839 368.09555555555556 17
1747195916855 376.9711111111111 17
1747195916873 385.2566666666666 17
1747195916889 393.68555555555554 17
1747195916905 402.25555555555553 17
1747195916921 410.9644444444445 17
1747195916938 415.8377777777778 17
1747195916956 420.78888888888895 17
1747195916971 425.81777777777785 17
1747195916990 430.9244444444445 17
1747195917008 436.1088888888889 17
1747195917025 441.37111111111113 17
1747195917040 446.7133333333333 17
1747195917059 452.1377777777778 17
1747195917091 456.75444444444446 17
1747195917109 461.4433333333333 17
1747195917125 466.20444444444445 17
1747195917142 471.03777777777776 17
1747195917160 475.9433333333333 17
1747195917176 480.9211111111111 17
1747195917192 485.9711111111111 17
1747195917210 489.91777777777776 17
1747195917229 493.92 17
1747195917244 497.9777777777778 17
1747195917260 502.0911111111111 17
1747195917277 506.2577777777778 17
1747195917295 510.47555555555556 17
1747195917309 513.6933333333333 17
1747195917326 516.9522222222223 17
1747195917343 520.2522222222223 17
1747195917367 523.5933333333334 17
1747195917381 526.9755555555555 17
1747195917397 529.2111111111111 17
1747195917414 531.4733333333334 17
1747195917434 533.7622222222222 17
1747195917447 536.0777777777778 17
1747195917464 538.42 17
1747195917482 539.5933333333334 17
1747195917750 0.36666666666666664 18
1747195917775 1.102222222222222 18
1747195917798 2.2088888888888887 18
1747195917820 3.6911111111111117 18
1747195917844 5.553333333333333 18
1747195917867 7.7266666666666675 18
1747195917891 10.015555555555556 18
1747195917912 12.411111111111113 18
1747195917934 14.994444444444444 18
1747195917951 17.86111111111111 18
1747195917970 21.011111111111113 18
1747195917993 24.444444444444446 18
1747195918013 28.16111111111111 18
1747195918030 32.163333333333334 18
1747195918051 36.08222222222222 18
1747195918070 40.26444444444444 18
1747195918089 44.71222222222222 18
1747195918109 49.427777777777784 18
1747195918130 54.413333333333334 18
1747195918146 59.67111111111112 18
1747195918163 65.2011111111111 18
1747195918186 71.00555555555555 18
1747195918209 77.08666666666666 18
1747195918228 83.44666666666667 18
1747195918245 90.08777777777779 18
1747195918263 97.01222222222223 18
1747195918279 104.22222222222223 18
1747195918295 111.3777777777778 18
1747195918313 118.81111111111113 18
1747195918332 126.52444444444447 18
1747195918350 133.7366666666667 18
1747195918367 141.19444444444446 18
1747195918384 148.09555555555556 18
1747195918400 155.22666666666666 18
1747195918417 162.59000000000003 18
1747195918436 169.6855555555556 18
1747195918456 176.99000000000004 18
1747195918474 183.11222222222224 18
1747195918490 189.40888888888892 18
1747195918508 195.87777777777782 18
1747195918524 202.51666666666674 18
1747195918539 209.32333333333335 18
1747195918556 216.30000000000004 18
1747195918573 222.90888888888892 18
1747195918589 229.67333333333335 18
1747195918604 236.59333333333336 18
1747195918621 243.66666666666669 18
1747195918638 250.8955555555556 18
1747195918655 258.2822222222223 18
1747195918672 265.8288888888889 18
1747195918687 273.53777777777776 18
1747195918704 281.4088888888889 18
1747195918721 289.44444444444446 18
1747195918737 297.6488888888889 18
1747195918752 306.02444444444444 18
1747195918770 313.8288888888889 18
1747195918786 321.78333333333336 18
1747195918803 329.89 18
1747195918818 338.1511111111111 18
1747195918839 346.5644444444444 18
1747195918852 354.38444444444445 18
1747195918868 362.3444444444444 18
1747195918884 369.27444444444444 18
1747195918900 376.3144444444444 18
1747195918918 381.08111111111106 18
1747195918936 385.92333333333335 18
1747195918950 390.8411111111111 18
1747195918969 395.83444444444444 18
1747195918986 400.90333333333336 18
1747195919003 406.04777777777775 18
1747195919020 411.2677777777778 18
1747195919042 416.56333333333333 18
1747195919075 421.9344444444444 18
1747195919087 427.38111111111107 18
1747195919104 432.90333333333336 18
1747195919121 438.5011111111111 18
1747195919138 444.1744444444445 18
1747195919155 448.96999999999997 18
1747195919171 452.86333333333334 18
1747195919188 456.81 18
1747195919205 460.8122222222222 18
1747195919224 464.86999999999995 18
1747195919238 468.98333333333335 18
1747195919255 473.1499999999999 18
1747195919272 477.36777777777775 18
1747195919287 481.6366666666666 18
1747195919305 485.9588888888889 18
1747195919323 490.33444444444444 18
1747195919338 494.7633333333333 18
1747195919354 499.24555555555554 18
1747195919371 502.5933333333333 18
1747195919386 505.97999999999996 18
1747195919403 509.4055555555555 18
1747195919420 512.87 18
1747195919437 516.3733333333333 18
1747195919454 518.7199999999999 18
1747195919471 519.9055555555556 18
1747195919492 521.1033333333332 18
1747195919504 522.3133333333333 18
1747195919521 523.5355555555556 18
1747195919537 524.77 18
1747195919554 526.0166666666667 18
1747195919812 0.36666666666666664 19
1747195919843 1.1044444444444443 19
1747195919866 2.2222222222222223 19
1747195919899 3.72 19
1747195919931 5.6 19
1747195919949 7.555555555555556 19
1747195919969 9.592222222222224 19
1747195919986 11.934444444444445 19
1747195920005 14.586666666666668 19
1747195920038 17.553333333333335 19
1747195920062 20.633333333333336 19
1747195920081 24.006666666666668 19
1747195920099 27.516666666666666 19
1747195920116 31.31222222222222 19
1747195920132 35.02888888888889 19
1747195920148 39.011111111111106 19
1747195920165 42.75111111111111 19
1747195920181 46.711111111111116 19
1747195920197 50.89111111111111 19
1747195920213 55.291111111111114 19
1747195920233 59.913333333333334 19
1747195920254 64.76 19
1747195920270 69.83333333333333 19
1747195920287 75.13555555555556 19
1747195920303 80.66888888888889 19
1747195920319 86.43555555555557 19
1747195920335 92.43555555555557 19
1747195920353 98.32666666666668 19
1747195920369 104.4388888888889 19
1747195920385 110.77000000000001 19
1747195920402 117.31777777777779 19
1747195920420 124.08222222222224 19
1747195920436 130.66222222222223 19
1747195920454 137.44888888888892 19
1747195920469 144.44444444444446 19
1747195920484 151.06 19
1747195920500 157.8677777777778 19
1747195920517 163.01222222222225 19
1747195920535 167.8277777777778 19
1747195920550 172.78111111111113 19
1747195920566 177.29111111111115 19
1747195920586 181.91111111111113 19
1747195920599 186.64111111111114 19
1747195920616 191.48111111111115 19
1747195920632 196.43111111111114 19
1747195920649 201.49111111111114 19
1747195920666 206.66111111111113 19
1747195920684 211.94111111111116 19
1747195920699 217.33111111111114 19
1747195920715 222.83111111111114 19
1747195920732 228.44111111111116 19
1747195920748 234.16111111111113 19
1747195920765 239.99111111111114 19
1747195920787 245.9311111111111 19
1747195920802 251.98111111111112 19
1747195920820 258.1411111111111 19
1747195920835 264.4111111111111 19
1747195920851 270.7911111111111 19
1747195920867 277.2811111111111 19
1747195920885 283.88111111111107 19
1747195920900 290.5911111111111 19
1747195920918 297.4111111111111 19
1747195920935 304.3433333333333 19
1747195920950 311.39000000000004 19
1747195920968 316.17 19
1747195920982 321.02777777777777 19
1747195921002 325.9611111111111 19
1747195921016 330.97 19
1747195921031 336.0544444444444 19
1747195921048 341.21444444444444 19
1747195921065 346.45 19
1747195921082 351.76111111111106 19
1747195921098 357.1477777777778 19
1747195921115 362.60999999999996 19
1747195921131 368.14777777777783 19
1747195921148 373.7633333333333 19
1747195921165 379.4588888888889 19
1747195921182 385.2344444444444 19
1747195921198 391.09 19
1747195921214 395.97888888888883 19
1747195921232 400.9288888888889 19
1747195921248 405.93999999999994 19
1747195921265 409.99777777777774 19
1747195921280 414.1044444444444 19
1747195921297 418.26 19
1747195921318 422.46444444444444 19
1747195921333 426.72 19
1747195921351 431.02666666666664 19
1747195921364 435.38444444444445 19
1747195921433 439.7933333333333 19
1747195921451 444.25333333333333 19
1747195921466 448.7644444444444 19
1747195921483 453.32666666666665 19
1747195921499 457.93999999999994 19
1747195921516 462.6044444444444 19
1747195921531 466.12444444444446 19
1747195921548 468.49555555555554 19
1747195921563 470.8911111111111 19
1747195921581 472.1011111111111 19
1747195921596 473.3233333333333 19
1747195921614 474.5577777777778 19
1747195921631 475.8044444444444 19
1747195921853 0.36666666666666664 20
1747195921872 1.1066666666666665 20
1747195921890 2.226666666666667 20
1747195921908 3.733333333333334 20
1747195921926 5.572222222222222 20
1747195921943 7.725555555555556 20
1747195921959 10.092222222222224 20
1747195921976 12.73 20
1747195921992 15.353333333333333 20
1747195922009 18.28666666666667 20
1747195922024 21.400000000000002 20
1747195922041 24.62666666666667 20
1747195922057 28.136666666666667 20
1747195922073 31.932222222222222 20
1747195922090 36.013333333333335 20
1747195922107 40.382222222222225 20
1747195922124 45.041111111111114 20
1747195922139 49.992222222222225 20
1747195922156 55.23777777777778 20
1747195922174 60.78 20
1747195922191 66.62333333333333 20
1747195922208 72.77 20
1747195922224 79.22222222222221 20
1747195922239 85.68666666666667 20
1747195922256 92.44666666666667 20
1747195922273 98.53111111111113 20
1747195922290 104.86111111111113 20
1747195922307 111.09444444444446 20
1747195922325 117.55888888888892 20
1747195922342 124.25444444444446 20
1747195922358 131.18111111111114 20
1747195922376 138.3388888888889 20
1747195922394 145.73000000000002 20
1747195922411 153.35444444444448 20
1747195922426 161.21444444444447 20
1747195922443 168.81 20
1747195922459 176.61555555555557 20
1747195922476 180.91555555555558 20
1747195922494 185.3277777777778 20
1747195922519 189.85222222222225 20
1747195922531 194.49111111111114 20
1747195922547 199.24666666666673 20
1747195922564 204.12111111111113 20
1747195922583 209.1166666666667 20
1747195922599 214.23555555555558 20
1747195922616 218.91555555555558 20
1747195922631 223.70444444444448 20
1747195922648 228.60000000000002 20
1747195922664 233.60000000000002 20
1747195922679 238.70444444444448 20
1747195922696 243.91111111111113 20
1747195922713 249.22 20
1747195922730 254.62888888888892 20
1747195922748 260.1377777777778 20
1747195922765 265.74666666666667 20
1747195922779 271.4555555555555 20
1747195922796 277.2644444444444 20
1747195922815 283.1733333333333 20
1747195922830 289.18222222222215 20
1747195922847 295.2911111111111 20
1747195922865 301.5 20
1747195922880 307.8088888888889 20
1747195922896 314.21777777777777 20
1747195922914 320.72666666666663 20
1747195922928 324.95222222222225 20
1747195922944 329.24111111111114 20
1747195922961 333.59333333333336 20
1747195922979 338.00888888888886 20
1747195922995 342.48777777777775 20
1747195923012 347.03 20
1747195923028 351.6355555555555 20
1747195923045 356.3044444444444 20
1747195923063 360.14444444444445 20
1747195923080 364.0355555555555 20
1747195923097 367.9777777777778 20
1747195923112 370.7644444444444 20
1747195923130 373.5877777777778 20
1747195923146 376.44777777777773 20
1747195923163 379.3444444444444 20
1747195923180 382.2777777777777 20
1747195923197 385.24777777777774 20
1747195923215 388.25444444444446 20
1747195923230 391.29777777777775 20
1747195923244 394.37777777777774 20
1747195923263 397.4944444444444 20
1747195923278 400.6477777777778 20
1747195923294 403.8377777777778 20
1747195923310 407.0644444444444 20
1747195923326 410.3277777777778 20
1747195923345 413.6277777777778 20
1747195923360 416.96444444444444 20
1747195923376 420.3377777777778 20
1747195923393 423.74777777777774 20
1747195923410 427.1944444444444 20
1747195923425 430.67777777777775 20
1747195923442 434.19777777777773 20
1747195923458 436.56888888888886 20
1747195923478 438.96444444444444 20
1747195923493 440.1744444444445 20
1747195923509 441.39666666666665 20
1747195923527 442.63111111111107 20
1747195923543 443.87777777777774 20
1747195923755 0.36666666666666664 21
