1747195891784 1.0 1
1747195891809 2.0 1
1747195891830 3.0 1
1747195891848 4.0 1
1747195891868 5.0 1
1747195891885 6.0 1
1747195891903 7.0 1
1747195891920 8.0 1
1747195891936 9.0 1
1747195891953 10.0 1
1747195891973 11.0 1
1747195891991 12.0 1
1747195892012 13.0 1
1747195892028 14.0 1
1747195892046 15.0 1
1747195892063 16.0 1
1747195892080 17.0 1
1747195892097 18.0 1
1747195892114 19.0 1
1747195892128 20.0 1
1747195892146 21.0 1
1747195892162 22.0 1
1747195892179 23.0 1
1747195892195 24.0 1
1747195892212 25.0 1
1747195892228 26.0 1
1747195892247 27.0 1
1747195892262 28.0 1
1747195892278 29.0 1
1747195892295 30.0 1
1747195892310 31.0 1
1747195892327 32.0 1
1747195892344 33.0 1
1747195892361 34.0 1
1747195892377 35.0 1
1747195892395 36.0 1
1747195892409 37.0 1
1747195892659 1.0 2
1747195892682 2.0 2
1747195892705 3.0 2
1747195892727 4.0 2
1747195892746 5.0 2
1747195892766 6.0 2
1747195892785 7.0 2
1747195892802 8.0 2
1747195892819 9.0 2
1747195892836 10.0 2
1747195892854 11.0 2
1747195892870 12.0 2
1747195892895 13.0 2
1747195892929 14.0 2
1747195892965 15.0 2
1747195892987 16.0 2
1747195893004 17.0 2
1747195893021 18.0 2
1747195893037 19.0 2
1747195893053 20.0 2
1747195893071 21.0 2
1747195893087 22.0 2
1747195893103 23.0 2
1747195893119 24.0 2
1747195893138 25.0 2
1747195893160 26.0 2
1747195893177 27.0 2
1747195893195 28.0 2
1747195893210 29.0 2
1747195893229 30.0 2
1747195893245 31.0 2
1747195893261 32.0 2
1747195893279 33.0 2
1747195893297 34.0 2
1747195893313 35.0 2
1747195893332 36.0 2
1747195893349 37.0 2
1747195893602 1.0 3
1747195893624 2.0 3
1747195893646 3.0 3
1747195893667 4.0 3
1747195893689 5.0 3
1747195893711 6.0 3
1747195893757 7.0 3
1747195893781 8.0 3
1747195893801 9.0 3
1747195893820 10.0 3
1747195893843 11.0 3
1747195893862 12.0 3
1747195893886 13.0 3
1747195893917 14.0 3
1747195893941 15.0 3
1747195893958 16.0 3
1747195893976 17.0 3
1747195893995 18.0 3
1747195894013 19.0 3
1747195894029 20.0 3
1747195894050 21.0 3
1747195894069 22.0 3
1747195894090 23.0 3
1747195894109 24.0 3
1747195894125 25.0 3
1747195894141 26.0 3
1747195894159 27.0 3
1747195894178 28.0 3
1747195894196 29.0 3
1747195894214 30.0 3
1747195894231 31.0 3
1747195894246 32.0 3
1747195894263 33.0 3
1747195894281 34.0 3
1747195894299 35.0 3
1747195894319 36.0 3
1747195894337 37.0 3
1747195894587 1.0 4
1747195894613 2.0 4
1747195894638 3.0 4
1747195894658 4.0 4
1747195894678 5.0 4
1747195894696 6.0 4
1747195894715 7.0 4
1747195894732 8.0 4
1747195894753 9.0 4
1747195894770 10.0 4
1747195894786 11.0 4
1747195894803 12.0 4
1747195894821 13.0 4
1747195894840 14.0 4
1747195894858 15.0 4
1747195894876 16.0 4
1747195894901 17.0 4
1747195894928 18.0 4
1747195894946 19.0 4
1747195894961 20.0 4
1747195894978 21.0 4
1747195894996 22.0 4
1747195895013 23.0 4
1747195895029 24.0 4
1747195895044 25.0 4
1747195895061 26.0 4
1747195895078 27.0 4
1747195895094 28.0 4
1747195895109 29.0 4
1747195895125 30.0 4
1747195895143 31.0 4
1747195895164 32.0 4
1747195895180 33.0 4
1747195895198 34.0 4
1747195895215 35.0 4
1747195895231 36.0 4
1747195895250 37.0 4
1747195895482 1.0 5
1747195895503 2.0 5
1747195895524 3.0 5
1747195895547 4.0 5
1747195895567 5.0 5
1747195895587 6.0 5
1747195895604 7.0 5
1747195895625 8.0 5
1747195895643 9.0 5
1747195895661 10.0 5
1747195895683 11.0 5
1747195895702 12.0 5
1747195895720 13.0 5
1747195895744 14.0 5
1747195895760 15.0 5
1747195895777 16.0 5
1747195895795 17.0 5
1747195895812 18.0 5
1747195895832 19.0 5
1747195895851 20.0 5
1747195895867 21.0 5
1747195895888 22.0 5
1747195895912 23.0 5
1747195895936 24.0 5
1747195895954 25.0 5
1747195895978 26.0 5
1747195895995 27.0 5
1747195896012 28.0 5
1747195896033 29.0 5
1747195896052 30.0 5
1747195896069 31.0 5
1747195896088 32.0 5
1747195896113 33.0 5
1747195896147 34.0 5
1747195896165 35.0 5
1747195896182 36.0 5
1747195896198 37.0 5
1747195896216 38.0 5
1747195896233 39.0 5
1747195896248 40.0 5
1747195896267 41.0 5
1747195896288 42.0 5
1747195896307 43.0 5
1747195896324 44.0 5
1747195896341 45.0 5
1747195896357 46.0 5
1747195896374 47.0 5
1747195896391 48.0 5
1747195896407 49.0 5
1747195896423 50.0 5
1747195896439 51.0 5
1747195896457 52.0 5
1747195896473 53.0 5
1747195896487 54.0 5
1747195896504 55.0 5
1747195896521 56.0 5
1747195896538 57.0 5
1747195896552 58.0 5
1747195896574 59.0 5
1747195896845 1.0 6
1747195896868 2.0 6
1747195896893 3.0 6
1747195896919 4.0 6
1747195896958 5.0 6
1747195896998 6.0 6
1747195897020 7.0 6
1747195897038 8.0 6
1747195897057 9.0 6
1747195897075 10.0 6
1747195897092 11.0 6
1747195897112 12.0 6
1747195897131 13.0 6
1747195897152 14.0 6
1747195897171 15.0 6
1747195897190 16.0 6
1747195897207 17.0 6
1747195897225 18.0 6
1747195897243 19.0 6
1747195897261 20.0 6
1747195897277 21.0 6
1747195897296 22.0 6
1747195897312 23.0 6
1747195897329 24.0 6
1747195897346 25.0 6
1747195897362 26.0 6
1747195897379 27.0 6
1747195897396 28.0 6
1747195897412 29.0 6
1747195897428 30.0 6
1747195897447 31.0 6
1747195897464 32.0 6
1747195897482 33.0 6
1747195897500 34.0 6
1747195897519 35.0 6
1747195897538 36.0 6
1747195897555 37.0 6
1747195897572 38.0 6
1747195897589 39.0 6
1747195897606 40.0 6
1747195897622 41.0 6
1747195897639 42.0 6
1747195897655 43.0 6
1747195897671 44.0 6
1747195897688 45.0 6
1747195897704 46.0 6
1747195897721 47.0 6
1747195897739 48.0 6
1747195897753 49.0 6
1747195897770 50.0 6
1747195897787 51.0 6
1747195897805 52.0 6
1747195897824 53.0 6
1747195897839 54.0 6
1747195897856 55.0 6
1747195897872 56.0 6
1747195897888 57.0 6
1747195897905 58.0 6
1747195897921 59.0 6
1747195897938 60.0 6
1747195897955 61.0 6
1747195897971 62.0 6
1747195897988 63.0 6
1747195898004 64.0 6
1747195898019 65.0 6
1747195898035 66.0 6
1747195898053 67.0 6
1747195898069 68.0 6
1747195898085 69.0 6
1747195898102 70.0 6
1747195898119 71.0 6
1747195898136 72.0 6
1747195898367 1.0 7
1747195898387 2.0 7
1747195898408 3.0 7
1747195898429 4.0 7
1747195898447 5.0 7
1747195898466 6.0 7
1747195898493 7.0 7
1747195898511 8.0 7
1747195898529 9.0 7
1747195898548 10.0 7
1747195898570 11.0 7
1747195898591 12.0 7
1747195898612 13.0 7
1747195898629 14.0 7
1747195898649 15.0 7
1747195898684 16.0 7
1747195898703 17.0 7
1747195898719 18.0 7
1747195898736 19.0 7
1747195898752 20.0 7
1747195898769 21.0 7
1747195898790 22.0 7
1747195898808 23.0 7
1747195898824 24.0 7
1747195898842 25.0 7
1747195898861 26.0 7
1747195898878 27.0 7
1747195898894 28.0 7
1747195898911 29.0 7
1747195898929 30.0 7
1747195898947 31.0 7
1747195898967 32.0 7
1747195898989 33.0 7
1747195899004 34.0 7
1747195899020 35.0 7
1747195899038 36.0 7
1747195899054 37.0 7
1747195899071 38.0 7
1747195899088 39.0 7
1747195899104 40.0 7
1747195899120 41.0 7
1747195899137 42.0 7
1747195899155 43.0 7
1747195899172 44.0 7
1747195899187 45.0 7
1747195899203 46.0 7
1747195899220 47.0 7
1747195899239 48.0 7
1747195899254 49.0 7
1747195899272 50.0 7
1747195899289 51.0 7
1747195899306 52.0 7
1747195899322 53.0 7
1747195899339 54.0 7
1747195899356 55.0 7
1747195899373 56.0 7
1747195899389 57.0 7
1747195899406 58.0 7
1747195899423 59.0 7
1747195899439 60.0 7
1747195899457 61.0 7
1747195899474 62.0 7
1747195899489 63.0 7
1747195899506 64.0 7
1747195899523 65.0 7
1747195899541 66.0 7
1747195899557 67.0 7
1747195899574 68.0 7
1747195899592 69.0 7
1747195899608 70.0 7
1747195899628 71.0 7
1747195899646 72.0 7
1747195899662 73.0 7
1747195899931 1.0 8
1747195899954 2.0 8
1747195899982 3.0 8
1747195900004 4.0 8
1747195900027 5.0 8
1747195900045 6.0 8
1747195900066 7.0 8
1747195900094 8.0 8
1747195900116 9.0 8
1747195900136 10.0 8
1747195900154 11.0 8
1747195900176 12.0 8
1747195900195 13.0 8
1747195900215 14.0 8
1747195900233 15.0 8
1747195900252 16.0 8
1747195900270 17.0 8
1747195900293 18.0 8
1747195900313 19.0 8
1747195900334 20.0 8
1747195900356 21.0 8
1747195900382 22.0 8
1747195900405 23.0 8
1747195900443 24.0 8
1747195900466 25.0 8
1747195900491 26.0 8
1747195900510 27.0 8
1747195900531 28.0 8
1747195900551 29.0 8
1747195900567 30.0 8
1747195900583 31.0 8
1747195900602 32.0 8
1747195900621 33.0 8
1747195900638 34.0 8
1747195900657 35.0 8
1747195900675 36.0 8
1747195900692 37.0 8
1747195900707 38.0 8
1747195900725 39.0 8
1747195900741 40.0 8
1747195900760 41.0 8
1747195900775 42.0 8
1747195900791 43.0 8
1747195900807 44.0 8
1747195900823 45.0 8
1747195900839 46.0 8
1747195900855 47.0 8
1747195900872 48.0 8
1747195900890 49.0 8
1747195900906 50.0 8
1747195900922 51.0 8
1747195900938 52.0 8
1747195900955 53.0 8
1747195900972 54.0 8
1747195900989 55.0 8
1747195901006 56.0 8
1747195901023 57.0 8
1747195901040 58.0 8
1747195901055 59.0 8
1747195901072 60.0 8
1747195901090 61.0 8
1747195901105 62.0 8
1747195901123 63.0 8
1747195901140 64.0 8
1747195901156 65.0 8
1747195901173 66.0 8
1747195901190 67.0 8
1747195901204 68.0 8
1747195901221 69.0 8
1747195901237 70.0 8
1747195901254 71.0 8
1747195901272 72.0 8
1747195901289 73.0 8
1747195901534 1.0 9
1747195901556 2.0 9
1747195901582 3.0 9
1747195901606 4.0 9
1747195901626 5.0 9
1747195901645 6.0 9
1747195901666 7.0 9
1747195901683 8.0 9
1747195901701 9.0 9
1747195901719 10.0 9
1747195901734 11.0 9
1747195901750 12.0 9
1747195901767 13.0 9
1747195901784 14.0 9
1747195901803 15.0 9
1747195901820 16.0 9
1747195901838 17.0 9
1747195901856 18.0 9
1747195901876 19.0 9
1747195901893 20.0 9
1747195901913 21.0 9
1747195901932 22.0 9
1747195901952 23.0 9
1747195901972 24.0 9
1747195901990 25.0 9
1747195902008 26.0 9
1747195902024 27.0 9
1747195902041 28.0 9
1747195902058 29.0 9
1747195902074 30.0 9
1747195902090 31.0 9
1747195902107 32.0 9
1747195902124 33.0 9
1747195902140 34.0 9
1747195902157 35.0 9
1747195902174 36.0 9
1747195902190 37.0 9
1747195902207 38.0 9
1747195902224 39.0 9
1747195902239 40.0 9
1747195902256 41.0 9
1747195902272 42.0 9
1747195902288 43.0 9
1747195902304 44.0 9
1747195902322 45.0 9
1747195902338 46.0 9
1747195902354 47.0 9
1747195902372 48.0 9
1747195902387 49.0 9
1747195902403 50.0 9
1747195902419 51.0 9
1747195902437 52.0 9
1747195902453 53.0 9
1747195902471 54.0 9
1747195902487 55.0 9
1747195902504 56.0 9
1747195902521 57.0 9
1747195902537 58.0 9
1747195902555 59.0 9
1747195902571 60.0 9
1747195902589 61.0 9
1747195902605 62.0 9
1747195902624 63.0 9
1747195902638 64.0 9
1747195902654 65.0 9
1747195902671 66.0 9
1747195902687 67.0 9
1747195902706 68.0 9
1747195902722 69.0 9
1747195902738 70.0 9
1747195902754 71.0 9
1747195902770 72.0 9
1747195902786 73.0 9
1747195902803 74.0 9
1747195902820 75.0 9
1747195902836 76.0 9
1747195902854 77.0 9
1747195902871 78.0 9
1747195902888 79.0 9
1747195902905 80.0 9
1747195902921 81.0 9
1747195902943 82.0 9
1747195902959 83.0 9
1747195903204 1.0 10
1747195903225 2.0 10
1747195903248 3.0 10
1747195903270 4.0 10
1747195903291 5.0 10
1747195903311 6.0 10
1747195903329 7.0 10
1747195903346 8.0 10
1747195903369 9.0 10
1747195903391 10.0 10
1747195903412 11.0 10
1747195903433 12.0 10
1747195903451 13.0 10
1747195903473 14.0 10
1747195903491 15.0 10
1747195903508 16.0 10
1747195903524 17.0 10
1747195903541 18.0 10
1747195903557 19.0 10
1747195903576 20.0 10
1747195903592 21.0 10
1747195903610 22.0 10
1747195903627 23.0 10
1747195903648 24.0 10
1747195903669 25.0 10
1747195903688 26.0 10
1747195903708 27.0 10
1747195903728 28.0 10
1747195903750 29.0 10
1747195903782 30.0 10
1747195903814 31.0 10
1747195903833 32.0 10
1747195903849 33.0 10
1747195903866 34.0 10
1747195903882 35.0 10
1747195903900 36.0 10
1747195903922 37.0 10
1747195903941 38.0 10
1747195903958 39.0 10
1747195903976 40.0 10
1747195903993 41.0 10
1747195904009 42.0 10
1747195904026 43.0 10
1747195904043 44.0 10
1747195904059 45.0 10
1747195904075 46.0 10
1747195904092 47.0 10
1747195904108 48.0 10
1747195904126 49.0 10
1747195904142 50.0 10
1747195904159 51.0 10
1747195904174 52.0 10
1747195904195 53.0 10
1747195904210 54.0 10
1747195904226 55.0 10
1747195904243 56.0 10
1747195904259 57.0 10
1747195904276 58.0 10
1747195904294 59.0 10
1747195904317 60.0 10
1747195904334 61.0 10
1747195904349 62.0 10
1747195904366 63.0 10
1747195904382 64.0 10
1747195904399 65.0 10
1747195904416 66.0 10
1747195904433 67.0 10
1747195904448 68.0 10
1747195904465 69.0 10
1747195904482 70.0 10
1747195904499 71.0 10
1747195904515 72.0 10
1747195904531 73.0 10
1747195904548 74.0 10
1747195904563 75.0 10
1747195904580 76.0 10
1747195904597 77.0 10
1747195904616 78.0 10
1747195904636 79.0 10
1747195904652 80.0 10
1747195904666 81.0 10
1747195904682 82.0 10
1747195904698 83.0 10
1747195904944 1.0 11
1747195904965 2.0 11
1747195904988 3.0 11
1747195905009 4.0 11
1747195905030 5.0 11
1747195905060 6.0 11
1747195905078 7.0 11
1747195905094 8.0 11
1747195905111 9.0 11
1747195905129 10.0 11
1747195905146 11.0 11
1747195905163 12.0 11
1747195905180 13.0 11
1747195905197 14.0 11
1747195905214 15.0 11
1747195905234 16.0 11
1747195905255 17.0 11
1747195905277 18.0 11
1747195905294 19.0 11
1747195905311 20.0 11
1747195905329 21.0 11
1747195905348 22.0 11
1747195905366 23.0 11
1747195905385 24.0 11
1747195905402 25.0 11
1747195905420 26.0 11
1747195905444 27.0 11
1747195905460 28.0 11
1747195905476 29.0 11
1747195905495 30.0 11
1747195905512 31.0 11
1747195905529 32.0 11
1747195905546 33.0 11
1747195905562 34.0 11
1747195905579 35.0 11
1747195905593 36.0 11
1747195905612 37.0 11
1747195905630 38.0 11
1747195905647 39.0 11
1747195905664 40.0 11
1747195905680 41.0 11
1747195905698 42.0 11
1747195905713 43.0 11
1747195905729 44.0 11
1747195905745 45.0 11
1747195905763 46.0 11
1747195905779 47.0 11
1747195905795 48.0 11
1747195905812 49.0 11
1747195905829 50.0 11
1747195905845 51.0 11
1747195905862 52.0 11
1747195905879 53.0 11
1747195905895 54.0 11
1747195905913 55.0 11
1747195905928 56.0 11
1747195905946 57.0 11
1747195905962 58.0 11
1747195905979 59.0 11
1747195905997 60.0 11
1747195906013 61.0 11
1747195906028 62.0 11
1747195906046 63.0 11
1747195906064 64.0 11
1747195906081 65.0 11
1747195906096 66.0 11
1747195906113 67.0 11
1747195906131 68.0 11
1747195906148 69.0 11
1747195906164 70.0 11
1747195906181 71.0 11
1747195906196 72.0 11
1747195906214 73.0 11
1747195906230 74.0 11
1747195906246 75.0 11
1747195906264 76.0 11
1747195906278 77.0 11
1747195906296 78.0 11
1747195906313 79.0 11
1747195906330 80.0 11
1747195906346 81.0 11
1747195906363 82.0 11
1747195906380 83.0 11
1747195906618 1.0 12
1747195906638 2.0 12
1747195906661 3.0 12
1747195906681 4.0 12
1747195906700 5.0 12
1747195906719 6.0 12
1747195906735 7.0 12
1747195906752 8.0 12
1747195906768 9.0 12
1747195906783 10.0 12
1747195906800 11.0 12
1747195906817 12.0 12
1747195906833 13.0 12
1747195906849 14.0 12
1747195906866 15.0 12
1747195906884 16.0 12
1747195906900 17.0 12
1747195906917 18.0 12
1747195906939 19.0 12
1747195906960 20.0 12
1747195906979 21.0 12
1747195906996 22.0 12
1747195907012 23.0 12
1747195907028 24.0 12
1747195907045 25.0 12
1747195907060 26.0 12
1747195907077 27.0 12
1747195907094 28.0 12
1747195907114 29.0 12
1747195907139 30.0 12
1747195907157 31.0 12
1747195907175 32.0 12
1747195907193 33.0 12
1747195907208 34.0 12
1747195907225 35.0 12
1747195907242 36.0 12
1747195907258 37.0 12
1747195907274 38.0 12
1747195907290 39.0 12
1747195907307 40.0 12
1747195907324 41.0 12
1747195907340 42.0 12
1747195907357 43.0 12
1747195907373 44.0 12
1747195907389 45.0 12
1747195907407 46.0 12
1747195907424 47.0 12
1747195907440 48.0 12
1747195907457 49.0 12
1747195907473 50.0 12
1747195907489 51.0 12
1747195907507 52.0 12
1747195907523 53.0 12
1747195907540 54.0 12
1747195907557 55.0 12
1747195907573 56.0 12
1747195907588 57.0 12
1747195907605 58.0 12
1747195907622 59.0 12
1747195907639 60.0 12
1747195907654 61.0 12
1747195907672 62.0 12
1747195907689 63.0 12
1747195907706 64.0 12
1747195907722 65.0 12
1747195907739 66.0 12
1747195907755 67.0 12
1747195907772 68.0 12
1747195907789 69.0 12
1747195907806 70.0 12
1747195907824 71.0 12
1747195907839 72.0 12
1747195907857 73.0 12
1747195907876 74.0 12
1747195907891 75.0 12
1747195907908 76.0 12
1747195907925 77.0 12
1747195907941 78.0 12
1747195907959 79.0 12
1747195907974 80.0 12
1747195907993 81.0 12
1747195908008 82.0 12
1747195908026 83.0 12
1747195908243 1.0 13
1747195908262 2.0 13
1747195908281 3.0 13
1747195908300 4.0 13
1747195908319 5.0 13
1747195908337 6.0 13
1747195908354 7.0 13
1747195908370 8.0 13
1747195908399 9.0 13
1747195908416 10.0 13
1747195908430 11.0 13
1747195908448 12.0 13
1747195908465 13.0 13
1747195908482 14.0 13
1747195908499 15.0 13
1747195908517 16.0 13
1747195908534 17.0 13
1747195908550 18.0 13
1747195908569 19.0 13
1747195908583 20.0 13
1747195908599 21.0 13
1747195908617 22.0 13
1747195908634 23.0 13
1747195908650 24.0 13
1747195908667 25.0 13
1747195908684 26.0 13
1747195908702 27.0 13
1747195908719 28.0 13
1747195908736 29.0 13
1747195908753 30.0 13
1747195908768 31.0 13
1747195908783 32.0 13
1747195908799 33.0 13
1747195908815 34.0 13
1747195908832 35.0 13
1747195908848 36.0 13
1747195908865 37.0 13
1747195908882 38.0 13
1747195908899 39.0 13
1747195908916 40.0 13
1747195908934 41.0 13
1747195908950 42.0 13
1747195908966 43.0 13
1747195908983 44.0 13
1747195909000 45.0 13
1747195909016 46.0 13
1747195909033 47.0 13
1747195909049 48.0 13
1747195909067 49.0 13
1747195909083 50.0 13
1747195909098 51.0 13
1747195909117 52.0 13
1747195909133 53.0 13
1747195909149 54.0 13
1747195909166 55.0 13
1747195909186 56.0 13
1747195909200 57.0 13
1747195909217 58.0 13
1747195909234 59.0 13
1747195909250 60.0 13
1747195909267 61.0 13
1747195909283 62.0 13
1747195909299 63.0 13
1747195909316 64.0 13
1747195909334 65.0 13
1747195909349 66.0 13
1747195909366 67.0 13
1747195909383 68.0 13
1747195909399 69.0 13
1747195909417 70.0 13
1747195909433 71.0 13
1747195909450 72.0 13
1747195909467 73.0 13
1747195909484 74.0 13
1747195909501 75.0 13
1747195909519 76.0 13
1747195909534 77.0 13
1747195909551 78.0 13
1747195909568 79.0 13
1747195909584 80.0 13
1747195909602 81.0 13
1747195909619 82.0 13
1747195909635 83.0 13
1747195909653 84.0 13
1747195909669 85.0 13
1747195909686 86.0 13
1747195909703 87.0 13
1747195909719 88.0 13
1747195909736 89.0 13
1747195909756 90.0 13
1747195909772 91.0 13
1747195909789 92.0 13
1747195909807 93.0 13
1747195909823 94.0 13
1747195909840 95.0 13
1747195910071 1.0 14
1747195910092 2.0 14
1747195910112 3.0 14
1747195910130 4.0 14
1747195910150 5.0 14
1747195910169 6.0 14
1747195910186 7.0 14
1747195910203 8.0 14
1747195910219 9.0 14
1747195910236 10.0 14
1747195910261 11.0 14
1747195910285 12.0 14
1747195910306 13.0 14
1747195910324 14.0 14
1747195910340 15.0 14
1747195910357 16.0 14
1747195910373 17.0 14
1747195910390 18.0 14
1747195910410 19.0 14
1747195910426 20.0 14
1747195910444 21.0 14
1747195910463 22.0 14
1747195910479 23.0 14
1747195910504 24.0 14
1747195910528 25.0 14
1747195910544 26.0 14
1747195910566 27.0 14
1747195910582 28.0 14
1747195910599 29.0 14
1747195910615 30.0 14
1747195910631 31.0 14
1747195910648 32.0 14
1747195910664 33.0 14
1747195910682 34.0 14
1747195910700 35.0 14
1747195910718 36.0 14
1747195910733 37.0 14
1747195910748 38.0 14
1747195910765 39.0 14
1747195910782 40.0 14
1747195910796 41.0 14
1747195910813 42.0 14
1747195910831 43.0 14
1747195910847 44.0 14
1747195910865 45.0 14
1747195910880 46.0 14
1747195910897 47.0 14
1747195910916 48.0 14
1747195910930 49.0 14
1747195910947 50.0 14
1747195910966 51.0 14
1747195910982 52.0 14
1747195910997 53.0 14
1747195911014 54.0 14
1747195911029 55.0 14
1747195911045 56.0 14
1747195911061 57.0 14
1747195911077 58.0 14
1747195911093 59.0 14
1747195911110 60.0 14
1747195911128 61.0 14
1747195911143 62.0 14
1747195911160 63.0 14
1747195911175 64.0 14
1747195911192 65.0 14
1747195911209 66.0 14
1747195911226 67.0 14
1747195911243 68.0 14
1747195911259 69.0 14
1747195911276 70.0 14
1747195911292 71.0 14
1747195911310 72.0 14
1747195911325 73.0 14
1747195911342 74.0 14
1747195911359 75.0 14
1747195911377 76.0 14
1747195911393 77.0 14
1747195911410 78.0 14
1747195911427 79.0 14
1747195911444 80.0 14
1747195911461 81.0 14
1747195911477 82.0 14
1747195911494 83.0 14
1747195911511 84.0 14
1747195911527 85.0 14
1747195911544 86.0 14
1747195911562 87.0 14
1747195911594 88.0 14
1747195911612 89.0 14
1747195911633 90.0 14
1747195911662 91.0 14
1747195911681 92.0 14
1747195911699 93.0 14
1747195911717 94.0 14
1747195911733 95.0 14
1747195912018 1.0 15
1747195912042 2.0 15
1747195912068 3.0 15
1747195912087 4.0 15
1747195912104 5.0 15
1747195912120 6.0 15
1747195912137 7.0 15
1747195912155 8.0 15
1747195912173 9.0 15
1747195912189 10.0 15
1747195912206 11.0 15
1747195912221 12.0 15
1747195912239 13.0 15
1747195912254 14.0 15
1747195912272 15.0 15
1747195912289 16.0 15
1747195912305 17.0 15
1747195912322 18.0 15
1747195912339 19.0 15
1747195912356 20.0 15
1747195912373 21.0 15
1747195912389 22.0 15
1747195912405 23.0 15
1747195912422 24.0 15
1747195912438 25.0 15
1747195912455 26.0 15
1747195912478 27.0 15
1747195912491 28.0 15
1747195912508 29.0 15
1747195912527 30.0 15
1747195912544 31.0 15
1747195912561 32.0 15
1747195912582 33.0 15
1747195912609 34.0 15
1747195912628 35.0 15
1747195912647 36.0 15
1747195912664 37.0 15
1747195912680 38.0 15
1747195912696 39.0 15
1747195912713 40.0 15
1747195912736 41.0 15
1747195912752 42.0 15
1747195912768 43.0 15
1747195912786 44.0 15
1747195912802 45.0 15
1747195912819 46.0 15
1747195912834 47.0 15
1747195912853 48.0 15
1747195912872 49.0 15
1747195912887 50.0 15
1747195912905 51.0 15
1747195912921 52.0 15
1747195912938 53.0 15
1747195912955 54.0 15
1747195912971 55.0 15
1747195912988 56.0 15
1747195913005 57.0 15
1747195913021 58.0 15
1747195913039 59.0 15
1747195913056 60.0 15
1747195913073 61.0 15
1747195913089 62.0 15
1747195913106 63.0 15
1747195913125 64.0 15
1747195913144 65.0 15
1747195913161 66.0 15
1747195913179 67.0 15
1747195913194 68.0 15
1747195913210 69.0 15
1747195913227 70.0 15
1747195913244 71.0 15
1747195913261 72.0 15
1747195913277 73.0 15
1747195913293 74.0 15
1747195913310 75.0 15
1747195913327 76.0 15
1747195913344 77.0 15
1747195913362 78.0 15
1747195913378 79.0 15
1747195913392 80.0 15
1747195913409 81.0 15
1747195913427 82.0 15
1747195913443 83.0 15
1747195913460 84.0 15
1747195913478 85.0 15
1747195913493 86.0 15
1747195913510 87.0 15
1747195913529 88.0 15
1747195913544 89.0 15
1747195913561 90.0 15
1747195913577 91.0 15
1747195913595 92.0 15
1747195913610 93.0 15
1747195913630 94.0 15
1747195913646 95.0 15
1747195913886 1.0 16
1747195913907 2.0 16
1747195913927 3.0 16
1747195913946 4.0 16
1747195913965 5.0 16
1747195913997 6.0 16
1747195914015 7.0 16
1747195914032 8.0 16
1747195914047 9.0 16
1747195914064 10.0 16
1747195914080 11.0 16
1747195914098 12.0 16
1747195914114 13.0 16
1747195914132 14.0 16
1747195914151 15.0 16
1747195914167 16.0 16
1747195914183 17.0 16
1747195914199 18.0 16
1747195914219 19.0 16
1747195914237 20.0 16
1747195914252 21.0 16
1747195914271 22.0 16
1747195914289 23.0 16
1747195914306 24.0 16
1747195914323 25.0 16
1747195914343 26.0 16
1747195914358 27.0 16
1747195914379 28.0 16
1747195914398 29.0 16
1747195914414 30.0 16
1747195914432 31.0 16
1747195914447 32.0 16
1747195914466 33.0 16
1747195914487 34.0 16
1747195914503 35.0 16
1747195914521 36.0 16
1747195914539 37.0 16
1747195914556 38.0 16
1747195914573 39.0 16
1747195914590 40.0 16
1747195914606 41.0 16
1747195914624 42.0 16
1747195914641 43.0 16
1747195914657 44.0 16
1747195914674 45.0 16
1747195914689 46.0 16
1747195914706 47.0 16
1747195914724 48.0 16
1747195914741 49.0 16
1747195914756 50.0 16
1747195914772 51.0 16
1747195914789 52.0 16
1747195914806 53.0 16
1747195914826 54.0 16
1747195914847 55.0 16
1747195914862 56.0 16
1747195914879 57.0 16
1747195914895 58.0 16
1747195914915 59.0 16
1747195914928 60.0 16
1747195914944 61.0 16
1747195914963 62.0 16
1747195914983 63.0 16
1747195915003 64.0 16
1747195915018 65.0 16
1747195915040 66.0 16
1747195915055 67.0 16
1747195915072 68.0 16
1747195915087 69.0 16
1747195915105 70.0 16
1747195915122 71.0 16
1747195915138 72.0 16
1747195915155 73.0 16
1747195915172 74.0 16
1747195915189 75.0 16
1747195915213 76.0 16
1747195915227 77.0 16
1747195915244 78.0 16
1747195915260 79.0 16
1747195915277 80.0 16
1747195915293 81.0 16
1747195915310 82.0 16
1747195915327 83.0 16
1747195915344 84.0 16
1747195915360 85.0 16
1747195915377 86.0 16
1747195915393 87.0 16
1747195915413 88.0 16
1747195915428 89.0 16
1747195915444 90.0 16
1747195915460 91.0 16
1747195915477 92.0 16
1747195915494 93.0 16
1747195915513 94.0 16
1747195915527 95.0 16
1747195915545 96.0 16
1747195915781 1.0 17
1747195915799 2.0 17
1747195915817 3.0 17
1747195915836 4.0 17
1747195915854 5.0 17
1747195915872 6.0 17
1747195915888 7.0 17
1747195915904 8.0 17
1747195915921 9.0 17
1747195915943 10.0 17
1747195915969 11.0 17
1747195915989 12.0 17
1747195916007 13.0 17
1747195916029 14.0 17
1747195916058 15.0 17
1747195916075 16.0 17
1747195916094 17.0 17
1747195916113 18.0 17
1747195916129 19.0 17
1747195916149 20.0 17
1747195916166 21.0 17
1747195916184 22.0 17
1747195916203 23.0 17
1747195916225 24.0 17
1747195916243 25.0 17
1747195916261 26.0 17
1747195916278 27.0 17
1747195916296 28.0 17
1747195916315 29.0 17
1747195916339 30.0 17
1747195916357 31.0 17
1747195916379 32.0 17
1747195916397 33.0 17
1747195916414 34.0 17
1747195916429 35.0 17
1747195916446 36.0 17
1747195916464 37.0 17
1747195916481 38.0 17
1747195916496 39.0 17
1747195916513 40.0 17
1747195916529 41.0 17
1747195916546 42.0 17
1747195916565 43.0 17
1747195916579 44.0 17
1747195916596 45.0 17
1747195916611 46.0 17
1747195916628 47.0 17
1747195916645 48.0 17
1747195916662 49.0 17
1747195916681 50.0 17
1747195916700 51.0 17
1747195916717 52.0 17
1747195916735 53.0 17
1747195916752 54.0 17
1747195916769 55.0 17
1747195916787 56.0 17
1747195916804 57.0 17
1747195916822 58.0 17
1747195916838 59.0 17
1747195916854 60.0 17
1747195916871 61.0 17
1747195916888 62.0 17
1747195916904 63.0 17
1747195916920 64.0 17
1747195916937 65.0 17
1747195916954 66.0 17
1747195916969 67.0 17
1747195916988 68.0 17
1747195917005 69.0 17
1747195917022 70.0 17
1747195917038 71.0 17
1747195917058 72.0 17
1747195917090 73.0 17
1747195917107 74.0 17
1747195917124 75.0 17
1747195917140 76.0 17
1747195917158 77.0 17
1747195917175 78.0 17
1747195917191 79.0 17
1747195917208 80.0 17
1747195917226 81.0 17
1747195917242 82.0 17
1747195917259 83.0 17
1747195917275 84.0 17
1747195917293 85.0 17
1747195917308 86.0 17
1747195917325 87.0 17
1747195917342 88.0 17
1747195917360 89.0 17
1747195917379 90.0 17
1747195917396 91.0 17
1747195917412 92.0 17
1747195917431 93.0 17
1747195917446 94.0 17
1747195917462 95.0 17
1747195917480 96.0 17
1747195917748 1.0 18
1747195917773 2.0 18
1747195917796 3.0 18
1747195917818 4.0 18
1747195917842 5.0 18
1747195917866 6.0 18
1747195917889 7.0 18
1747195917907 8.0 18
1747195917932 9.0 18
1747195917949 10.0 18
1747195917968 11.0 18
1747195917990 12.0 18
1747195918011 13.0 18
1747195918028 14.0 18
1747195918049 15.0 18
1747195918069 16.0 18
1747195918087 17.0 18
1747195918107 18.0 18
1747195918127 19.0 18
1747195918144 20.0 18
1747195918162 21.0 18
1747195918183 22.0 18
1747195918207 23.0 18
1747195918226 24.0 18
1747195918244 25.0 18
1747195918262 26.0 18
1747195918278 27.0 18
1747195918294 28.0 18
1747195918311 29.0 18
1747195918329 30.0 18
1747195918348 31.0 18
1747195918366 32.0 18
1747195918383 33.0 18
1747195918399 34.0 18
1747195918416 35.0 18
1747195918434 36.0 18
1747195918453 37.0 18
1747195918472 38.0 18
1747195918489 39.0 18
1747195918506 40.0 18
1747195918523 41.0 18
1747195918538 42.0 18
1747195918554 43.0 18
1747195918571 44.0 18
1747195918587 45.0 18
1747195918603 46.0 18
1747195918620 47.0 18
1747195918636 48.0 18
1747195918653 49.0 18
1747195918670 50.0 18
1747195918685 51.0 18
1747195918703 52.0 18
1747195918719 53.0 18
1747195918735 54.0 18
1747195918750 55.0 18
1747195918768 56.0 18
1747195918784 57.0 18
1747195918801 58.0 18
1747195918816 59.0 18
1747195918836 60.0 18
1747195918850 61.0 18
1747195918866 62.0 18
1747195918882 63.0 18
1747195918899 64.0 18
1747195918917 65.0 18
1747195918934 66.0 18
1747195918949 67.0 18
1747195918967 68.0 18
1747195918985 69.0 18
1747195919001 70.0 18
1747195919018 71.0 18
1747195919037 72.0 18
1747195919065 73.0 18
1747195919085 74.0 18
1747195919102 75.0 18
1747195919119 76.0 18
1747195919136 77.0 18
1747195919153 78.0 18
1747195919169 79.0 18
1747195919186 80.0 18
1747195919204 81.0 18
1747195919220 82.0 18
1747195919236 83.0 18
1747195919253 84.0 18
1747195919270 85.0 18
1747195919285 86.0 18
1747195919303 87.0 18
1747195919319 88.0 18
1747195919336 89.0 18
1747195919351 90.0 18
1747195919368 91.0 18
1747195919384 92.0 18
1747195919402 93.0 18
1747195919418 94.0 18
1747195919435 95.0 18
1747195919453 96.0 18
1747195919469 97.0 18
1747195919490 98.0 18
1747195919502 99.0 18
1747195919519 100.0 18
1747195919535 101.0 18
1747195919552 102.0 18
1747195919811 1.0 19
1747195919841 2.0 19
1747195919864 3.0 19
1747195919896 4.0 19
1747195919930 5.0 19
1747195919948 6.0 19
1747195919966 7.0 19
1747195919984 8.0 19
1747195920003 9.0 19
1747195920036 10.0 19
1747195920060 11.0 19
1747195920079 12.0 19
1747195920097 13.0 19
1747195920114 14.0 19
1747195920130 15.0 19
1747195920147 16.0 19
1747195920164 17.0 19
1747195920179 18.0 19
1747195920196 19.0 19
1747195920211 20.0 19
1747195920230 21.0 19
1747195920253 22.0 19
1747195920269 23.0 19
1747195920286 24.0 19
1747195920301 25.0 19
1747195920318 26.0 19
1747195920333 27.0 19
1747195920351 28.0 19
1747195920367 29.0 19
1747195920384 30.0 19
1747195920400 31.0 19
1747195920419 32.0 19
1747195920435 33.0 19
1747195920452 34.0 19
1747195920468 35.0 19
1747195920483 36.0 19
1747195920498 37.0 19
1747195920516 38.0 19
1747195920533 39.0 19
1747195920548 40.0 19
1747195920565 41.0 19
1747195920584 42.0 19
1747195920598 43.0 19
1747195920615 44.0 19
1747195920631 45.0 19
1747195920648 46.0 19
1747195920664 47.0 19
1747195920682 48.0 19
1747195920698 49.0 19
1747195920714 50.0 19
1747195920730 51.0 19
1747195920747 52.0 19
1747195920764 53.0 19
1747195920784 54.0 19
1747195920801 55.0 19
1747195920818 56.0 19
1747195920833 57.0 19
1747195920849 58.0 19
1747195920865 59.0 19
1747195920884 60.0 19
1747195920899 61.0 19
1747195920916 62.0 19
1747195920933 63.0 19
1747195920948 64.0 19
1747195920965 65.0 19
1747195920981 66.0 19
1747195920999 67.0 19
1747195921015 68.0 19
1747195921030 69.0 19
1747195921047 70.0 19
1747195921064 71.0 19
1747195921080 72.0 19
1747195921096 73.0 19
1747195921113 74.0 19
1747195921130 75.0 19
1747195921147 76.0 19
1747195921164 77.0 19
1747195921180 78.0 19
1747195921197 79.0 19
1747195921213 80.0 19
1747195921230 81.0 19
1747195921247 82.0 19
1747195921264 83.0 19
1747195921279 84.0 19
1747195921295 85.0 19
1747195921315 86.0 19
1747195921330 87.0 19
1747195921348 88.0 19
1747195921362 89.0 19
1747195921431 90.0 19
1747195921449 91.0 19
1747195921465 92.0 19
1747195921481 93.0 19
1747195921498 94.0 19
1747195921514 95.0 19
1747195921530 96.0 19
1747195921546 97.0 19
1747195921562 98.0 19
1747195921579 99.0 19
1747195921595 100.0 19
1747195921612 101.0 19
1747195921629 102.0 19
1747195921851 1.0 20
1747195921871 2.0 20
1747195921889 3.0 20
1747195921907 4.0 20
1747195921925 5.0 20
1747195921942 6.0 20
1747195921958 7.0 20
1747195921975 8.0 20
1747195921991 9.0 20
1747195922007 10.0 20
1747195922023 11.0 20
1747195922039 12.0 20
1747195922056 13.0 20
1747195922072 14.0 20
1747195922089 15.0 20
1747195922105 16.0 20
1747195922122 17.0 20
1747195922138 18.0 20
1747195922155 19.0 20
1747195922172 20.0 20
1747195922189 21.0 20
1747195922206 22.0 20
1747195922223 23.0 20
1747195922238 24.0 20
1747195922255 25.0 20
1747195922272 26.0 20
1747195922289 27.0 20
1747195922306 28.0 20
1747195922323 29.0 20
1747195922340 30.0 20
1747195922356 31.0 20
1747195922374 32.0 20
1747195922392 33.0 20
1747195922409 34.0 20
1747195922425 35.0 20
1747195922442 36.0 20
1747195922459 37.0 20
1747195922475 38.0 20
1747195922493 39.0 20
1747195922517 40.0 20
1747195922528 41.0 20
1747195922545 42.0 20
1747195922562 43.0 20
1747195922582 44.0 20
1747195922597 45.0 20
1747195922613 46.0 20
1747195922629 47.0 20
1747195922646 48.0 20
1747195922662 49.0 20
1747195922678 50.0 20
1747195922694 51.0 20
1747195922712 52.0 20
1747195922729 53.0 20
1747195922747 54.0 20
1747195922763 55.0 20
1747195922779 56.0 20
1747195922795 57.0 20
1747195922814 58.0 20
1747195922829 59.0 20
1747195922846 60.0 20
1747195922864 61.0 20
1747195922879 62.0 20
1747195922895 63.0 20
1747195922912 64.0 20
1747195922927 65.0 20
1747195922943 66.0 20
1747195922959 67.0 20
1747195922977 68.0 20
1747195922994 69.0 20
1747195923010 70.0 20
1747195923027 71.0 20
1747195923044 72.0 20
1747195923061 73.0 20
1747195923079 74.0 20
1747195923095 75.0 20
1747195923111 76.0 20
1747195923129 77.0 20
1747195923145 78.0 20
1747195923162 79.0 20
1747195923179 80.0 20
1747195923195 81.0 20
1747195923213 82.0 20
1747195923228 83.0 20
1747195923243 84.0 20
1747195923262 85.0 20
1747195923276 86.0 20
1747195923293 87.0 20
1747195923308 88.0 20
1747195923325 89.0 20
1747195923344 90.0 20
1747195923359 91.0 20
1747195923375 92.0 20
1747195923390 93.0 20
1747195923408 94.0 20
1747195923424 95.0 20
1747195923440 96.0 20
1747195923457 97.0 20
1747195923476 98.0 20
1747195923491 99.0 20
1747195923507 100.0 20
1747195923525 101.0 20
1747195923541 102.0 20
1747195923753 1.0 21
