1747195891789 0.36666666666666664 1
1747195891812 1.1666666666666667 1
1747195891833 2.466666666666667 1
1747195891852 4.333333333333334 1
1747195891872 6.833333333333334 1
1747195891888 10.033333333333335 1
1747195891907 14.000000000000002 1
1747195891925 18.8 1
1747195891940 24.5 1
1747195891958 31.166666666666668 1
1747195891979 38.86666666666667 1
1747195891996 47.66666666666667 1
1747195892014 57.63333333333334 1
1747195892031 68.83333333333334 1
1747195892051 81.33333333333334 1
1747195892068 95.20000000000002 1
1747195892085 109.83333333333336 1
1747195892102 125.90000000000002 1
1747195892118 125.90000000000002 1
1747195892133 125.90000000000002 1
1747195892149 125.90000000000002 1
1747195892166 125.90000000000002 1
1747195892182 125.90000000000002 1
1747195892198 125.90000000000002 1
1747195892215 125.90000000000002 1
1747195892231 128.70000000000002 1
1747195892253 138.60000000000002 1
1747195892266 148.8666666666667 1
1747195892282 159.50000000000003 1
1747195892298 170.50000000000003 1
1747195892313 181.8666666666667 1
1747195892331 193.60000000000002 1
1747195892347 205.70000000000002 1
1747195892365 218.16666666666669 1
1747195892380 231.00000000000003 1
1747195892398 244.20000000000002 1
1747195892414 257.7666666666667 1
1747195892663 0.36666666666666664 2
1747195892685 1.1666666666666667 2
1747195892707 2.466666666666667 2
1747195892730 4.333333333333334 2
1747195892750 6.833333333333334 2
1747195892769 10.033333333333335 2
1747195892787 14.000000000000002 2
1747195892805 18.8 2
1747195892822 24.5 2
1747195892839 31.166666666666668 2
1747195892857 38.86666666666667 2
1747195892874 47.66666666666667 2
1747195892903 57.63333333333334 2
1747195892936 68.83333333333334 2
1747195892968 81.33333333333334 2
1747195892990 95.20000000000002 2
1747195893009 95.20000000000002 2
1747195893024 95.20000000000002 2
1747195893041 95.20000000000002 2
1747195893056 95.20000000000002 2
1747195893074 95.20000000000002 2
1747195893090 95.20000000000002 2
1747195893107 101.2 2
1747195893123 110.0 2
1747195893142 119.16666666666667 2
1747195893162 128.70000000000002 2
1747195893180 138.60000000000002 2
1747195893198 148.8666666666667 2
1747195893214 159.50000000000003 2
1747195893232 170.50000000000003 2
1747195893248 181.8666666666667 2
1747195893264 193.60000000000002 2
1747195893283 205.70000000000002 2
1747195893299 218.16666666666669 2
1747195893316 231.00000000000003 2
1747195893336 244.20000000000002 2
1747195893354 257.7666666666667 2
1747195893605 0.36666666666666664 3
1747195893628 1.1666666666666667 3
1747195893648 2.466666666666667 3
1747195893671 4.333333333333334 3
1747195893692 6.833333333333334 3
1747195893714 10.033333333333335 3
1747195893761 14.000000000000002 3
1747195893784 18.8 3
1747195893804 24.5 3
1747195893823 31.166666666666668 3
1747195893846 38.86666666666667 3
1747195893866 47.66666666666667 3
1747195893892 57.63333333333334 3
1747195893922 68.83333333333334 3
1747195893944 81.33333333333334 3
1747195893961 95.20000000000002 3
1747195893979 95.20000000000002 3
1747195893997 95.20000000000002 3
1747195894015 95.20000000000002 3
1747195894033 95.20000000000002 3
1747195894054 95.20000000000002 3
1747195894072 95.20000000000002 3
1747195894093 101.2 3
1747195894111 110.0 3
1747195894128 119.16666666666667 3
1747195894144 128.76666666666668 3
1747195894164 138.86666666666667 3
1747195894182 149.53333333333333 3
1747195894199 160.83333333333334 3
1747195894217 170.50000000000003 3
1747195894233 181.8666666666667 3
1747195894250 193.60000000000002 3
1747195894265 205.70000000000002 3
1747195894285 218.16666666666669 3
1747195894302 231.00000000000003 3
1747195894324 244.20000000000002 3
1747195894341 257.7666666666667 3
1747195894591 0.36666666666666664 4
1747195894617 1.1666666666666667 4
1747195894641 2.466666666666667 4
1747195894662 4.333333333333334 4
1747195894680 6.833333333333334 4
1747195894699 10.033333333333335 4
1747195894717 14.000000000000002 4
1747195894735 18.8 4
1747195894756 24.5 4
1747195894772 31.166666666666668 4
1747195894788 38.86666666666667 4
1747195894807 47.66666666666667 4
1747195894824 57.63333333333334 4
1747195894843 68.83333333333334 4
1747195894860 81.33333333333334 4
1747195894881 95.20000000000002 4
1747195894906 95.20000000000002 4
1747195894931 95.20000000000002 4
1747195894948 95.20000000000002 4
1747195894964 95.20000000000002 4
1747195894980 95.20000000000002 4
1747195894999 95.20000000000002 4
1747195895016 101.2 4
1747195895032 110.0 4
1747195895047 119.16666666666667 4
1747195895064 128.70000000000002 4
1747195895081 138.60000000000002 4
1747195895096 148.8666666666667 4
1747195895113 159.50000000000003 4
1747195895129 170.50000000000003 4
1747195895148 181.8666666666667 4
1747195895167 193.60000000000002 4
1747195895185 205.70000000000002 4
1747195895201 218.16666666666669 4
1747195895219 231.00000000000003 4
1747195895234 244.20000000000002 4
1747195895257 257.7666666666667 4
1747195895484 0.36666666666666664 5
1747195895506 1.1666666666666667 5
1747195895527 2.466666666666667 5
1747195895549 4.333333333333334 5
1747195895570 6.833333333333334 5
1747195895589 10.033333333333335 5
1747195895607 14.000000000000002 5
1747195895627 18.8 5
1747195895646 24.5 5
1747195895665 31.166666666666668 5
1747195895686 38.86666666666667 5
1747195895705 47.66666666666667 5
1747195895723 57.63333333333334 5
1747195895747 68.83333333333334 5
1747195895762 81.33333333333334 5
1747195895779 95.13333333333334 5
1747195895797 95.13333333333334 5
1747195895815 95.13333333333334 5
1747195895836 95.13333333333334 5
1747195895854 96.6 5
1747195895871 107.56666666666666 5
1747195895894 118.96666666666667 5
1747195895916 130.8 5
1747195895939 143.0666666666667 5
1747195895957 155.76666666666668 5
1747195895981 168.9 5
1747195895998 182.46666666666667 5
1747195896017 182.46666666666667 5
1747195896037 182.46666666666667 5
1747195896055 182.46666666666667 5
1747195896073 182.46666666666667 5
1747195896090 193.60000000000002 5
1747195896126 205.70000000000002 5
1747195896149 218.16666666666669 5
1747195896169 231.00000000000003 5
1747195896184 244.20000000000002 5
1747195896201 257.7666666666667 5
1747195896220 271.70000000000005 5
1747195896237 286.00000000000006 5
1747195896253 300.66666666666674 5
1747195896272 315.7000000000001 5
1747195896298 331.1000000000001 5
1747195896317 346.86666666666673 5
1747195896327 363.00000000000006 5
1747195896346 379.50000000000006 5
1747195896361 396.36666666666673 5
1747195896379 413.6000000000001 5
1747195896395 431.2000000000001 5
1747195896410 449.16666666666674 5
1747195896427 467.50000000000006 5
1747195896442 486.20000000000005 5
1747195896460 505.2666666666667 5
1747195896479 524.7 5
1747195896491 544.5 5
1747195896507 564.6666666666666 5
1747195896525 585.1999999999999 5
1747195896541 606.0999999999999 5
1747195896557 627.3666666666666 5
1747195896582 648.9999999999999 5
1747195896848 0.36666666666666664 6
1747195896872 1.1666666666666667 6
1747195896896 2.466666666666667 6
1747195896925 4.333333333333334 6
1747195896964 6.833333333333334 6
1747195897003 10.033333333333335 6
1747195897023 14.000000000000002 6
1747195897041 18.8 6
1747195897060 24.5 6
1747195897077 31.166666666666668 6
1747195897095 38.86666666666667 6
1747195897116 47.66666666666667 6
1747195897135 57.63333333333334 6
1747195897156 68.83333333333334 6
1747195897174 81.33333333333334 6
1747195897192 95.20000000000002 6
1747195897209 95.20000000000002 6
1747195897229 95.20000000000002 6
1747195897246 95.20000000000002 6
1747195897263 95.20000000000002 6
1747195897279 95.20000000000002 6
1747195897299 95.20000000000002 6
1747195897315 101.2 6
1747195897332 110.0 6
1747195897348 119.16666666666667 6
1747195897364 128.70000000000002 6
1747195897381 138.60000000000002 6
1747195897398 148.93333333333337 6
1747195897415 159.7666666666667 6
1747195897432 171.1666666666667 6
1747195897449 183.20000000000005 6
1747195897467 195.93333333333337 6
1747195897485 209.43333333333337 6
1747195897504 223.7666666666667 6
1747195897522 234.73333333333335 6
1747195897541 244.20000000000002 6
1747195897558 257.7666666666667 6
1747195897575 271.70000000000005 6
1747195897592 286.00000000000006 6
1747195897609 300.66666666666674 6
1747195897625 315.7000000000001 6
1747195897642 331.1000000000001 6
1747195897657 346.86666666666673 6
1747195897674 363.00000000000006 6
1747195897690 379.50000000000006 6
1747195897707 396.36666666666673 6
1747195897724 413.6000000000001 6
1747195897742 431.2000000000001 6
1747195897757 449.16666666666674 6
1747195897772 467.50000000000006 6
1747195897790 486.20000000000005 6
1747195897810 505.2666666666667 6
1747195897830 524.7 6
1747195897844 544.5 6
1747195897859 564.6666666666666 6
1747195897875 585.1999999999999 6
1747195897892 606.0999999999999 6
1747195897908 627.3666666666666 6
1747195897924 648.9999999999999 6
1747195897941 670.9999999999999 6
1747195897958 693.3666666666666 6
1747195897974 716.0999999999999 6
1747195897990 739.1999999999999 6
1747195898007 762.6666666666666 6
1747195898023 786.5 6
1747195898038 810.7 6
1747195898057 835.2666666666668 6
1747195898072 860.2 6
1747195898088 885.5 6
1747195898105 911.1666666666666 6
1747195898121 937.1999999999999 6
1747195898139 963.5999999999999 6
1747195898369 0.36666666666666664 7
1747195898390 1.1666666666666667 7
1747195898411 2.466666666666667 7
1747195898431 4.333333333333334 7
1747195898450 6.833333333333334 7
1747195898477 10.033333333333335 7
1747195898496 14.000000000000002 7
1747195898515 18.8 7
1747195898532 24.5 7
1747195898552 31.166666666666668 7
1747195898573 38.86666666666667 7
1747195898594 47.66666666666667 7
1747195898615 57.63333333333334 7
1747195898632 68.83333333333334 7
1747195898656 81.33333333333334 7
1747195898689 95.20000000000002 7
1747195898707 95.20000000000002 7
1747195898722 95.20000000000002 7
1747195898739 95.20000000000002 7
1747195898755 95.20000000000002 7
1747195898773 95.20000000000002 7
1747195898793 95.20000000000002 7
1747195898810 101.2 7
1747195898828 110.0 7
1747195898846 119.16666666666667 7
1747195898866 128.70000000000002 7
1747195898881 138.60000000000002 7
1747195898897 148.8666666666667 7
1747195898915 159.5666666666667 7
1747195898932 170.76666666666668 7
1747195898951 182.53333333333336 7
1747195898973 194.93333333333337 7
1747195898991 208.03333333333336 7
1747195899007 220.50000000000003 7
1747195899023 234.73333333333335 7
1747195899041 244.4666666666667 7
1747195899057 258.43333333333334 7
1747195899074 271.70000000000005 7
1747195899091 286.00000000000006 7
1747195899107 300.66666666666674 7
1747195899125 315.7000000000001 7
1747195899141 331.1000000000001 7
1747195899158 346.86666666666673 7
1747195899177 363.00000000000006 7
1747195899191 379.50000000000006 7
1747195899206 396.36666666666673 7
1747195899224 413.6000000000001 7
1747195899242 431.2000000000001 7
1747195899257 449.16666666666674 7
1747195899275 467.50000000000006 7
1747195899291 486.20000000000005 7
1747195899308 505.2666666666667 7
1747195899325 524.7 7
1747195899342 544.5 7
1747195899359 564.6666666666666 7
1747195899376 585.1999999999999 7
1747195899392 606.0999999999999 7
1747195899409 627.3666666666666 7
1747195899426 648.9999999999999 7
1747195899442 670.9999999999999 7
1747195899459 693.3666666666666 7
1747195899476 716.0999999999999 7
1747195899493 739.1999999999999 7
1747195899509 762.6666666666666 7
1747195899527 786.5 7
1747195899546 810.7 7
1747195899562 835.2666666666668 7
1747195899579 860.2 7
1747195899596 885.5 7
1747195899613 911.1666666666666 7
1747195899632 937.1999999999999 7
1747195899649 963.5999999999999 7
1747195899667 990.3666666666666 7
1747195899933 0.36666666666666664 8
1747195899958 1.1666666666666667 8
1747195899985 2.466666666666667 8
1747195900006 4.333333333333334 8
1747195900029 6.833333333333334 8
1747195900048 10.033333333333335 8
1747195900070 14.000000000000002 8
1747195900098 18.8 8
1747195900118 24.5 8
1747195900138 31.166666666666668 8
1747195900156 38.86666666666667 8
1747195900180 47.66666666666667 8
1747195900198 57.63333333333334 8
1747195900218 68.83333333333334 8
1747195900237 81.33333333333334 8
1747195900256 95.20000000000002 8
1747195900274 95.20000000000002 8
1747195900296 95.20000000000002 8
1747195900318 95.20000000000002 8
1747195900338 95.20000000000002 8
1747195900359 95.20000000000002 8
1747195900387 95.20000000000002 8
1747195900408 101.86666666666666 8
1747195900451 111.33333333333333 8
1747195900471 121.5 8
1747195900495 132.43333333333334 8
1747195900513 144.20000000000002 8
1747195900536 156.86666666666667 8
1747195900554 170.5 8
1747195900570 170.76666666666668 8
1747195900588 182.53333333333336 8
1747195900607 194.93333333333337 8
1747195900624 208.03333333333336 8
1747195900641 218.16666666666669 8
1747195900659 231.00000000000003 8
1747195900677 244.20000000000002 8
1747195900696 257.7666666666667 8
1747195900711 271.70000000000005 8
1747195900728 286.00000000000006 8
1747195900744 300.66666666666674 8
1747195900766 315.7000000000001 8
1747195900777 331.1000000000001 8
1747195900794 346.86666666666673 8
1747195900809 363.00000000000006 8
1747195900826 379.50000000000006 8
1747195900843 396.36666666666673 8
1747195900858 413.6000000000001 8
1747195900876 431.2000000000001 8
1747195900893 449.16666666666674 8
1747195900912 467.50000000000006 8
1747195900926 486.20000000000005 8
1747195900942 505.2666666666667 8
1747195900959 524.7 8
1747195900976 544.5 8
1747195900995 564.6666666666666 8
1747195901009 585.1999999999999 8
1747195901027 606.0999999999999 8
1747195901044 627.3666666666666 8
1747195901058 648.9999999999999 8
1747195901075 670.9999999999999 8
1747195901093 693.3666666666666 8
1747195901110 716.0999999999999 8
1747195901127 739.1999999999999 8
1747195901144 762.6666666666666 8
1747195901160 786.5 8
1747195901177 810.7 8
1747195901196 835.2666666666668 8
1747195901209 860.2 8
1747195901224 885.5 8
1747195901240 911.1666666666666 8
1747195901258 937.1999999999999 8
1747195901276 963.5999999999999 8
1747195901292 990.3666666666666 8
1747195901537 0.36666666666666664 9
1747195901560 1.1666666666666667 9
1747195901586 2.466666666666667 9
1747195901609 4.333333333333334 9
1747195901629 6.833333333333334 9
1747195901649 10.033333333333335 9
1747195901670 14.000000000000002 9
1747195901687 18.8 9
1747195901705 24.5 9
1747195901722 31.166666666666668 9
1747195901738 38.86666666666667 9
1747195901754 47.66666666666667 9
1747195901770 57.63333333333334 9
1747195901787 68.83333333333334 9
1747195901806 81.33333333333334 9
1747195901823 95.20000000000002 9
1747195901840 110.16666666666667 9
1747195901860 126.63333333333334 9
1747195901879 144.66666666666669 9
1747195901898 164.26666666666668 9
1747195901918 185.5 9
1747195901937 208.3 9
1747195901956 223.86666666666667 9
1747195901975 246.33333333333334 9
1747195901993 269.6333333333333 9
1747195902012 269.6333333333333 9
1747195902027 269.6333333333333 9
1747195902044 269.6333333333333 9
1747195902060 269.6333333333333 9
1747195902077 269.6333333333333 9
1747195902094 269.6333333333333 9
1747195902111 269.6333333333333 9
1747195902127 269.6333333333333 9
1747195902144 269.6333333333333 9
1747195902161 269.6333333333333 9
1747195902177 269.6333333333333 9
1747195902194 269.6333333333333 9
1747195902211 271.70000000000005 9
1747195902227 286.00000000000006 9
1747195902244 300.66666666666674 9
1747195902259 315.7000000000001 9
1747195902276 331.1000000000001 9
1747195902293 346.86666666666673 9
1747195902307 363.00000000000006 9
1747195902325 379.50000000000006 9
1747195902341 396.36666666666673 9
1747195902358 413.6000000000001 9
1747195902376 431.2000000000001 9
1747195902391 449.16666666666674 9
1747195902407 467.50000000000006 9
1747195902424 486.20000000000005 9
1747195902441 505.2666666666667 9
1747195902457 524.7 9
1747195902475 544.5 9
1747195902491 564.6666666666666 9
1747195902507 585.1999999999999 9
1747195902524 606.0999999999999 9
1747195902541 627.3666666666666 9
1747195902558 648.9999999999999 9
1747195902575 670.9999999999999 9
1747195902595 693.3666666666666 9
1747195902609 716.0999999999999 9
1747195902627 739.1999999999999 9
1747195902642 762.6666666666666 9
1747195902657 786.5 9
1747195902675 810.7 9
1747195902692 835.2666666666668 9
1747195902709 860.2 9
1747195902726 885.5 9
1747195902742 911.1666666666666 9
1747195902758 937.1999999999999 9
1747195902774 963.5999999999999 9
1747195902789 990.3666666666666 9
1747195902806 1017.4999999999999 9
1747195902824 1045.0 9
1747195902840 1072.8666666666666 9
1747195902857 1101.1 9
1747195902876 1129.6999999999998 9
1747195902894 1158.6666666666665 9
1747195902912 1187.9999999999998 9
1747195902935 1217.6999999999998 9
1747195902947 1247.7666666666664 9
1747195902962 1278.1999999999998 9
1747195903208 0.36666666666666664 10
1747195903229 1.1666666666666667 10
1747195903252 2.466666666666667 10
1747195903273 4.333333333333334 10
1747195903295 6.833333333333334 10
1747195903314 10.033333333333335 10
1747195903332 14.000000000000002 10
1747195903349 18.8 10
1747195903376 24.5 10
1747195903396 31.166666666666668 10
1747195903417 38.86666666666667 10
1747195903437 47.66666666666667 10
1747195903456 57.63333333333334 10
1747195903476 68.83333333333334 10
1747195903494 81.33333333333334 10
1747195903511 95.20000000000002 10
1747195903527 95.20000000000002 10
1747195903544 95.20000000000002 10
1747195903561 95.20000000000002 10
1747195903578 95.20000000000002 10
1747195903595 95.20000000000002 10
1747195903613 95.20000000000002 10
1747195903631 101.2 10
1747195903655 110.0 10
1747195903674 119.16666666666667 10
1747195903691 128.70000000000002 10
1747195903712 138.60000000000002 10
1747195903733 148.93333333333337 10
1747195903756 159.70000000000005 10
1747195903790 170.90000000000003 10
1747195903817 182.53333333333336 10
1747195903836 194.60000000000002 10
1747195903852 207.10000000000002 10
1747195903869 220.03333333333336 10
1747195903885 233.40000000000003 10
1747195903905 247.20000000000005 10
1747195903927 261.4333333333334 10
1747195903944 276.1000000000001 10
1747195903961 291.2000000000001 10
1747195903978 306.73333333333346 10
1747195903995 322.7000000000001 10
1747195904015 339.1000000000001 10
1747195904030 346.86666666666673 10
1747195904045 363.00000000000006 10
1747195904061 379.50000000000006 10
1747195904078 396.36666666666673 10
1747195904095 413.6000000000001 10
1747195904112 431.2000000000001 10
1747195904129 449.16666666666674 10
1747195904145 467.50000000000006 10
1747195904162 486.20000000000005 10
1747195904176 505.2666666666667 10
1747195904199 524.7 10
1747195904213 544.5 10
1747195904228 564.6666666666666 10
1747195904245 585.1999999999999 10
1747195904261 606.0999999999999 10
1747195904280 627.3666666666666 10
1747195904308 648.9999999999999 10
1747195904322 670.9999999999999 10
1747195904339 693.3666666666666 10
1747195904353 716.0999999999999 10
1747195904369 739.1999999999999 10
1747195904385 762.6666666666666 10
1747195904402 786.5 10
1747195904419 810.7 10
1747195904436 835.2666666666668 10
1747195904452 860.2 10
1747195904468 885.5 10
1747195904485 911.1666666666666 10
1747195904501 937.1999999999999 10
1747195904518 963.5999999999999 10
1747195904534 990.3666666666666 10
1747195904552 1017.4999999999999 10
1747195904565 1045.0 10
1747195904583 1072.8666666666666 10
1747195904600 1101.1 10
1747195904622 1129.6999999999998 10
1747195904640 1158.6666666666665 10
1747195904658 1187.9999999999998 10
1747195904670 1217.6999999999998 10
1747195904685 1247.7666666666664 10
1747195904702 1278.1999999999998 10
1747195904947 0.36666666666666664 11
1747195904968 1.1666666666666667 11
1747195904993 2.466666666666667 11
1747195905012 4.333333333333334 11
1747195905033 6.833333333333334 11
1747195905064 10.033333333333335 11
1747195905081 14.000000000000002 11
1747195905098 18.8 11
1747195905116 24.5 11
1747195905131 31.166666666666668 11
1747195905148 38.86666666666667 11
1747195905166 47.66666666666667 11
1747195905182 57.63333333333334 11
1747195905200 68.83333333333334 11
1747195905217 81.33333333333334 11
1747195905239 95.20000000000002 11
1747195905259 95.20000000000002 11
1747195905280 95.20000000000002 11
1747195905297 95.20000000000002 11
1747195905314 95.20000000000002 11
1747195905333 95.20000000000002 11
1747195905352 95.20000000000002 11
1747195905370 101.2 11
1747195905388 110.0 11
1747195905406 119.16666666666667 11
1747195905425 128.70000000000002 11
1747195905448 138.60000000000002 11
1747195905463 148.8666666666667 11
1747195905479 159.50000000000003 11
1747195905500 170.50000000000003 11
1747195905515 181.8666666666667 11
1747195905531 193.60000000000002 11
1747195905549 205.70000000000002 11
1747195905564 218.16666666666669 11
1747195905581 231.00000000000003 11
1747195905596 244.20000000000002 11
1747195905615 257.7666666666667 11
1747195905633 271.70000000000005 11
1747195905650 286.00000000000006 11
1747195905666 300.66666666666674 11
1747195905683 315.7000000000001 11
1747195905701 331.1000000000001 11
1747195905716 346.86666666666673 11
1747195905732 363.00000000000006 11
1747195905748 379.50000000000006 11
1747195905765 396.36666666666673 11
1747195905783 413.6000000000001 11
1747195905798 431.2000000000001 11
1747195905815 449.16666666666674 11
1747195905832 467.50000000000006 11
1747195905847 486.20000000000005 11
1747195905865 505.2666666666667 11
1747195905881 524.7 11
1747195905898 544.5 11
1747195905916 564.6666666666666 11
1747195905933 585.1999999999999 11
1747195905951 606.0999999999999 11
1747195905965 627.3666666666666 11
1747195905981 648.9999999999999 11
1747195905999 670.9999999999999 11
1747195906016 693.3666666666666 11
1747195906031 716.0999999999999 11
1747195906049 739.1999999999999 11
1747195906067 762.6666666666666 11
1747195906084 786.5 11
1747195906099 810.7 11
1747195906119 835.2666666666668 11
1747195906134 860.2 11
1747195906150 885.5 11
1747195906167 911.1666666666666 11
1747195906185 937.1999999999999 11
1747195906201 963.5999999999999 11
1747195906217 990.3666666666666 11
1747195906234 1017.4999999999999 11
1747195906249 1045.0 11
1747195906267 1072.8666666666666 11
1747195906282 1101.1 11
1747195906299 1129.6999999999998 11
1747195906318 1158.6666666666665 11
1747195906335 1187.9999999999998 11
1747195906350 1217.6999999999998 11
1747195906366 1247.7666666666664 11
1747195906383 1278.1999999999998 11
1747195906621 0.36666666666666664 12
1747195906642 1.1666666666666667 12
1747195906664 2.466666666666667 12
1747195906684 4.333333333333334 12
1747195906703 6.833333333333334 12
1747195906722 10.033333333333335 12
1747195906737 14.000000000000002 12
1747195906754 18.8 12
1747195906770 18.8 12
1747195906786 21.5 12
1747195906804 26.53333333333333 12
1747195906819 28.6 12
1747195906835 33.36666666666667 12
1747195906853 38.5 12
1747195906869 44.0 12
1747195906887 49.86666666666667 12
1747195906903 56.1 12
1747195906921 62.7 12
1747195906943 69.66666666666667 12
1747195906964 77.0 12
1747195906982 84.76666666666667 12
1747195906998 93.03333333333333 12
1747195907015 101.86666666666666 12
1747195907030 111.33333333333333 12
1747195907048 121.5 12
1747195907063 132.43333333333334 12
1747195907079 144.20000000000002 12
1747195907097 156.86666666666667 12
1747195907119 170.5 12
1747195907143 170.50000000000003 12
1747195907159 181.8666666666667 12
1747195907179 193.60000000000002 12
1747195907196 205.70000000000002 12
1747195907210 218.16666666666669 12
1747195907227 231.00000000000003 12
1747195907245 244.20000000000002 12
1747195907261 257.7666666666667 12
1747195907277 271.70000000000005 12
1747195907294 286.00000000000006 12
1747195907310 300.66666666666674 12
1747195907327 315.7000000000001 12
1747195907343 331.1000000000001 12
1747195907360 346.86666666666673 12
1747195907376 363.00000000000006 12
1747195907392 379.50000000000006 12
1747195907410 396.36666666666673 12
1747195907427 413.6000000000001 12
1747195907443 431.2000000000001 12
1747195907460 449.16666666666674 12
1747195907476 467.50000000000006 12
1747195907492 486.20000000000005 12
1747195907509 505.2666666666667 12
1747195907526 524.7 12
1747195907543 544.5 12
1747195907559 564.6666666666666 12
1747195907576 585.1999999999999 12
1747195907590 606.0999999999999 12
1747195907607 627.3666666666666 12
1747195907625 648.9999999999999 12
1747195907641 670.9999999999999 12
1747195907657 693.3666666666666 12
1747195907675 716.0999999999999 12
1747195907693 739.1999999999999 12
1747195907709 762.6666666666666 12
1747195907725 786.5 12
1747195907741 810.7 12
1747195907758 835.2666666666668 12
1747195907776 860.2 12
1747195907792 885.5 12
1747195907810 911.1666666666666 12
1747195907827 937.1999999999999 12
1747195907844 963.5999999999999 12
1747195907859 990.3666666666666 12
1747195907880 1017.4999999999999 12
1747195907894 1045.0 12
1747195907912 1072.8666666666666 12
1747195907929 1101.1 12
1747195907944 1129.6999999999998 12
1747195907964 1158.6666666666665 12
1747195907977 1187.9999999999998 12
1747195907996 1217.6999999999998 12
1747195908010 1247.7666666666664 12
1747195908030 1278.1999999999998 12
1747195908246 0.36666666666666664 13
1747195908264 1.0999999999999999 13
1747195908283 2.2666666666666666 13
1747195908303 3.8666666666666667 13
1747195908322 5.9 13
1747195908339 7.7 13
1747195908357 10.266666666666667 13
1747195908373 13.200000000000001 13
1747195908401 16.5 13
1747195908418 20.233333333333334 13
1747195908434 24.46666666666667 13
1747195908450 29.26666666666667 13
1747195908467 33.63333333333334 13
1747195908485 38.5 13
1747195908502 44.0 13
1747195908520 49.86666666666667 13
1747195908537 56.1 13
1747195908554 62.7 13
1747195908572 69.66666666666667 13
1747195908586 77.0 13
1747195908604 84.7 13
1747195908620 92.76666666666667 13
1747195908638 101.2 13
1747195908654 110.0 13
1747195908671 119.16666666666667 13
1747195908688 128.70000000000002 13
1747195908705 138.60000000000002 13
1747195908723 148.8666666666667 13
1747195908739 159.5666666666667 13
1747195908755 170.76666666666668 13
1747195908771 182.53333333333336 13
1747195908786 194.93333333333337 13
1747195908802 208.03333333333336 13
1747195908818 221.90000000000003 13
1747195908835 231.00000000000003 13
1747195908851 244.20000000000002 13
1747195908868 257.83333333333337 13
1747195908886 271.9666666666667 13
1747195908904 286.6666666666667 13
1747195908919 301.8666666666667 13
1747195908938 317.5 13
1747195908954 333.56666666666666 13
1747195908970 350.06666666666666 13
1747195908986 367.0 13
1747195909003 384.3666666666667 13
1747195909019 402.1666666666667 13
1747195909037 420.40000000000003 13
1747195909053 431.2000000000001 13
1747195909071 449.16666666666674 13
1747195909086 467.50000000000006 13
1747195909102 486.20000000000005 13
1747195909119 505.2666666666667 13
1747195909137 524.7 13
1747195909154 544.5 13
1747195909170 564.6666666666666 13
1747195909189 585.1999999999999 13
1747195909203 606.0999999999999 13
1747195909219 627.3666666666666 13
1747195909237 648.9999999999999 13
1747195909254 670.9999999999999 13
1747195909272 693.3666666666666 13
1747195909287 716.0999999999999 13
1747195909302 739.1999999999999 13
1747195909319 762.6666666666666 13
1747195909337 786.5 13
1747195909353 810.7 13
1747195909369 835.2666666666668 13
1747195909386 860.2 13
1747195909402 885.5 13
1747195909419 911.1666666666666 13
1747195909436 937.1999999999999 13
1747195909453 963.5999999999999 13
1747195909469 990.3666666666666 13
1747195909487 1017.4999999999999 13
1747195909504 1045.0 13
1747195909523 1072.8666666666666 13
1747195909537 1101.1 13
1747195909555 1129.6999999999998 13
1747195909571 1158.6666666666665 13
1747195909587 1187.9999999999998 13
1747195909606 1217.6999999999998 13
1747195909621 1247.7666666666664 13
1747195909638 1278.1999999999998 13
1747195909656 1308.9999999999998 13
1747195909671 1340.1666666666665 13
1747195909690 1371.6999999999998 13
1747195909707 1403.6666666666665 13
1747195909722 1436.0666666666666 13
1747195909739 1468.8999999999999 13
1747195909758 1502.1666666666665 13
1747195909776 1535.8666666666666 13
1747195909792 1570.0 13
1747195909810 1604.5666666666666 13
1747195909826 1639.5666666666666 13
1747195909844 1675.0 13
1747195910073 0.36666666666666664 14
1747195910095 1.1666666666666667 14
1747195910114 2.466666666666667 14
1747195910133 4.333333333333334 14
1747195910153 6.833333333333334 14
1747195910171 10.033333333333335 14
1747195910189 14.000000000000002 14
1747195910206 18.8 14
1747195910223 24.5 14
1747195910239 31.166666666666668 14
1747195910266 38.86666666666667 14
1747195910289 47.66666666666667 14
1747195910309 57.63333333333334 14
1747195910327 68.83333333333334 14
1747195910342 81.33333333333334 14
1747195910359 95.20000000000002 14
1747195910376 109.63333333333335 14
1747195910393 125.90000000000002 14
1747195910413 143.60000000000002 14
1747195910429 162.60000000000002 14
1747195910447 183.50000000000003 14
1747195910466 205.9666666666667 14
1747195910482 230.0666666666667 14
1747195910506 255.73333333333335 14
1747195910531 282.90000000000003 14
1747195910549 282.90000000000003 14
1747195910570 282.90000000000003 14
1747195910586 282.90000000000003 14
1747195910603 282.90000000000003 14
1747195910618 282.90000000000003 14
1747195910633 282.90000000000003 14
1747195910652 282.90000000000003 14
1747195910668 282.90000000000003 14
1747195910685 282.90000000000003 14
1747195910703 282.90000000000003 14
1747195910720 282.90000000000003 14
1747195910736 282.90000000000003 14
1747195910750 282.90000000000003 14
1747195910767 294.46666666666675 14
1747195910784 311.80000000000007 14
1747195910799 329.7666666666667 14
1747195910816 348.30000000000007 14
1747195910834 367.3333333333334 14
1747195910850 386.8666666666668 14
1747195910869 406.8333333333334 14
1747195910883 427.2333333333334 14
1747195910900 448.0666666666667 14
1747195910919 469.33333333333337 14
1747195910933 491.03333333333336 14
1747195910950 513.2333333333333 14
1747195910969 535.9333333333334 14
1747195910986 559.2 14
1747195911000 583.1 14
1747195911017 607.6333333333333 14
1747195911032 632.8666666666667 14
1747195911047 658.8666666666667 14
1747195911064 658.8666666666667 14
1747195911080 658.8666666666667 14
1747195911096 658.8666666666667 14
1747195911114 670.9999999999999 14
1747195911130 693.3666666666666 14
1747195911146 716.0999999999999 14
1747195911164 739.1999999999999 14
1747195911178 762.6666666666666 14
1747195911194 786.5 14
1747195911212 810.7 14
1747195911229 835.2666666666668 14
1747195911248 860.2 14
1747195911263 885.5 14
1747195911279 911.1666666666666 14
1747195911296 937.1999999999999 14
1747195911312 963.5999999999999 14
1747195911329 990.3666666666666 14
1747195911346 1017.4999999999999 14
1747195911363 1045.0 14
1747195911384 1072.8666666666666 14
1747195911397 1101.1 14
1747195911413 1129.6999999999998 14
1747195911429 1158.6666666666665 14
1747195911447 1187.9999999999998 14
1747195911464 1217.6999999999998 14
1747195911480 1247.7666666666664 14
1747195911496 1278.1999999999998 14
1747195911515 1308.9999999999998 14
1747195911531 1340.1666666666665 14
1747195911547 1371.6999999999998 14
1747195911567 1403.6666666666665 14
1747195911598 1436.0666666666666 14
1747195911617 1468.8999999999999 14
1747195911639 1502.1666666666665 14
1747195911669 1535.8666666666666 14
1747195911687 1570.0 14
1747195911704 1604.5666666666666 14
1747195911724 1639.5666666666666 14
1747195911737 1675.0 14
1747195912021 0.36666666666666664 15
1747195912046 1.1666666666666667 15
1747195912072 2.466666666666667 15
1747195912090 4.333333333333334 15
1747195912107 6.833333333333334 15
1747195912123 10.033333333333335 15
1747195912140 14.000000000000002 15
1747195912157 18.8 15
1747195912176 24.5 15
1747195912191 31.166666666666668 15
1747195912209 38.86666666666667 15
1747195912225 47.66666666666667 15
1747195912243 57.63333333333334 15
1747195912258 68.83333333333334 15
1747195912275 81.33333333333334 15
1747195912292 95.20000000000002 15
1747195912308 95.20000000000002 15
1747195912324 95.20000000000002 15
1747195912342 95.20000000000002 15
1747195912360 95.20000000000002 15
1747195912376 95.20000000000002 15
1747195912392 95.20000000000002 15
1747195912408 101.2 15
1747195912427 110.0 15
1747195912443 119.16666666666667 15
1747195912456 128.70000000000002 15
1747195912480 138.60000000000002 15
1747195912494 148.8666666666667 15
1747195912513 159.50000000000003 15
1747195912530 170.50000000000003 15
1747195912547 181.8666666666667 15
1747195912565 193.60000000000002 15
1747195912590 205.70000000000002 15
1747195912613 218.16666666666669 15
1747195912631 231.00000000000003 15
1747195912651 244.20000000000002 15
1747195912667 257.7666666666667 15
1747195912683 271.70000000000005 15
1747195912699 286.0666666666667 15
1747195912717 300.9333333333334 15
1747195912739 316.36666666666673 15
1747195912755 332.4333333333334 15
1747195912774 349.20000000000005 15
1747195912789 366.7333333333334 15
1747195912805 385.0333333333334 15
1747195912823 404.1000000000001 15
1747195912838 423.86666666666673 15
1747195912858 444.2666666666667 15
1747195912876 465.36666666666673 15
1747195912890 487.16666666666674 15
1747195912907 509.7333333333334 15
1747195912924 533.1333333333334 15
1747195912940 557.4333333333334 15
1747195912959 582.7 15
1747195912975 608.9333333333334 15
1747195912993 608.9333333333334 15
1747195913007 608.9333333333334 15
1747195913023 627.3666666666666 15
1747195913044 648.9999999999999 15
1747195913059 670.9999999999999 15
1747195913075 693.3666666666666 15
1747195913093 716.0999999999999 15
1747195913113 739.1999999999999 15
1747195913129 762.6666666666666 15
1747195913150 786.5 15
1747195913165 810.7666666666667 15
1747195913183 835.4666666666667 15
1747195913197 860.6 15
1747195913214 886.1666666666667 15
1747195913232 912.1666666666667 15
1747195913247 938.6 15
1747195913266 965.4666666666667 15
1747195913282 992.7666666666667 15
1747195913299 1020.5 15
1747195913313 1048.6666666666667 15
1747195913334 1077.2666666666667 15
1747195913347 1106.3 15
1747195913365 1135.7666666666667 15
1747195913382 1165.6666666666667 15
1747195913398 1196.0666666666668 15
1747195913411 1227.0333333333335 15
1747195913431 1258.5666666666668 15
1747195913447 1290.6666666666667 15
1747195913465 1323.2666666666667 15
1747195913481 1356.3 15
1747195913497 1389.7666666666667 15
1747195913513 1423.6666666666667 15
1747195913534 1458.0 15
1747195913547 1492.7666666666667 15
1747195913567 1527.9666666666667 15
1747195913584 1535.8666666666666 15
1747195913599 1570.0 15
1747195913618 1604.5666666666666 15
1747195913636 1639.5666666666666 15
1747195913650 1675.0 15
1747195913889 0.36666666666666664 16
1747195913910 1.0999999999999999 16
1747195913930 2.2666666666666666 16
1747195913949 3.8666666666666667 16
1747195913969 5.9 16
1747195914001 7.7 16
1747195914018 10.266666666666667 16
1747195914034 13.200000000000001 16
1747195914050 16.5 16
1747195914067 20.166666666666668 16
1747195914084 24.200000000000003 16
1747195914100 28.6 16
1747195914118 33.36666666666667 16
1747195914134 38.5 16
1747195914154 44.0 16
1747195914169 49.86666666666667 16
1747195914186 56.1 16
1747195914204 62.7 16
1747195914222 69.66666666666667 16
1747195914239 77.0 16
1747195914256 84.76666666666667 16
1747195914274 93.03333333333333 16
1747195914293 101.86666666666666 16
1747195914310 111.33333333333333 16
1747195914326 121.5 16
1747195914345 132.43333333333334 16
1747195914362 144.13333333333333 16
1747195914384 156.6 16
1747195914400 169.83333333333331 16
1747195914417 183.89999999999998 16
1747195914434 198.73333333333332 16
1747195914450 214.33333333333331 16
1747195914469 214.33333333333331 16
1747195914490 218.16666666666669 16
1747195914506 231.00000000000003 16
1747195914524 244.20000000000002 16
1747195914542 257.7666666666667 16
1747195914559 271.70000000000005 16
1747195914576 286.00000000000006 16
1747195914593 300.66666666666674 16
1747195914609 315.7000000000001 16
1747195914626 331.1000000000001 16
1747195914644 346.86666666666673 16
1747195914659 363.00000000000006 16
1747195914676 379.50000000000006 16
1747195914692 396.36666666666673 16
1747195914709 413.6000000000001 16
1747195914728 431.2000000000001 16
1747195914744 449.16666666666674 16
1747195914761 467.50000000000006 16
1747195914775 486.20000000000005 16
1747195914792 505.2666666666667 16
1747195914809 524.7 16
1747195914831 544.5 16
1747195914850 564.7333333333333 16
1747195914867 585.4666666666667 16
1747195914883 606.7 16
1747195914897 628.4333333333334 16
1747195914918 650.6666666666667 16
1747195914932 673.3333333333334 16
1747195914948 696.4333333333334 16
1747195914969 719.9666666666667 16
1747195914988 743.9333333333334 16
1747195915007 768.3333333333334 16
1747195915024 793.1666666666667 16
1747195915047 818.4333333333334 16
1747195915059 844.1333333333334 16
1747195915075 870.2666666666668 16
1747195915089 896.8333333333335 16
1747195915108 923.8333333333335 16
1747195915125 951.2666666666668 16
1747195915140 979.1333333333334 16
1747195915158 1007.4333333333334 16
1747195915176 1036.1666666666667 16
1747195915194 1065.3333333333335 16
1747195915216 1095.0000000000002 16
1747195915230 1125.2333333333336 16
1747195915247 1156.1000000000001 16
1747195915264 1187.6666666666667 16
1747195915280 1219.8666666666668 16
1747195915296 1252.7 16
1747195915313 1286.1000000000001 16
1747195915330 1320.0666666666668 16
1747195915347 1354.6000000000001 16
1747195915364 1389.7 16
1747195915380 1389.7666666666667 16
1747195915398 1423.6666666666667 16
1747195915418 1458.0 16
1747195915434 1492.7666666666667 16
1747195915447 1527.9666666666667 16
1747195915465 1535.8666666666666 16
1747195915480 1570.0 16
1747195915497 1604.5666666666666 16
1747195915520 1639.5666666666666 16
1747195915529 1675.0 16
1747195915549 1707.1999999999998 16
1747195915783 0.36666666666666664 17
1747195915802 1.1666666666666667 17
1747195915820 2.466666666666667 17
1747195915839 4.333333333333334 17
1747195915857 6.833333333333334 17
1747195915875 10.033333333333335 17
1747195915890 14.000000000000002 17
1747195915907 18.8 17
1747195915924 24.5 17
1747195915946 31.166666666666668 17
1747195915972 38.86666666666667 17
1747195915991 47.66666666666667 17
1747195916011 57.63333333333334 17
1747195916036 68.83333333333334 17
1747195916062 81.33333333333334 17
1747195916078 95.20000000000002 17
1747195916099 95.20000000000002 17
1747195916116 95.20000000000002 17
1747195916133 95.20000000000002 17
1747195916152 95.20000000000002 17
1747195916170 95.20000000000002 17
1747195916187 95.20000000000002 17
1747195916206 101.86666666666666 17
1747195916229 111.33333333333333 17
1747195916246 121.5 17
1747195916264 132.43333333333334 17
1747195916281 144.13333333333333 17
1747195916298 156.66666666666666 17
1747195916320 170.1 17
1747195916342 184.5 17
1747195916359 199.93333333333334 17
1747195916382 216.46666666666667 17
1747195916399 234.03333333333333 17
1747195916416 252.56666666666666 17
1747195916433 272.1333333333333 17
1747195916448 292.8 17
1747195916467 314.5 17
1747195916485 314.5 17
1747195916499 314.5 17
1747195916516 314.5 17
1747195916533 318.69999999999993 17
1747195916549 334.7666666666666 17
1747195916569 351.2666666666666 17
1747195916583 368.19999999999993 17
1747195916599 385.5666666666666 17
1747195916615 403.3666666666666 17
1747195916632 421.59999999999997 17
1747195916647 440.26666666666665 17
1747195916665 459.3666666666667 17
1747195916688 478.90000000000003 17
1747195916704 498.8666666666667 17
1747195916723 519.2666666666667 17
1747195916739 540.1 17
1747195916755 561.3666666666667 17
1747195916773 583.0666666666667 17
1747195916791 605.2 17
1747195916807 627.7666666666668 17
1747195916825 650.8333333333335 17
1747195916840 674.4666666666668 17
1747195916857 698.7333333333335 17
1747195916874 723.6333333333334 17
1747195916892 749.1666666666667 17
1747195916906 775.2666666666668 17
1747195916923 801.8666666666668 17
1747195916939 828.9000000000001 17
1747195916957 856.3666666666668 17
1747195916974 884.2666666666668 17
1747195916993 912.6000000000001 17
1747195917011 941.3666666666668 17
1747195917028 970.5666666666668 17
1747195917042 1000.2666666666669 17
1747195917064 1030.5333333333335 17
1747195917093 1061.4333333333336 17
1747195917111 1092.966666666667 17
1747195917128 1125.1333333333337 17
1747195917144 1157.9333333333336 17
1747195917161 1191.366666666667 17
1747195917178 1225.4333333333336 17
1747195917194 1260.1333333333337 17
1747195917212 1260.1333333333337 17
1747195917232 1260.1333333333337 17
1747195917246 1260.1333333333337 17
1747195917263 1290.6666666666667 17
1747195917278 1323.2666666666667 17
1747195917296 1356.3 17
1747195917312 1389.7666666666667 17
1747195917327 1423.6666666666667 17
1747195917345 1458.0 17
1747195917371 1492.7666666666667 17
1747195917382 1527.9666666666667 17
1747195917399 1535.8666666666666 17
1747195917415 1570.0 17
1747195917436 1604.5666666666666 17
1747195917449 1639.5666666666666 17
1747195917465 1675.0 17
1747195917483 1707.1999999999998 17
1747195917752 0.36666666666666664 18
1747195917776 1.1666666666666667 18
1747195917800 2.466666666666667 18
1747195917822 4.333333333333334 18
1747195917845 6.833333333333334 18
1747195917869 10.033333333333335 18
1747195917892 13.866666666666669 18
1747195917914 18.26666666666667 18
1747195917936 23.16666666666667 18
1747195917953 28.500000000000004 18
1747195917972 34.26666666666667 18
1747195917994 40.466666666666676 18
1747195918014 47.10000000000001 18
1747195918032 54.16666666666667 18
1747195918053 61.733333333333334 18
1747195918072 69.86666666666667 18
1747195918091 78.63333333333334 18
1747195918111 88.10000000000001 18
1747195918131 98.33333333333334 18
1747195918148 109.4 18
1747195918164 121.30000000000001 18
1747195918188 134.10000000000002 18
1747195918211 147.8666666666667 18
1747195918229 162.6666666666667 18
1747195918246 178.56666666666672 18
1747195918264 195.63333333333338 18
1747195918280 213.9333333333334 18
1747195918297 233.5333333333334 18
1747195918314 254.50000000000006 18
1747195918334 276.7666666666667 18
1747195918352 276.7666666666667 18
1747195918369 276.7666666666667 18
1747195918386 276.7666666666667 18
1747195918402 276.7666666666667 18
1747195918419 276.7666666666667 18
1747195918438 276.7666666666667 18
1747195918458 276.7666666666667 18
1747195918476 281.6333333333333 18
1747195918491 298.93333333333334 18
1747195918509 317.0 18
1747195918526 335.76666666666665 18
1747195918542 355.16666666666663 18
1747195918557 375.26666666666665 18
1747195918574 396.06666666666666 18
1747195918590 417.5 18
1747195918606 439.56666666666666 18
1747195918623 462.2 18
1747195918639 485.46666666666664 18
1747195918657 509.4333333333333 18
1747195918673 534.0999999999999 18
1747195918689 559.4666666666666 18
1747195918706 585.4666666666666 18
1747195918723 612.0999999999999 18
1747195918739 639.4333333333333 18
1747195918754 667.4666666666666 18
1747195918772 696.2666666666665 18
1747195918787 725.8999999999999 18
1747195918804 756.4333333333332 18
1747195918820 787.9333333333332 18
1747195918840 820.3333333333331 18
1747195918853 853.6333333333331 18
1747195918870 887.8333333333331 18
1747195918886 887.8333333333331 18
1747195918902 887.8333333333331 18
1747195918920 887.8333333333331 18
1747195918937 887.8333333333331 18
1747195918953 887.8333333333331 18
1747195918970 887.8333333333331 18
1747195918988 887.8333333333331 18
1747195919005 912.1666666666667 18
1747195919022 938.6 18
1747195919046 965.4666666666667 18
1747195919078 992.7666666666667 18
1747195919089 1020.5 18
1747195919105 1048.6666666666667 18
1747195919122 1077.2666666666667 18
1747195919139 1106.3 18
1747195919157 1135.7666666666667 18
1747195919172 1165.6666666666667 18
1747195919189 1196.0666666666668 18
1747195919207 1227.0333333333335 18
1747195919227 1258.5666666666668 18
1747195919240 1290.6666666666667 18
1747195919257 1323.2666666666667 18
1747195919274 1356.3 18
1747195919288 1389.7666666666667 18
1747195919306 1423.6666666666667 18
1747195919325 1458.0 18
1747195919340 1492.7666666666667 18
1747195919357 1527.9666666666667 18
1747195919373 1535.8666666666666 18
1747195919388 1570.0 18
1747195919405 1604.5666666666666 18
1747195919421 1639.5666666666666 18
1747195919439 1675.0 18
1747195919456 1707.1999999999998 18
1747195919474 1742.7666666666664 18
1747195919493 1778.6999999999998 18
1747195919506 1814.9999999999998 18
1747195919523 1851.6666666666665 18
1747195919539 1888.6999999999998 18
1747195919555 1926.1 18
1747195919814 0.36666666666666664 19
1747195919844 1.1666666666666667 19
1747195919869 2.466666666666667 19
1747195919902 4.333333333333334 19
1747195919933 6.833333333333334 19
1747195919951 10.033333333333335 19
1747195919970 14.000000000000002 19
1747195919987 18.8 19
1747195920007 24.5 19
1747195920039 31.166666666666668 19
1747195920064 38.86666666666667 19
1747195920082 47.66666666666667 19
1747195920100 57.63333333333334 19
1747195920117 68.83333333333334 19
1747195920134 81.33333333333334 19
1747195920150 95.20000000000002 19
1747195920167 95.20000000000002 19
1747195920183 95.20000000000002 19
1747195920198 95.20000000000002 19
1747195920214 95.20000000000002 19
1747195920234 95.20000000000002 19
1747195920256 95.20000000000002 19
1747195920272 101.86666666666666 19
1747195920289 111.33333333333333 19
1747195920305 121.5 19
1747195920321 132.43333333333334 19
1747195920336 144.13333333333333 19
1747195920354 156.6 19
1747195920370 169.83333333333331 19
1747195920387 183.76666666666665 19
1747195920403 198.33333333333331 19
1747195920422 213.5333333333333 19
1747195920438 229.36666666666665 19
1747195920456 245.83333333333331 19
1747195920470 262.93333333333334 19
1747195920486 262.93333333333334 19
1747195920502 262.93333333333334 19
1747195920519 274.43333333333334 19
1747195920537 290.2 19
1747195920552 306.8 19
1747195920567 315.7000000000001 19
1747195920587 331.1000000000001 19
1747195920601 346.86666666666673 19
1747195920617 363.00000000000006 19
1747195920633 379.50000000000006 19
1747195920651 396.36666666666673 19
1747195920667 413.6000000000001 19
1747195920685 431.2000000000001 19
1747195920701 449.16666666666674 19
1747195920717 467.50000000000006 19
1747195920733 486.20000000000005 19
1747195920749 505.2666666666667 19
1747195920767 524.7 19
1747195920789 544.5 19
1747195920804 564.6666666666666 19
1747195920822 585.1999999999999 19
1747195920836 606.0999999999999 19
1747195920853 627.3666666666666 19
1747195920869 648.9999999999999 19
1747195920886 670.9999999999999 19
1747195920902 693.3666666666666 19
1747195920920 716.0999999999999 19
1747195920936 739.2666666666665 19
1747195920952 762.9333333333332 19
1747195920971 787.1666666666665 19
1747195920984 811.8999999999999 19
1747195921003 837.0666666666665 19
1747195921018 862.6666666666665 19
1747195921033 888.6999999999998 19
1747195921049 915.1666666666665 19
1747195921066 942.0666666666665 19
1747195921084 969.3999999999999 19
1747195921100 997.1666666666665 19
1747195921116 1025.3666666666666 19
1747195921132 1054.0 19
1747195921150 1083.1333333333334 19
1747195921167 1112.8333333333335 19
1747195921183 1143.1000000000001 19
1747195921199 1173.9333333333334 19
1747195921216 1187.9999999999998 19
1747195921236 1217.6999999999998 19
1747195921250 1247.7666666666664 19
1747195921267 1278.1999999999998 19
1747195921282 1308.9999999999998 19
1747195921300 1340.1666666666665 19
1747195921319 1371.6999999999998 19
1747195921337 1403.6666666666665 19
1747195921352 1436.0666666666666 19
1747195921367 1468.8999999999999 19
1747195921435 1502.1666666666665 19
1747195921454 1535.8666666666666 19
1747195921469 1570.0 19
1747195921484 1604.5666666666666 19
1747195921501 1639.5666666666666 19
1747195921519 1675.0 19
1747195921534 1707.1999999999998 19
1747195921549 1742.7666666666664 19
1747195921565 1778.6999999999998 19
1747195921582 1814.9999999999998 19
1747195921598 1851.6666666666665 19
1747195921615 1888.6999999999998 19
1747195921633 1926.1 19
1747195921855 0.36666666666666664 20
1747195921873 1.1666666666666667 20
1747195921891 2.466666666666667 20
1747195921910 4.333333333333334 20
1747195921928 6.833333333333334 20
1747195921945 10.033333333333335 20
1747195921960 14.000000000000002 20
1747195921977 18.8 20
1747195921993 24.5 20
1747195922010 31.166666666666668 20
1747195922026 38.86666666666667 20
1747195922043 47.66666666666667 20
1747195922059 57.63333333333334 20
1747195922075 68.83333333333334 20
1747195922092 81.26666666666668 20
1747195922109 95.00000000000001 20
1747195922125 110.10000000000001 20
1747195922140 126.63333333333334 20
1747195922157 144.66666666666669 20
1747195922176 164.26666666666668 20
1747195922192 185.5 20
1747195922209 208.36666666666667 20
1747195922225 232.86666666666667 20
1747195922240 258.93333333333334 20
1747195922258 286.56666666666666 20
1747195922274 286.56666666666666 20
1747195922291 286.56666666666666 20
1747195922309 286.56666666666666 20
1747195922327 286.56666666666666 20
1747195922343 286.56666666666666 20
1747195922361 286.56666666666666 20
1747195922378 286.56666666666666 20
1747195922396 286.56666666666666 20
1747195922412 286.56666666666666 20
1747195922427 286.56666666666666 20
1747195922444 286.56666666666666 20
1747195922461 293.96666666666675 20
1747195922477 311.5000000000001 20
1747195922496 329.46666666666675 20
1747195922520 347.86666666666673 20
1747195922533 366.7666666666667 20
1747195922548 386.23333333333335 20
1747195922565 406.33333333333337 20
1747195922584 427.1333333333334 20
1747195922601 448.70000000000005 20
1747195922618 471.03333333333336 20
1747195922633 494.0666666666667 20
1747195922649 517.7333333333333 20
1747195922666 541.9666666666667 20
1747195922681 566.7666666666667 20
1747195922697 592.0666666666666 20
1747195922715 617.8666666666666 20
1747195922732 644.0999999999999 20
1747195922749 670.7666666666665 20
1747195922766 697.8666666666666 20
1747195922781 725.3999999999999 20
1747195922798 753.3666666666666 20
1747195922817 781.7666666666665 20
1747195922831 810.5999999999999 20
1747195922849 839.8666666666666 20
1747195922866 869.5666666666666 20
1747195922881 899.6999999999999 20
1747195922897 930.2666666666667 20
1747195922915 961.2666666666667 20
1747195922930 992.6999999999999 20
1747195922945 1024.5666666666666 20
1747195922962 1056.8666666666666 20
1747195922980 1089.6 20
1747195922997 1122.7666666666667 20
1747195923014 1156.3666666666666 20
1747195923030 1190.3999999999999 20
1747195923047 1224.8666666666666 20
1747195923065 1259.7666666666667 20
1747195923082 1295.1 20
1747195923098 1330.8666666666666 20
1747195923113 1330.8666666666666 20
1747195923132 1330.8666666666666 20
1747195923148 1330.8666666666666 20
1747195923165 1330.8666666666666 20
1747195923181 1330.8666666666666 20
1747195923200 1330.8666666666666 20
1747195923216 1330.8666666666666 20
1747195923232 1330.8666666666666 20
1747195923245 1330.8666666666666 20
1747195923265 1340.1666666666665 20
1747195923279 1371.6999999999998 20
1747195923296 1403.6 20
1747195923313 1435.8666666666666 20
1747195923327 1468.5 20
1747195923347 1501.5 20
1747195923361 1534.8666666666666 20
1747195923377 1568.6 20
1747195923394 1602.6999999999998 20
1747195923412 1637.1666666666665 20
1747195923427 1671.9999999999998 20
1747195923443 1707.1999999999998 20
1747195923459 1742.7666666666664 20
1747195923479 1778.6999999999998 20
1747195923496 1814.9999999999998 20
1747195923511 1851.6666666666665 20
1747195923529 1888.6999999999998 20
1747195923544 1926.1 20
1747195923756 0.36666666666666664 21
