1747195891782 30.0 1
1747195891807 30.0 1
1747195891828 30.0 1
1747195891847 30.0 1
1747195891866 29.0 1
1747195891883 20.0 1
1747195891900 11.0 1
1747195891917 9.0 1
1747195891933 9.0 1
1747195891950 7.0 1
1747195891970 7.0 1
1747195891989 7.0 1
1747195892010 7.0 1
1747195892026 7.0 1
1747195892044 6.0 1
1747195892060 6.0 1
1747195892078 4.0 1
1747195892095 4.0 1
1747195892111 3.0 1
1747195892127 3.0 1
1747195892144 3.0 1
1747195892160 3.0 1
1747195892178 3.0 1
1747195892193 3.0 1
1747195892210 3.0 1
1747195892227 3.0 1
1747195892243 3.0 1
1747195892260 3.0 1
1747195892276 3.0 1
1747195892292 3.0 1
1747195892309 3.0 1
1747195892325 3.0 1
1747195892343 2.0 1
1747195892359 2.0 1
1747195892376 2.0 1
1747195892393 2.0 1
1747195892407 2.0 1
1747195892657 30.0 2
1747195892680 30.0 2
1747195892702 30.0 2
1747195892725 30.0 2
1747195892744 27.0 2
1747195892764 26.0 2
1747195892783 25.0 2
1747195892801 25.0 2
1747195892818 23.0 2
1747195892835 23.0 2
1747195892853 23.0 2
1747195892868 22.0 2
1747195892891 21.0 2
1747195892925 21.0 2
1747195892961 20.0 2
1747195892986 20.0 2
1747195893002 15.0 2
1747195893018 15.0 2
1747195893035 15.0 2
1747195893052 15.0 2
1747195893069 15.0 2
1747195893085 15.0 2
1747195893101 15.0 2
1747195893117 15.0 2
1747195893135 15.0 2
1747195893158 15.0 2
1747195893175 15.0 2
1747195893194 15.0 2
1747195893209 15.0 2
1747195893227 15.0 2
1747195893243 15.0 2
1747195893259 15.0 2
1747195893277 14.0 2
1747195893295 14.0 2
1747195893312 14.0 2
1747195893329 14.0 2
1747195893347 13.0 2
1747195893600 30.0 3
1747195893622 30.0 3
1747195893644 30.0 3
1747195893665 30.0 3
1747195893688 30.0 3
1747195893710 29.0 3
1747195893754 27.0 3
1747195893779 26.0 3
1747195893800 26.0 3
1747195893818 26.0 3
1747195893841 26.0 3
1747195893860 25.0 3
1747195893883 24.0 3
1747195893914 24.0 3
1747195893939 21.0 3
1747195893956 21.0 3
1747195893974 20.0 3
1747195893993 20.0 3
1747195894011 20.0 3
1747195894027 20.0 3
1747195894047 20.0 3
1747195894066 20.0 3
1747195894087 20.0 3
1747195894106 20.0 3
1747195894124 19.0 3
1747195894140 18.0 3
1747195894158 18.0 3
1747195894176 18.0 3
1747195894194 18.0 3
1747195894212 16.0 3
1747195894228 16.0 3
1747195894244 16.0 3
1747195894261 15.0 3
1747195894278 15.0 3
1747195894298 15.0 3
1747195894316 15.0 3
1747195894335 15.0 3
1747195894584 30.0 4
1747195894610 30.0 4
1747195894636 30.0 4
1747195894657 30.0 4
1747195894677 29.0 4
1747195894695 28.0 4
1747195894713 26.0 4
1747195894730 24.0 4
1747195894750 23.0 4
1747195894769 23.0 4
1747195894784 23.0 4
1747195894802 23.0 4
1747195894820 23.0 4
1747195894839 23.0 4
1747195894856 20.0 4
1747195894873 20.0 4
1747195894898 17.0 4
1747195894925 17.0 4
1747195894943 17.0 4
1747195894959 17.0 4
1747195894976 17.0 4
1747195894993 17.0 4
1747195895010 17.0 4
1747195895028 17.0 4
1747195895043 17.0 4
1747195895059 17.0 4
1747195895076 17.0 4
1747195895092 17.0 4
1747195895107 17.0 4
1747195895124 17.0 4
1747195895141 17.0 4
1747195895162 17.0 4
1747195895179 16.0 4
1747195895197 16.0 4
1747195895213 16.0 4
1747195895230 16.0 4
1747195895248 16.0 4
1747195895480 30.0 5
1747195895501 30.0 5
1747195895522 30.0 5
1747195895545 30.0 5
1747195895565 30.0 5
1747195895585 29.0 5
1747195895602 25.0 5
1747195895623 23.0 5
1747195895641 23.0 5
1747195895659 23.0 5
1747195895681 23.0 5
1747195895700 23.0 5
1747195895719 23.0 5
1747195895742 23.0 5
1747195895758 20.0 5
1747195895774 20.0 5
1747195895791 19.0 5
1747195895809 19.0 5
1747195895830 19.0 5
1747195895849 19.0 5
1747195895865 19.0 5
1747195895888 19.0 5
1747195895909 19.0 5
1747195895935 19.0 5
1747195895953 19.0 5
1747195895976 19.0 5
1747195895993 19.0 5
1747195896010 18.0 5
1747195896030 18.0 5
1747195896050 17.0 5
1747195896068 17.0 5
1747195896085 17.0 5
1747195896109 16.0 5
1747195896145 16.0 5
1747195896163 16.0 5
1747195896179 16.0 5
1747195896196 14.0 5
1747195896214 1.0 5
1747195896231 1.0 5
1747195896246 1.0 5
1747195896265 1.0 5
1747195896283 1.0 5
1747195896305 1.0 5
1747195896322 1.0 5
1747195896339 1.0 5
1747195896355 1.0 5
1747195896372 1.0 5
1747195896388 1.0 5
1747195896404 1.0 5
1747195896420 1.0 5
1747195896436 1.0 5
1747195896453 1.0 5
1747195896470 1.0 5
1747195896485 1.0 5
1747195896502 1.0 5
1747195896519 1.0 5
1747195896534 1.0 5
1747195896549 1.0 5
1747195896570 1.0 5
1747195896844 30.0 6
1747195896866 30.0 6
1747195896891 30.0 6
1747195896917 30.0 6
1747195896955 30.0 6
1747195896994 27.0 6
1747195897018 25.0 6
1747195897036 25.0 6
1747195897055 25.0 6
1747195897073 25.0 6
1747195897091 25.0 6
1747195897109 25.0 6
1747195897130 25.0 6
1747195897150 25.0 6
1747195897169 23.0 6
1747195897188 23.0 6
1747195897205 20.0 6
1747195897223 20.0 6
1747195897242 20.0 6
1747195897259 20.0 6
1747195897276 20.0 6
1747195897294 20.0 6
1747195897310 20.0 6
1747195897328 20.0 6
1747195897344 20.0 6
1747195897360 20.0 6
1747195897377 20.0 6
1747195897394 20.0 6
1747195897411 20.0 6
1747195897427 20.0 6
1747195897445 20.0 6
1747195897462 20.0 6
1747195897480 20.0 6
1747195897499 20.0 6
1747195897517 19.0 6
1747195897535 18.0 6
1747195897553 18.0 6
1747195897570 3.0 6
1747195897587 3.0 6
1747195897604 3.0 6
1747195897620 3.0 6
1747195897637 3.0 6
1747195897652 3.0 6
1747195897669 3.0 6
1747195897685 3.0 6
1747195897702 2.0 6
1747195897718 2.0 6
1747195897736 2.0 6
1747195897751 2.0 6
1747195897767 2.0 6
1747195897785 2.0 6
1747195897802 2.0 6
1747195897820 2.0 6
1747195897837 2.0 6
1747195897853 2.0 6
1747195897870 2.0 6
1747195897886 2.0 6
1747195897903 2.0 6
1747195897919 2.0 6
1747195897936 1.0 6
1747195897953 1.0 6
1747195897969 1.0 6
1747195897985 1.0 6
1747195898000 1.0 6
1747195898017 1.0 6
1747195898034 1.0 6
1747195898051 1.0 6
1747195898067 1.0 6
1747195898083 1.0 6
1747195898100 1.0 6
1747195898117 1.0 6
1747195898134 1.0 6
1747195898365 30.0 7
1747195898385 30.0 7
1747195898406 30.0 7
1747195898427 30.0 7
1747195898446 30.0 7
1747195898464 30.0 7
1747195898492 24.0 7
1747195898509 24.0 7
1747195898528 22.0 7
1747195898546 22.0 7
1747195898569 22.0 7
1747195898589 22.0 7
1747195898610 22.0 7
1747195898628 22.0 7
1747195898646 21.0 7
1747195898681 21.0 7
1747195898702 16.0 7
1747195898717 16.0 7
1747195898734 16.0 7
1747195898750 16.0 7
1747195898767 16.0 7
1747195898788 16.0 7
1747195898806 16.0 7
1747195898823 16.0 7
1747195898839 16.0 7
1747195898858 16.0 7
1747195898876 16.0 7
1747195898892 16.0 7
1747195898908 16.0 7
1747195898927 16.0 7
1747195898945 16.0 7
1747195898965 16.0 7
1747195898987 16.0 7
1747195899002 15.0 7
1747195899019 15.0 7
1747195899036 14.0 7
1747195899053 14.0 7
1747195899069 4.0 7
1747195899086 4.0 7
1747195899102 4.0 7
1747195899118 4.0 7
1747195899135 4.0 7
1747195899153 4.0 7
1747195899169 4.0 7
1747195899185 4.0 7
1747195899201 3.0 7
1747195899218 3.0 7
1747195899236 3.0 7
1747195899252 3.0 7
1747195899270 3.0 7
1747195899287 3.0 7
1747195899303 3.0 7
1747195899320 3.0 7
1747195899337 3.0 7
1747195899354 3.0 7
1747195899371 3.0 7
1747195899388 3.0 7
1747195899404 3.0 7
1747195899421 3.0 7
1747195899438 2.0 7
1747195899455 2.0 7
1747195899472 2.0 7
1747195899487 2.0 7
1747195899504 2.0 7
1747195899521 2.0 7
1747195899538 2.0 7
1747195899555 2.0 7
1747195899572 2.0 7
1747195899589 2.0 7
1747195899605 2.0 7
1747195899625 2.0 7
1747195899643 2.0 7
1747195899660 1.0 7
1747195899929 30.0 8
1747195899951 30.0 8
1747195899980 30.0 8
1747195900001 30.0 8
1747195900025 29.0 8
1747195900044 29.0 8
1747195900064 23.0 8
1747195900092 23.0 8
1747195900114 23.0 8
1747195900133 23.0 8
1747195900152 23.0 8
1747195900175 23.0 8
1747195900193 22.0 8
1747195900213 21.0 8
1747195900232 21.0 8
1747195900249 20.0 8
1747195900268 17.0 8
1747195900291 17.0 8
1747195900310 17.0 8
1747195900333 17.0 8
1747195900354 17.0 8
1747195900380 17.0 8
1747195900403 17.0 8
1747195900435 17.0 8
1747195900463 17.0 8
1747195900488 17.0 8
1747195900508 17.0 8
1747195900529 17.0 8
1747195900548 17.0 8
1747195900565 16.0 8
1747195900582 16.0 8
1747195900600 16.0 8
1747195900619 16.0 8
1747195900635 15.0 8
1747195900655 15.0 8
1747195900672 15.0 8
1747195900688 15.0 8
1747195900706 7.0 8
1747195900723 6.0 8
1747195900739 6.0 8
1747195900757 6.0 8
1747195900773 6.0 8
1747195900788 6.0 8
1747195900805 6.0 8
1747195900821 5.0 8
1747195900838 5.0 8
1747195900853 5.0 8
1747195900870 5.0 8
1747195900888 5.0 8
1747195900904 5.0 8
1747195900919 5.0 8
1747195900936 5.0 8
1747195900952 4.0 8
1747195900969 4.0 8
1747195900986 4.0 8
1747195901004 4.0 8
1747195901020 4.0 8
1747195901037 4.0 8
1747195901053 4.0 8
1747195901070 3.0 8
1747195901088 3.0 8
1747195901103 3.0 8
1747195901120 3.0 8
1747195901137 3.0 8
1747195901154 2.0 8
1747195901168 2.0 8
1747195901186 2.0 8
1747195901203 2.0 8
1747195901219 2.0 8
1747195901235 2.0 8
1747195901252 2.0 8
1747195901270 2.0 8
1747195901286 1.0 8
1747195901532 30.0 9
1747195901555 30.0 9
1747195901580 30.0 9
1747195901603 30.0 9
1747195901625 29.0 9
1747195901643 26.0 9
1747195901664 24.0 9
1747195901682 20.0 9
1747195901699 17.0 9
1747195901717 17.0 9
1747195901733 17.0 9
1747195901749 17.0 9
1747195901765 17.0 9
1747195901782 17.0 9
1747195901801 16.0 9
1747195901819 16.0 9
1747195901836 15.0 9
1747195901853 15.0 9
1747195901874 15.0 9
1747195901891 15.0 9
1747195901911 15.0 9
1747195901930 15.0 9
1747195901949 14.0 9
1747195901970 14.0 9
1747195901989 14.0 9
1747195902007 13.0 9
1747195902022 13.0 9
1747195902039 13.0 9
1747195902056 13.0 9
1747195902072 13.0 9
1747195902088 13.0 9
1747195902105 13.0 9
1747195902121 13.0 9
1747195902139 13.0 9
1747195902155 13.0 9
1747195902172 12.0 9
1747195902189 12.0 9
1747195902205 9.0 9
1747195902221 8.0 9
1747195902237 8.0 9
1747195902254 8.0 9
1747195902270 8.0 9
1747195902286 7.0 9
1747195902302 7.0 9
1747195902320 7.0 9
1747195902336 7.0 9
1747195902353 7.0 9
1747195902369 7.0 9
1747195902386 7.0 9
1747195902401 7.0 9
1747195902418 7.0 9
1747195902434 7.0 9
1747195902451 6.0 9
1747195902468 6.0 9
1747195902485 6.0 9
1747195902501 6.0 9
1747195902519 6.0 9
1747195902535 6.0 9
1747195902552 6.0 9
1747195902569 5.0 9
1747195902586 5.0 9
1747195902603 5.0 9
1747195902620 5.0 9
1747195902637 5.0 9
1747195902652 3.0 9
1747195902668 3.0 9
1747195902685 3.0 9
1747195902702 3.0 9
1747195902719 3.0 9
1747195902735 3.0 9
1747195902752 3.0 9
1747195902768 3.0 9
1747195902783 2.0 9
1747195902800 1.0 9
1747195902818 1.0 9
1747195902833 1.0 9
1747195902851 1.0 9
1747195902868 1.0 9
1747195902884 1.0 9
1747195902900 1.0 9
1747195902919 1.0 9
1747195902941 1.0 9
1747195902957 1.0 9
1747195903202 30.0 10
1747195903223 30.0 10
1747195903246 30.0 10
1747195903269 30.0 10
1747195903290 30.0 10
1747195903309 28.0 10
1747195903328 22.0 10
1747195903344 20.0 10
1747195903366 19.0 10
1747195903389 19.0 10
1747195903410 19.0 10
1747195903430 18.0 10
1747195903449 18.0 10
1747195903470 17.0 10
1747195903488 17.0 10
1747195903506 17.0 10
1747195903522 16.0 10
1747195903539 16.0 10
1747195903556 16.0 10
1747195903573 16.0 10
1747195903590 16.0 10
1747195903609 16.0 10
1747195903625 16.0 10
1747195903646 16.0 10
1747195903667 15.0 10
1747195903685 14.0 10
1747195903705 14.0 10
1747195903725 14.0 10
1747195903748 13.0 10
1747195903778 13.0 10
1747195903809 13.0 10
1747195903831 13.0 10
1747195903847 13.0 10
1747195903864 13.0 10
1747195903880 13.0 10
1747195903897 13.0 10
1747195903920 13.0 10
1747195903939 10.0 10
1747195903956 10.0 10
1747195903974 10.0 10
1747195903991 10.0 10
1747195904007 10.0 10
1747195904024 9.0 10
1747195904041 9.0 10
1747195904057 9.0 10
1747195904073 9.0 10
1747195904090 9.0 10
1747195904106 9.0 10
1747195904123 9.0 10
1747195904139 9.0 10
1747195904156 9.0 10
1747195904172 9.0 10
1747195904190 9.0 10
1747195904208 9.0 10
1747195904223 9.0 10
1747195904241 9.0 10
1747195904257 9.0 10
1747195904273 9.0 10
1747195904291 9.0 10
1747195904314 8.0 10
1747195904332 8.0 10
1747195904347 8.0 10
1747195904364 8.0 10
1747195904380 8.0 10
1747195904397 5.0 10
1747195904413 5.0 10
1747195904430 5.0 10
1747195904446 5.0 10
1747195904463 5.0 10
1747195904480 5.0 10
1747195904497 5.0 10
1747195904513 5.0 10
1747195904530 4.0 10
1747195904546 3.0 10
1747195904561 3.0 10
1747195904578 3.0 10
1747195904595 2.0 10
1747195904613 2.0 10
1747195904633 2.0 10
1747195904648 1.0 10
1747195904664 1.0 10
1747195904681 1.0 10
1747195904697 1.0 10
1747195904942 30.0 11
1747195904963 30.0 11
1747195904986 30.0 11
1747195905007 30.0 11
1747195905028 29.0 11
1747195905058 28.0 11
1747195905076 21.0 11
1747195905092 21.0 11
1747195905109 20.0 11
1747195905127 20.0 11
1747195905144 20.0 11
1747195905161 19.0 11
1747195905178 19.0 11
1747195905195 17.0 11
1747195905212 17.0 11
1747195905232 17.0 11
1747195905253 15.0 11
1747195905275 15.0 11
1747195905293 15.0 11
1747195905309 15.0 11
1747195905327 15.0 11
1747195905345 15.0 11
1747195905365 15.0 11
1747195905382 15.0 11
1747195905399 14.0 11
1747195905417 14.0 11
1747195905441 14.0 11
1747195905458 14.0 11
1747195905475 14.0 11
1747195905493 14.0 11
1747195905510 13.0 11
1747195905527 13.0 11
1747195905544 12.0 11
1747195905560 12.0 11
1747195905577 12.0 11
1747195905592 12.0 11
1747195905611 12.0 11
1747195905628 9.0 11
1747195905645 9.0 11
1747195905661 9.0 11
1747195905678 9.0 11
1747195905695 8.0 11
1747195905711 8.0 11
1747195905728 8.0 11
1747195905744 8.0 11
1747195905761 8.0 11
1747195905777 8.0 11
1747195905793 8.0 11
1747195905810 8.0 11
1747195905827 8.0 11
1747195905844 8.0 11
1747195905860 8.0 11
1747195905877 8.0 11
1747195905893 8.0 11
1747195905910 8.0 11
1747195905926 8.0 11
1747195905942 8.0 11
1747195905960 8.0 11
1747195905977 8.0 11
1747195905995 7.0 11
1747195906011 7.0 11
1747195906026 7.0 11
1747195906043 7.0 11
1747195906061 7.0 11
1747195906078 3.0 11
1747195906094 3.0 11
1747195906112 3.0 11
1747195906129 3.0 11
1747195906145 3.0 11
1747195906162 3.0 11
1747195906178 3.0 11
1747195906194 3.0 11
1747195906211 3.0 11
1747195906227 3.0 11
1747195906245 3.0 11
1747195906262 3.0 11
1747195906276 2.0 11
1747195906294 2.0 11
1747195906310 2.0 11
1747195906327 1.0 11
1747195906344 1.0 11
1747195906361 1.0 11
1747195906377 1.0 11
1747195906617 30.0 12
1747195906637 30.0 12
1747195906659 30.0 12
1747195906678 30.0 12
1747195906699 29.0 12
1747195906717 28.0 12
1747195906733 21.0 12
1747195906749 19.0 12
1747195906766 18.0 12
1747195906782 18.0 12
1747195906799 18.0 12
1747195906815 17.0 12
1747195906831 17.0 12
1747195906848 17.0 12
1747195906864 17.0 12
1747195906882 17.0 12
1747195906898 17.0 12
1747195906915 17.0 12
1747195906937 17.0 12
1747195906957 17.0 12
1747195906978 17.0 12
1747195906994 17.0 12
1747195907009 17.0 12
1747195907026 17.0 12
1747195907043 17.0 12
1747195907059 17.0 12
1747195907075 17.0 12
1747195907092 17.0 12
1747195907111 17.0 12
1747195907137 16.0 12
1747195907155 16.0 12
1747195907172 16.0 12
1747195907192 16.0 12
1747195907207 16.0 12
1747195907223 16.0 12
1747195907241 15.0 12
1747195907256 14.0 12
1747195907272 10.0 12
1747195907289 10.0 12
1747195907305 10.0 12
1747195907322 10.0 12
1747195907339 10.0 12
1747195907355 10.0 12
1747195907371 10.0 12
1747195907388 10.0 12
1747195907405 10.0 12
1747195907422 10.0 12
1747195907439 10.0 12
1747195907455 10.0 12
1747195907471 10.0 12
1747195907488 10.0 12
1747195907505 10.0 12
1747195907521 10.0 12
1747195907538 10.0 12
1747195907554 10.0 12
1747195907571 10.0 12
1747195907586 10.0 12
1747195907603 10.0 12
1747195907620 10.0 12
1747195907637 10.0 12
1747195907653 9.0 12
1747195907671 9.0 12
1747195907687 9.0 12
1747195907704 9.0 12
1747195907721 5.0 12
1747195907737 5.0 12
1747195907754 5.0 12
1747195907770 5.0 12
1747195907787 5.0 12
1747195907804 5.0 12
1747195907822 5.0 12
1747195907837 5.0 12
1747195907855 5.0 12
1747195907874 4.0 12
1747195907889 4.0 12
1747195907906 4.0 12
1747195907923 2.0 12
1747195907939 2.0 12
1747195907957 2.0 12
1747195907972 1.0 12
1747195907990 1.0 12
1747195908006 1.0 12
1747195908023 1.0 12
1747195908242 30.0 13
1747195908260 30.0 13
1747195908279 30.0 13
1747195908299 30.0 13
1747195908318 30.0 13
1747195908336 28.0 13
1747195908352 22.0 13
1747195908368 21.0 13
1747195908397 21.0 13
1747195908414 21.0 13
1747195908429 21.0 13
1747195908446 21.0 13
1747195908463 20.0 13
1747195908480 19.0 13
1747195908497 16.0 13
1747195908515 16.0 13
1747195908532 16.0 13
1747195908549 16.0 13
1747195908566 16.0 13
1747195908581 16.0 13
1747195908598 16.0 13
1747195908615 16.0 13
1747195908632 16.0 13
1747195908648 16.0 13
1747195908665 16.0 13
1747195908682 16.0 13
1747195908700 16.0 13
1747195908717 16.0 13
1747195908733 16.0 13
1747195908750 16.0 13
1747195908766 16.0 13
1747195908781 16.0 13
1747195908797 16.0 13
1747195908813 16.0 13
1747195908831 15.0 13
1747195908847 15.0 13
1747195908863 15.0 13
1747195908880 11.0 13
1747195908898 11.0 13
1747195908914 11.0 13
1747195908932 11.0 13
1747195908948 11.0 13
1747195908964 11.0 13
1747195908981 11.0 13
1747195908998 11.0 13
1747195909014 11.0 13
1747195909031 11.0 13
1747195909047 10.0 13
1747195909065 10.0 13
1747195909081 10.0 13
1747195909097 10.0 13
1747195909114 10.0 13
1747195909131 10.0 13
1747195909147 10.0 13
1747195909165 10.0 13
1747195909183 10.0 13
1747195909198 9.0 13
1747195909215 9.0 13
1747195909232 9.0 13
1747195909248 8.0 13
1747195909265 8.0 13
1747195909281 8.0 13
1747195909297 8.0 13
1747195909314 8.0 13
1747195909332 5.0 13
1747195909347 5.0 13
1747195909364 5.0 13
1747195909381 5.0 13
1747195909398 5.0 13
1747195909415 5.0 13
1747195909431 5.0 13
1747195909449 5.0 13
1747195909465 5.0 13
1747195909482 5.0 13
1747195909499 5.0 13
1747195909516 5.0 13
1747195909532 4.0 13
1747195909549 4.0 13
1747195909566 4.0 13
1747195909582 3.0 13
1747195909600 3.0 13
1747195909617 3.0 13
1747195909633 3.0 13
1747195909650 1.0 13
1747195909667 1.0 13
1747195909683 1.0 13
1747195909700 1.0 13
1747195909717 1.0 13
1747195909734 1.0 13
1747195909754 1.0 13
1747195909770 1.0 13
1747195909787 1.0 13
1747195909804 1.0 13
1747195909821 1.0 13
1747195909838 1.0 13
1747195910069 30.0 14
1747195910090 30.0 14
1747195910109 30.0 14
1747195910129 30.0 14
1747195910148 30.0 14
1747195910167 30.0 14
1747195910185 26.0 14
1747195910201 25.0 14
1747195910218 24.0 14
1747195910234 24.0 14
1747195910260 24.0 14
1747195910283 23.0 14
1747195910304 23.0 14
1747195910322 22.0 14
1747195910339 20.0 14
1747195910355 20.0 14
1747195910372 18.0 14
1747195910389 18.0 14
1747195910409 18.0 14
1747195910425 17.0 14
1747195910443 17.0 14
1747195910459 17.0 14
1747195910477 17.0 14
1747195910502 17.0 14
1747195910525 17.0 14
1747195910542 16.0 14
1747195910564 16.0 14
1747195910580 16.0 14
1747195910598 16.0 14
1747195910613 16.0 14
1747195910629 16.0 14
1747195910646 16.0 14
1747195910663 15.0 14
1747195910679 15.0 14
1747195910698 15.0 14
1747195910715 14.0 14
1747195910731 14.0 14
1747195910746 9.0 14
1747195910763 9.0 14
1747195910779 9.0 14
1747195910795 9.0 14
1747195910812 9.0 14
1747195910828 9.0 14
1747195910845 9.0 14
1747195910862 9.0 14
1747195910879 9.0 14
1747195910894 9.0 14
1747195910912 9.0 14
1747195910929 9.0 14
1747195910945 9.0 14
1747195910963 9.0 14
1747195910978 9.0 14
1747195910995 9.0 14
1747195911012 9.0 14
1747195911028 9.0 14
1747195911043 9.0 14
1747195911059 8.0 14
1747195911075 8.0 14
1747195911091 8.0 14
1747195911109 8.0 14
1747195911125 7.0 14
1747195911141 7.0 14
1747195911158 7.0 14
1747195911174 7.0 14
1747195911189 3.0 14
1747195911208 3.0 14
1747195911223 3.0 14
1747195911240 3.0 14
1747195911257 3.0 14
1747195911274 3.0 14
1747195911291 3.0 14
1747195911306 3.0 14
1747195911323 3.0 14
1747195911340 3.0 14
1747195911357 3.0 14
1747195911375 3.0 14
1747195911391 3.0 14
1747195911408 3.0 14
1747195911425 3.0 14
1747195911442 3.0 14
1747195911459 3.0 14
1747195911475 3.0 14
1747195911492 3.0 14
1747195911509 1.0 14
1747195911525 1.0 14
1747195911542 1.0 14
1747195911559 1.0 14
1747195911591 1.0 14
1747195911609 1.0 14
1747195911628 1.0 14
1747195911657 1.0 14
1747195911679 1.0 14
1747195911696 1.0 14
1747195911713 1.0 14
1747195911729 1.0 14
1747195912017 30.0 15
1747195912039 30.0 15
1747195912066 30.0 15
1747195912085 30.0 15
1747195912103 27.0 15
1747195912118 27.0 15
1747195912136 23.0 15
1747195912153 21.0 15
1747195912170 21.0 15
1747195912187 21.0 15
1747195912204 20.0 15
1747195912220 20.0 15
1747195912237 20.0 15
1747195912253 18.0 15
1747195912270 18.0 15
1747195912287 18.0 15
1747195912303 17.0 15
1747195912320 17.0 15
1747195912337 17.0 15
1747195912354 17.0 15
1747195912371 17.0 15
1747195912387 17.0 15
1747195912403 17.0 15
1747195912419 17.0 15
1747195912437 17.0 15
1747195912453 16.0 15
1747195912470 16.0 15
1747195912488 15.0 15
1747195912506 15.0 15
1747195912525 15.0 15
1747195912542 15.0 15
1747195912559 15.0 15
1747195912576 15.0 15
1747195912608 15.0 15
1747195912626 15.0 15
1747195912645 15.0 15
1747195912662 15.0 15
1747195912678 12.0 15
1747195912694 12.0 15
1747195912711 12.0 15
1747195912733 12.0 15
1747195912750 11.0 15
1747195912766 11.0 15
1747195912783 11.0 15
1747195912799 11.0 15
1747195912815 11.0 15
1747195912832 11.0 15
1747195912850 11.0 15
1747195912869 11.0 15
1747195912886 11.0 15
1747195912903 11.0 15
1747195912919 11.0 15
1747195912936 11.0 15
1747195912954 11.0 15
1747195912969 11.0 15
1747195912987 10.0 15
1747195913003 10.0 15
1747195913018 10.0 15
1747195913037 10.0 15
1747195913054 10.0 15
1747195913070 9.0 15
1747195913087 9.0 15
1747195913104 9.0 15
1747195913123 9.0 15
1747195913140 6.0 15
1747195913158 6.0 15
1747195913176 6.0 15
1747195913191 6.0 15
1747195913208 6.0 15
1747195913224 6.0 15
1747195913241 6.0 15
1747195913257 6.0 15
1747195913274 6.0 15
1747195913291 6.0 15
1747195913308 6.0 15
1747195913324 4.0 15
1747195913342 4.0 15
1747195913359 4.0 15
1747195913375 4.0 15
1747195913391 4.0 15
1747195913407 4.0 15
1747195913424 4.0 15
1747195913441 4.0 15
1747195913457 2.0 15
1747195913475 2.0 15
1747195913491 2.0 15
1747195913508 2.0 15
1747195913526 2.0 15
1747195913542 2.0 15
1747195913559 2.0 15
1747195913574 1.0 15
1747195913592 1.0 15
1747195913607 1.0 15
1747195913626 1.0 15
1747195913642 1.0 15
1747195913884 30.0 16
1747195913906 30.0 16
1747195913925 30.0 16
1747195913944 30.0 16
1747195913964 30.0 16
1747195913994 29.0 16
1747195914013 26.0 16
1747195914029 25.0 16
1747195914046 25.0 16
1747195914062 25.0 16
1747195914079 25.0 16
1747195914096 24.0 16
1747195914113 24.0 16
1747195914129 23.0 16
1747195914149 22.0 16
1747195914165 22.0 16
1747195914181 22.0 16
1747195914197 22.0 16
1747195914216 22.0 16
1747195914234 22.0 16
1747195914250 22.0 16
1747195914268 22.0 16
1747195914288 22.0 16
1747195914305 22.0 16
1747195914321 22.0 16
1747195914341 22.0 16
1747195914357 22.0 16
1747195914375 21.0 16
1747195914396 21.0 16
1747195914413 21.0 16
1747195914429 21.0 16
1747195914445 21.0 16
1747195914465 20.0 16
1747195914485 20.0 16
1747195914502 20.0 16
1747195914518 20.0 16
1747195914538 20.0 16
1747195914554 14.0 16
1747195914571 14.0 16
1747195914588 14.0 16
1747195914604 14.0 16
1747195914622 14.0 16
1747195914638 14.0 16
1747195914655 14.0 16
1747195914672 14.0 16
1747195914688 14.0 16
1747195914704 14.0 16
1747195914722 14.0 16
1747195914739 14.0 16
1747195914754 14.0 16
1747195914770 13.0 16
1747195914787 13.0 16
1747195914804 13.0 16
1747195914823 13.0 16
1747195914845 12.0 16
1747195914860 12.0 16
1747195914877 12.0 16
1747195914893 12.0 16
1747195914911 12.0 16
1747195914926 12.0 16
1747195914942 12.0 16
1747195914960 12.0 16
1747195914979 11.0 16
1747195915001 11.0 16
1747195915015 7.0 16
1747195915035 7.0 16
1747195915053 7.0 16
1747195915069 7.0 16
1747195915085 7.0 16
1747195915103 7.0 16
1747195915120 6.0 16
1747195915136 6.0 16
1747195915153 6.0 16
1747195915170 6.0 16
1747195915186 6.0 16
1747195915210 6.0 16
1747195915225 6.0 16
1747195915242 6.0 16
1747195915259 6.0 16
1747195915275 6.0 16
1747195915291 6.0 16
1747195915308 6.0 16
1747195915325 5.0 16
1747195915342 4.0 16
1747195915359 4.0 16
1747195915375 3.0 16
1747195915391 3.0 16
1747195915409 3.0 16
1747195915425 3.0 16
1747195915442 3.0 16
1747195915458 2.0 16
1747195915475 2.0 16
1747195915492 2.0 16
1747195915509 2.0 16
1747195915525 2.0 16
1747195915540 1.0 16
1747195915779 30.0 17
1747195915797 30.0 17
1747195915816 30.0 17
1747195915834 30.0 17
1747195915853 30.0 17
1747195915870 28.0 17
1747195915886 26.0 17
1747195915903 26.0 17
1747195915919 25.0 17
1747195915941 25.0 17
1747195915966 25.0 17
1747195915987 25.0 17
1747195916005 25.0 17
1747195916027 24.0 17
1747195916057 24.0 17
1747195916074 24.0 17
1747195916091 23.0 17
1747195916112 23.0 17
1747195916128 23.0 17
1747195916147 23.0 17
1747195916165 23.0 17
1747195916182 23.0 17
1747195916201 23.0 17
1747195916222 23.0 17
1747195916242 23.0 17
1747195916259 23.0 17
1747195916276 23.0 17
1747195916294 23.0 17
1747195916313 23.0 17
1747195916337 23.0 17
1747195916356 23.0 17
1747195916376 23.0 17
1747195916395 23.0 17
1747195916412 23.0 17
1747195916428 23.0 17
1747195916444 23.0 17
1747195916462 22.0 17
1747195916479 13.0 17
1747195916494 13.0 17
1747195916510 13.0 17
1747195916527 13.0 17
1747195916543 13.0 17
1747195916560 13.0 17
1747195916578 13.0 17
1747195916594 13.0 17
1747195916609 13.0 17
1747195916626 13.0 17
1747195916643 13.0 17
1747195916661 12.0 17
1747195916677 12.0 17
1747195916699 12.0 17
1747195916715 12.0 17
1747195916732 12.0 17
1747195916749 12.0 17
1747195916766 12.0 17
1747195916785 12.0 17
1747195916802 12.0 17
1747195916820 12.0 17
1747195916836 12.0 17
1747195916852 12.0 17
1747195916869 11.0 17
1747195916886 11.0 17
1747195916902 11.0 17
1747195916919 11.0 17
1747195916935 6.0 17
1747195916951 6.0 17
1747195916968 6.0 17
1747195916985 6.0 17
1747195917003 6.0 17
1747195917020 6.0 17
1747195917036 6.0 17
1747195917053 6.0 17
1747195917088 5.0 17
1747195917105 5.0 17
1747195917122 5.0 17
1747195917139 5.0 17
1747195917156 5.0 17
1747195917173 5.0 17
1747195917189 5.0 17
1747195917206 4.0 17
1747195917223 4.0 17
1747195917240 4.0 17
1747195917257 4.0 17
1747195917273 4.0 17
1747195917290 4.0 17
1747195917306 3.0 17
1747195917323 3.0 17
1747195917340 3.0 17
1747195917357 3.0 17
1747195917378 3.0 17
1747195917394 2.0 17
1747195917411 2.0 17
1747195917427 2.0 17
1747195917444 2.0 17
1747195917461 2.0 17
1747195917477 1.0 17
1747195917747 30.0 18
1747195917770 30.0 18
1747195917794 30.0 18
1747195917816 30.0 18
1747195917841 30.0 18
1747195917864 29.0 18
1747195917888 26.0 18
1747195917905 24.0 18
1747195917929 23.0 18
1747195917947 23.0 18
1747195917966 23.0 18
1747195917988 23.0 18
1747195918008 23.0 18
1747195918025 23.0 18
1747195918047 21.0 18
1747195918066 21.0 18
1747195918085 21.0 18
1747195918105 21.0 18
1747195918125 21.0 18
1747195918143 21.0 18
1747195918160 21.0 18
1747195918181 21.0 18
1747195918204 21.0 18
1747195918224 21.0 18
1747195918242 21.0 18
1747195918258 21.0 18
1747195918276 21.0 18
1747195918292 20.0 18
1747195918308 20.0 18
1747195918327 20.0 18
1747195918346 19.0 18
1747195918364 19.0 18
1747195918381 17.0 18
1747195918398 17.0 18
1747195918414 17.0 18
1747195918432 16.0 18
1747195918451 16.0 18
1747195918469 13.0 18
1747195918486 13.0 18
1747195918505 13.0 18
1747195918520 13.0 18
1747195918535 13.0 18
1747195918552 13.0 18
1747195918569 12.0 18
1747195918585 12.0 18
1747195918601 12.0 18
1747195918618 12.0 18
1747195918634 12.0 18
1747195918651 12.0 18
1747195918668 12.0 18
1747195918683 12.0 18
1747195918701 12.0 18
1747195918717 12.0 18
1747195918733 12.0 18
1747195918748 12.0 18
1747195918765 11.0 18
1747195918782 11.0 18
1747195918798 11.0 18
1747195918814 11.0 18
1747195918832 11.0 18
1747195918848 10.0 18
1747195918865 10.0 18
1747195918881 9.0 18
1747195918897 9.0 18
1747195918914 6.0 18
1747195918932 6.0 18
1747195918947 6.0 18
1747195918965 6.0 18
1747195918982 6.0 18
1747195918999 6.0 18
1747195919016 6.0 18
1747195919034 6.0 18
1747195919062 6.0 18
1747195919083 6.0 18
1747195919100 6.0 18
1747195919117 6.0 18
1747195919134 6.0 18
1747195919151 5.0 18
1747195919167 4.0 18
1747195919184 4.0 18
1747195919202 4.0 18
1747195919218 4.0 18
1747195919234 4.0 18
1747195919251 4.0 18
1747195919267 4.0 18
1747195919283 4.0 18
1747195919301 4.0 18
1747195919316 4.0 18
1747195919333 4.0 18
1747195919349 4.0 18
1747195919365 3.0 18
1747195919382 3.0 18
1747195919399 3.0 18
1747195919416 3.0 18
1747195919433 3.0 18
1747195919451 2.0 18
1747195919467 1.0 18
1747195919487 1.0 18
1747195919500 1.0 18
1747195919517 1.0 18
1747195919533 1.0 18
1747195919549 1.0 18
1747195919808 30.0 19
1747195919839 30.0 19
1747195919862 30.0 19
1747195919892 30.0 19
1747195919926 30.0 19
1747195919947 26.0 19
1747195919964 23.0 19
1747195919982 23.0 19
1747195920001 23.0 19
1747195920034 23.0 19
1747195920058 22.0 19
1747195920078 22.0 19
1747195920094 21.0 19
1747195920112 21.0 19
1747195920128 19.0 19
1747195920146 19.0 19
1747195920161 18.0 19
1747195920177 18.0 19
1747195920193 18.0 19
1747195920209 18.0 19
1747195920229 18.0 19
1747195920251 18.0 19
1747195920267 18.0 19
1747195920284 18.0 19
1747195920299 18.0 19
1747195920316 18.0 19
1747195920332 18.0 19
1747195920349 17.0 19
1747195920366 17.0 19
1747195920382 17.0 19
1747195920399 17.0 19
1747195920417 17.0 19
1747195920433 16.0 19
1747195920449 16.0 19
1747195920466 16.0 19
1747195920481 15.0 19
1747195920497 15.0 19
1747195920514 11.0 19
1747195920531 10.0 19
1747195920546 10.0 19
1747195920563 9.0 19
1747195920580 9.0 19
1747195920596 9.0 19
1747195920613 9.0 19
1747195920629 9.0 19
1747195920646 9.0 19
1747195920662 9.0 19
1747195920678 9.0 19
1747195920695 9.0 19
1747195920712 9.0 19
1747195920729 9.0 19
1747195920745 9.0 19
1747195920762 9.0 19
1747195920779 9.0 19
1747195920799 9.0 19
1747195920815 9.0 19
1747195920831 9.0 19
1747195920847 9.0 19
1747195920863 9.0 19
1747195920881 9.0 19
1747195920897 9.0 19
1747195920914 9.0 19
1747195920930 9.0 19
1747195920946 9.0 19
1747195920963 6.0 19
1747195920979 6.0 19
1747195920996 6.0 19
1747195921013 6.0 19
1747195921028 6.0 19
1747195921045 6.0 19
1747195921062 6.0 19
1747195921078 6.0 19
1747195921094 6.0 19
1747195921111 6.0 19
1747195921128 6.0 19
1747195921145 6.0 19
1747195921162 6.0 19
1747195921178 6.0 19
1747195921195 6.0 19
1747195921211 5.0 19
1747195921228 5.0 19
1747195921244 5.0 19
1747195921261 4.0 19
1747195921277 4.0 19
1747195921293 4.0 19
1747195921310 4.0 19
1747195921327 4.0 19
1747195921344 4.0 19
1747195921359 4.0 19
1747195921428 4.0 19
1747195921447 4.0 19
1747195921462 4.0 19
1747195921479 4.0 19
1747195921496 4.0 19
1747195921511 4.0 19
1747195921528 3.0 19
1747195921544 2.0 19
1747195921560 2.0 19
1747195921577 1.0 19
1747195921593 1.0 19
1747195921611 1.0 19
1747195921627 1.0 19
1747195921849 30.0 20
1747195921869 30.0 20
1747195921888 30.0 20
1747195921906 30.0 20
1747195921923 29.0 20
1747195921941 28.0 20
1747195921957 26.0 20
1747195921973 25.0 20
1747195921989 23.0 20
1747195922006 23.0 20
1747195922021 22.0 20
1747195922038 21.0 20
1747195922054 21.0 20
1747195922070 21.0 20
1747195922087 21.0 20
1747195922104 21.0 20
1747195922120 21.0 20
1747195922137 21.0 20
1747195922153 21.0 20
1747195922170 21.0 20
1747195922187 21.0 20
1747195922204 21.0 20
1747195922221 21.0 20
1747195922236 20.0 20
1747195922253 20.0 20
1747195922270 19.0 20
1747195922287 19.0 20
1747195922304 18.0 20
1747195922322 18.0 20
1747195922338 18.0 20
1747195922354 18.0 20
1747195922372 18.0 20
1747195922390 18.0 20
1747195922407 18.0 20
1747195922423 18.0 20
1747195922440 17.0 20
1747195922457 17.0 20
1747195922473 9.0 20
1747195922491 9.0 20
1747195922506 9.0 20
1747195922527 9.0 20
1747195922544 9.0 20
1747195922560 9.0 20
1747195922578 9.0 20
1747195922594 9.0 20
1747195922610 8.0 20
1747195922627 8.0 20
1747195922643 8.0 20
1747195922659 8.0 20
1747195922676 8.0 20
1747195922692 8.0 20
1747195922710 8.0 20
1747195922727 8.0 20
1747195922744 8.0 20
1747195922761 8.0 20
1747195922777 8.0 20
1747195922793 8.0 20
1747195922811 8.0 20
1747195922827 8.0 20
1747195922844 8.0 20
1747195922861 8.0 20
1747195922877 8.0 20
1747195922893 8.0 20
1747195922909 8.0 20
1747195922925 5.0 20
1747195922941 5.0 20
1747195922958 5.0 20
1747195922976 5.0 20
1747195922992 5.0 20
1747195923009 5.0 20
1747195923025 5.0 20
1747195923042 5.0 20
1747195923059 4.0 20
1747195923076 4.0 20
1747195923092 4.0 20
1747195923109 3.0 20
1747195923127 3.0 20
1747195923143 3.0 20
1747195923160 3.0 20
1747195923177 3.0 20
1747195923193 3.0 20
1747195923210 3.0 20
1747195923226 3.0 20
1747195923241 3.0 20
1747195923258 3.0 20
1747195923274 3.0 20
1747195923291 3.0 20
1747195923306 3.0 20
1747195923323 3.0 20
1747195923340 3.0 20
1747195923356 3.0 20
1747195923373 3.0 20
1747195923389 3.0 20
1747195923405 3.0 20
1747195923422 3.0 20
1747195923439 3.0 20
1747195923455 2.0 20
1747195923473 2.0 20
1747195923489 1.0 20
1747195923505 1.0 20
1747195923522 1.0 20
1747195923539 1.0 20
1747195923752 30.0 21
