1747197880847 0.36666666666666664 1
1747197880873 1.1133333333333333 1
1747197880901 2.2533333333333334 1
1747197880924 3.6000000000000005 1
1747197880948 5.134444444444444 1
1747197880968 6.5633333333333335 1
1747197880986 7.615555555555556 1
1747197881003 8.72 1
1747197881018 9.652222222222223 1
1747197881035 10.389999999999999 1
1747197881051 11.22 1
1747197881068 12.144444444444446 1
1747197881085 12.922222222222222 1
1747197881100 13.780000000000001 1
1747197881119 14.72 1
1747197881135 15.746666666666668 1
1747197881152 16.864444444444445 1
1747197881170 17.304444444444446 1
1747197881187 17.768888888888892 1
1747197881202 18.25777777777778 1
1747197881219 18.77111111111111 1
1747197881236 19.308888888888887 1
1747197881252 19.871111111111112 1
1747197881269 20.45777777777778 1
1747197881286 21.06888888888889 1
1747197881302 21.704444444444444 1
1747197881320 22.364444444444448 1
1747197881336 23.04888888888889 1
1747197881352 23.75777777777778 1
1747197881370 24.491111111111113 1
1747197881386 25.24888888888889 1
1747197881404 26.031111111111112 1
1747197881420 26.837777777777777 1
1747197881438 27.66888888888889 1
1747197881454 28.526666666666667 1
1747197881469 29.41111111111111 1
1747197881486 30.322222222222226 1
1747197881502 31.262222222222224 1
1747197881519 32.233333333333334 1
1747197881537 33.23777777777778 1
1747197881554 34.27777777777778 1
1747197881570 35.35555555555556 1
1747197881587 36.473333333333336 1
1747197881604 37.07333333333334 1
1747197881621 37.70333333333333 1
1747197881872 0.36666666666666664 2
1747197881896 1.1177777777777778 2
1747197881922 2.2822222222222224 2
1747197881945 3.786666666666667 2
1747197881968 5.415555555555556 2
1747197881989 7.357777777777779 2
1747197882009 9.295555555555556 2
1747197882029 11.411111111111113 2
1747197882046 13.144444444444446 2
1747197882062 14.793333333333333 2
1747197882079 16.62666666666667 2
1747197882097 18.644444444444446 2
1747197882115 20.84888888888889 2
1747197882132 23.246666666666666 2
1747197882150 25.842222222222222 2
1747197882169 28.355555555555558 2
1747197882187 31.05666666666667 2
1747197882205 33.56333333333334 2
1747197882224 35.99555555555556 2
1747197882241 38.577777777777776 2
1747197882259 41.31444444444445 2
1747197882278 44.21 2
1747197882296 47.26888888888889 2
1747197882313 50.488888888888894 2
1747197882330 53.29333333333333 2
1747197882345 56.211111111111116 2
1747197882364 58.912222222222226 2
1747197882380 61.714444444444446 2
1747197882397 64.61777777777779 2
1747197882412 67.01333333333334 2
1747197882428 69.10555555555557 2
1747197882446 71.26111111111112 2
1747197882461 73.48 2
1747197882477 75.76222222222222 2
1747197882492 78.11 2
1747197882510 80.52333333333334 2
1747197882526 83.00222222222223 2
1747197882543 85.5488888888889 2
1747197882558 88.16555555555556 2
1747197882575 90.85444444444445 2
1747197882591 93.61777777777779 2
1747197882606 95.72222222222223 2
1747197882624 97.89111111111112 2
1747197882640 99.02888888888889 2
1747197882658 100.2088888888889 2
1747197882672 100.77111111111113 2
1747197882691 101.34555555555556 2
1747197882707 101.93222222222222 2
1747197882725 102.53111111111112 2
1747197882740 103.14222222222223 2
1747197882757 103.76555555555555 2
1747197882773 104.4011111111111 2
1747197882789 105.0488888888889 2
1747197882806 105.7088888888889 2
1747197882822 106.38111111111111 2
1747197883077 0.36666666666666664 3
1747197883102 1.1066666666666665 3
1747197883126 2.2333333333333334 3
1747197883150 3.7600000000000002 3
1747197883173 5.641111111111112 3
1747197883195 7.7188888888888885 3
1747197883216 10.057777777777778 3
1747197883237 12.402222222222223 3
1747197883254 14.108888888888888 3
1747197883271 15.904444444444445 3
1747197883287 17.768888888888892 3
1747197883305 19.642222222222223 3
1747197883320 21.15666666666667 3
1747197883337 22.790000000000003 3
1747197883352 24.54222222222222 3
1747197883369 26.413333333333334 3
1747197883391 28.403333333333332 3
1747197883415 30.512222222222224 3
1747197883431 32.74 3
1747197883448 34.84222222222222 3
1747197883465 37.05111111111111 3
1747197883481 39.36666666666667 3
1747197883499 41.78888888888889 3
1747197883518 44.315555555555555 3
1747197883534 46.94444444444444 3
1747197883550 49.67333333333333 3
1747197883566 52.50222222222223 3
1747197883582 55.43111111111112 3
1747197883599 58.46000000000001 3
1747197883616 61.22222222222222 3
1747197883632 64.07222222222224 3
1747197883651 67.01 3
1747197883668 70.03555555555555 3
1747197883686 73.14888888888889 3
1747197883703 75.49444444444445 3
1747197883719 77.90333333333335 3
1747197883735 80.37555555555556 3
1747197883750 82.91333333333334 3
1747197883767 85.5188888888889 3
1747197883784 88.19444444444444 3
1747197883801 90.94444444444444 3
1747197883818 93.03777777777779 3
1747197883834 95.20000000000002 3
1747197883850 97.43555555555557 3
1747197883868 99.7488888888889 3
1747197883883 101.48222222222223 3
1747197883901 103.2677777777778 3
1747197883917 104.44111111111111 3
1747197883934 105.6388888888889 3
1747197883951 106.86111111111111 3
1747197883967 108.10777777777778 3
1747197883984 109.3788888888889 3
1747197883999 110.67444444444445 3
1747197884016 111.99444444444445 3
1747197884033 113.3388888888889 3
1747197884049 114.02333333333334 3
1747197884066 114.72 3
1747197884084 115.42888888888889 3
1747197884099 116.15 3
1747197884117 116.88333333333334 3
1747197884132 117.6288888888889 3
1747197884148 118.38666666666667 3
1747197884165 119.15666666666668 3
1747197884181 119.9388888888889 3
1747197884197 120.73333333333333 3
1747197884212 121.54 3
1747197884229 122.3588888888889 3
1747197884246 123.19000000000001 3
1747197884505 0.36666666666666664 4
1747197884531 1.1088888888888888 4
1747197884554 2.237777777777778 4
1747197884578 3.768888888888889 4
1747197884601 5.717777777777778 4
1747197884624 7.7266666666666675 4
1747197884645 9.678888888888888 4
1747197884667 11.654444444444444 4
1747197884687 13.226666666666667 4
1747197884705 14.746666666666668 4
1747197884722 16.204444444444444 4
1747197884740 17.804444444444446 4
1747197884758 19.54888888888889 4
1747197884775 21.224444444444444 4
1747197884792 23.032222222222224 4
1747197884808 24.974444444444444 4
1747197884825 27.053333333333335 4
1747197884842 28.96888888888889 4
1747197884856 30.99777777777778 4
1747197884872 33.14 4
1747197884889 35.39555555555556 4
1747197884905 37.76444444444444 4
1747197884921 40.24666666666667 4
1747197884940 42.84 4
1747197884955 45.544444444444444 4
1747197884972 48.35777777777778 4
1747197884988 51.28 4
1747197885007 54.31333333333334 4
1747197885023 57.10555555555556 4
1747197885039 60.001111111111115 4
1747197885057 63.00222222222223 4
1747197885074 66.11111111111111 4
1747197885091 68.92666666666668 4
1747197885107 71.84222222222223 4
1747197885124 74.86 4
1747197885140 76.85111111111111 4
1747197885156 78.90444444444445 4
1747197885172 81.02222222222223 4
1747197885188 83.20666666666668 4
1747197885204 84.89111111111112 4
1747197885220 86.61444444444444 4
1747197885237 87.64111111111112 4
1747197885251 88.69222222222223 4
1747197885268 89.76777777777778 4
1747197885285 90.86777777777777 4
1747197885301 91.99222222222222 4
1747197885317 93.14111111111112 4
1747197885334 94.31444444444445 4
1747197885350 95.51222222222222 4
1747197885367 96.73444444444445 4
1747197885383 97.98111111111112 4
1747197885399 99.25222222222222 4
1747197885415 100.54777777777778 4
1747197885433 101.86777777777777 4
1747197885449 103.21222222222222 4
1747197885465 103.89666666666668 4
1747197885481 104.59333333333332 4
1747197885497 105.30222222222223 4
1747197885513 106.02333333333333 4
1747197885530 106.75666666666666 4
1747197885547 107.50222222222222 4
1747197885565 108.25999999999999 4
1747197885580 109.03 4
1747197885597 109.81222222222223 4
1747197885613 110.60666666666665 4
1747197885629 111.41333333333334 4
1747197885645 112.23222222222222 4
1747197885662 113.06333333333333 4
1747197885911 0.36666666666666664 5
1747197885938 1.102222222222222 5
1747197885962 2.2111111111111112 5
1747197885985 3.6511111111111116 5
1747197886007 5.343333333333334 5
1747197886028 6.938888888888889 5
1747197886049 8.595555555555556 5
1747197886070 10.493333333333334 5
1747197886090 12.412222222222223 5
1747197886110 14.547777777777778 5
1747197886129 16.900000000000002 5
1747197886151 19.46888888888889 5
1747197886172 22.254444444444445 5
1747197886194 25.256666666666668 5
1747197886216 28.475555555555555 5
1747197886236 31.91111111111111 5
1747197886259 35.56333333333334 5
1747197886282 39.43222222222222 5
1747197886303 43.51777777777777 5
1747197886326 47.82 5
1747197886349 52.33888888888889 5
1747197886371 57.074444444444445 5
1747197886392 62.026666666666664 5
1747197886414 67.19333333333333 5
1747197886435 72.57222222222222 5
1747197886457 78.16333333333334 5
1747197886477 83.9688888888889 5
1747197886499 89.99111111111114 5
1747197886519 95.85555555555557 5
1747197886540 101.91777777777779 5
1747197886559 107.80111111111113 5
1747197886579 113.48333333333335 5
1747197886599 119.3477777777778 5
1747197886617 125.3988888888889 5
1747197886636 131.64111111111112 5
1747197886655 138.07888888888888 5
1747197886673 144.26444444444448 5
1747197886691 150.6377777777778 5
1747197886709 156.63333333333335 5
1747197886732 162.22888888888892 5
1747197886750 167.96111111111117 5
1747197886768 173.09444444444446 5
1747197886785 178.35000000000002 5
1747197886802 183.7277777777778 5
1747197886818 188.6777777777778 5
1747197886835 193.7377777777778 5
1747197886852 198.90777777777782 5
1747197886869 204.1877777777778 5
1747197886885 209.5777777777778 5
1747197886901 215.0777777777778 5
1747197886919 220.0644444444445 5
1747197886936 225.1488888888889 5
1747197886952 229.68333333333337 5
1747197886969 234.30333333333334 5
1747197886985 238.3388888888889 5
1747197887001 241.76777777777775 5
1747197887017 245.26444444444445 5
1747197887034 248.8311111111111 5
1747197887049 252.46999999999997 5
1747197887067 255.4033333333333 5
1747197887083 258.3855555555555 5
1747197887101 261.4166666666667 5
1747197887117 264.49666666666667 5
1747197887133 267.62555555555554 5
1747197887149 270.80333333333334 5
1747197887166 274.03 5
1747197887181 276.4866666666667 5
1747197887198 278.1488888888889 5
1747197887215 278.9922222222222 5
1747197887231 279.8477777777778 5
1747197887248 280.71555555555557 5
1747197887266 281.59555555555556 5
1747197887281 282.48777777777775 5
1747197887298 283.3922222222222 5
1747197887315 284.3088888888889 5
1747197887331 285.23777777777775 5
1747197887347 286.1788888888889 5
1747197887364 287.13222222222225 5
1747197887380 288.0977777777778 5
1747197887397 289.0755555555555 5
1747197887413 290.0655555555556 5
1747197887429 291.06777777777774 5
1747197887444 292.08222222222224 5
1747197887462 293.1088888888889 5
1747197887478 294.14777777777783 5
1747197887495 295.1988888888889 5
1747197887513 296.26222222222225 5
1747197887529 297.3377777777778 5
1747197887544 298.42555555555555 5
1747197887561 299.52555555555557 5
1747197887577 300.6377777777778 5
1747197887594 301.76222222222225 5
1747197887610 302.8988888888889 5
1747197887626 304.0477777777778 5
1747197887643 305.2088888888889 5
1747197887659 306.38222222222225 5
1747197887676 307.56777777777774 5
1747197887692 308.7655555555556 5
1747197887708 309.97555555555556 5
1747197887724 311.1977777777778 5
1747197887741 312.43222222222226 5
1747197887757 313.6788888888889 5
1747197887774 314.9377777777778 5
1747197887790 316.2088888888889 5
1747197887807 317.4922222222222 5
1747197887824 318.78777777777776 5
1747197887840 320.09555555555556 5
1747197887855 321.41555555555556 5
1747197887872 322.7477777777778 5
1747197887888 324.09222222222223 5
1747197887904 325.4488888888889 5
1747197887924 326.81777777777774 5
1747197887941 328.1988888888889 5
1747197887955 329.59222222222223 5
1747197887989 330.9977777777778 5
1747197888017 332.41555555555556 5
1747197888050 333.84555555555556 5
1747197888073 335.28777777777776 5
1747197888094 336.7422222222222 5
1747197888111 338.2088888888889 5
1747197888129 339.6877777777778 5
1747197888145 341.1788888888889 5
1747197888161 342.68222222222226 5
1747197888178 344.1977777777778 5
1747197888223 345.72555555555556 5
1747197888241 347.2655555555556 5
1747197888257 348.81777777777774 5
1747197888284 350.38222222222225 5
1747197888306 351.9588888888889 5
1747197888320 353.5477777777778 5
1747197888337 355.1488888888889 5
1747197888354 356.76222222222225 5
1747197888370 358.3877777777778 5
1747197888390 360.02555555555557 5
1747197888403 361.67555555555555 5
1747197888421 363.3377777777778 5
1747197888438 365.01222222222225 5
1747197888644 0.36666666666666664 6
1747197888666 1.102222222222222 6
1747197888688 2.2088888888888887 6
1747197888709 3.64 6
1747197888730 5.312222222222222 6
1747197888748 6.956666666666667 6
1747197888768 8.66777777777778 6
1747197888787 10.623333333333335 6
1747197888806 12.603333333333333 6
1747197888823 14.558888888888891 6
1747197888842 16.71 6
1747197888859 19.05666666666667 6
1747197888876 21.59888888888889 6
1747197888894 24.336666666666666 6
1747197888911 27.27 6
1747197888929 30.39888888888889 6
1747197888946 33.723333333333336 6
1747197888965 37.24333333333333 6
1747197888983 40.958888888888886 6
1747197889001 44.87 6
1747197889020 48.97666666666667 6
1747197889037 53.278888888888886 6
1747197889056 57.776666666666664 6
1747197889074 62.47 6
1747197889092 67.35888888888888 6
1747197889111 72.44333333333334 6
1747197889130 77.72333333333334 6
1747197889149 83.1988888888889 6
1747197889166 88.87000000000002 6
1747197889185 94.73666666666668 6
1747197889203 100.80111111111113 6
1747197889221 106.67444444444445 6
1747197889239 112.7377777777778 6
1747197889257 118.55555555555557 6
1747197889274 124.54444444444447 6
1747197889290 130.26444444444445 6
1747197889307 136.14333333333335 6
1747197889324 142.18111111111114 6
1747197889341 148.3777777777778 6
1747197889357 154.73333333333338 6
1747197889374 160.74666666666673 6
1747197889390 166.9066666666667 6
1747197889406 173.21333333333334 6
1747197889422 179.66666666666669 6
1747197889439 185.7166666666667 6
1747197889456 191.90111111111116 6
1747197889472 198.22000000000006 6
1747197889488 204.67333333333337 6
1747197889506 211.26111111111115 6
1747197889522 217.98333333333338 6
1747197889538 224.84000000000003 6
1747197889554 231.83111111111114 6
1747197889570 238.95666666666668 6
1747197889588 246.21666666666667 6
1747197889604 253.61111111111111 6
1747197889621 261.14 6
1747197889643 268.80333333333334 6
1747197889683 276.6011111111111 6
1747197889701 284.53333333333325 6
1747197889720 292.59999999999997 6
1747197889742 300.8011111111111 6
1747197889760 308.37888888888887 6
1747197889778 316.08111111111106 6
1747197889797 323.90999999999997 6
1747197889815 330.2655555555556 6
1747197889831 336.7188888888889 6
1747197889848 343.27000000000004 6
1747197889865 349.0877777777778 6
1747197889881 354.14777777777783 6
1747197889899 359.2811111111111 6
1747197889916 364.48777777777775 6
1747197889935 369.7677777777778 6
1747197889953 375.12111111111113 6
1747197889974 380.54777777777775 6
1747197889990 386.0477777777778 6
1747197890006 391.62111111111113 6
1747197890022 397.2677777777778 6
1747197890038 402.98777777777775 6
1747197890055 408.7811111111111 6
1747197890072 414.6477777777778 6
1747197890087 420.5877777777778 6
1747197890104 426.6011111111111 6
1747197890122 432.6877777777778 6
1747197890142 438.84777777777776 6
1747197890164 445.08111111111106 6
1747197890181 451.3877777777778 6
1747197890199 457.7677777777778 6
1747197890215 464.2211111111111 6
1747197890232 470.7477777777778 6
1747197890248 477.3477777777778 6
1747197890264 484.0211111111111 6
1747197890280 490.7677777777778 6
1747197890297 497.5877777777778 6
1747197890312 504.4811111111111 6
1747197890329 511.44777777777773 6
1747197890347 518.4877777777778 6
1747197890366 525.6011111111111 6
1747197890384 532.7877777777778 6
1747197890404 540.0477777777777 6
1747197890423 547.3811111111112 6
1747197890440 554.7877777777777 6
1747197890456 562.2677777777777 6
1747197890473 569.821111111111 6
1747197890489 577.4477777777778 6
1747197890504 585.15 6
1747197890521 592.9277777777778 6
1747197890538 600.7811111111112 6
1747197890554 608.7099999999999 6
1747197890571 616.7144444444444 6
1747197890587 624.7966666666667 6
1747197890605 632.9566666666667 6
1747197890621 641.1944444444445 6
1747197890638 649.51 6
1747197890655 657.9033333333334 6
1747197890671 666.3766666666667 6
1747197890687 674.9300000000001 6
1747197890704 683.5633333333334 6
1747197890721 692.2766666666668 6
1747197890737 701.07 6
1747197890753 709.9433333333334 6
1747197890769 718.8966666666668 6
1747197890785 727.9300000000001 6
1747197890803 737.0433333333333 6
1747197890819 746.2366666666668 6
1747197890836 755.5100000000001 6
1747197890853 764.8633333333333 6
1747197890878 774.2966666666667 6
1747197890895 783.81 6
1747197890914 793.4033333333334 6
1747197890931 803.0766666666666 6
1747197890947 812.83 6
1747197890966 821.05 6
1747197890982 829.3377777777779 6
1747197890998 837.6933333333334 6
1747197891015 846.1188888888889 6
1747197891033 854.6166666666668 6
1747197891049 863.1866666666667 6
1747197891065 870.1422222222222 6
1747197891082 875.4588888888889 6
1747197891102 880.8233333333334 6
1747197891126 886.2355555555556 6
1747197891142 889.7066666666667 6
1747197891161 893.2022222222223 6
1747197891176 896.7222222222223 6
1747197891192 900.2666666666667 6
1747197891209 903.8355555555556 6
1747197891225 907.428888888889 6
1747197891242 911.0466666666667 6
1747197891259 914.688888888889 6
1747197891277 918.3555555555556 6
1747197891296 922.0466666666667 6
1747197891312 925.7622222222222 6
1747197891327 929.5022222222223 6
1747197891344 933.2666666666668 6
1747197891362 937.0555555555555 6
1747197891377 940.8688888888889 6
1747197891394 944.7066666666667 6
1747197891409 948.568888888889 6
1747197891427 952.4555555555556 6
1747197891444 956.3666666666668 6
1747197891459 960.3022222222223 6
1747197891477 964.2622222222222 6
1747197891493 968.2466666666667 6
1747197891509 972.2555555555556 6
1747197891525 976.2888888888889 6
1747197891543 980.3466666666667 6
1747197891560 984.428888888889 6
1747197891578 988.5355555555557 6
1747197891598 992.6666666666667 6
1747197891612 996.8222222222223 6
1747197891628 1001.0022222222223 6
1747197891644 1005.2066666666667 6
1747197891659 1009.4355555555557 6
1747197891677 1013.688888888889 6
1747197891693 1017.9666666666668 6
1747197891711 1022.268888888889 6
1747197891727 1026.5955555555556 6
1747197891792 1030.9466666666667 6
1747197891814 1035.3222222222223 6
1747197891829 1039.7222222222222 6
1747197891848 1044.1466666666668 6
1747197891864 1048.5955555555556 6
1747197891880 1053.068888888889 6
1747197891896 1057.5666666666668 6
1747197891912 1062.088888888889 6
1747197891928 1066.6355555555556 6
1747197891945 1071.2066666666667 6
1747197891961 1075.8022222222223 6
1747197891978 1080.4222222222222 6
1747197891995 1085.0666666666668 6
1747197892013 1089.7355555555557 6
1747197892029 1094.4288888888889 6
1747197892045 1099.1466666666668 6
1747197892062 1103.8888888888891 6
1747197892078 1108.6555555555558 6
1747197892096 1113.4466666666667 6
1747197892112 1118.2622222222224 6
1747197892129 1123.1022222222225 6
1747197892146 1127.9666666666667 6
1747197892162 1130.4111111111113 6
1747197892180 1132.8677777777777 6
1747197892197 1135.3366666666666 6
1747197892212 1137.8177777777778 6
1747197892229 1140.3111111111111 6
1747197892245 1142.8166666666666 6
1747197892260 1145.3344444444444 6
1747197892278 1147.8644444444444 6
1747197892295 1150.4066666666668 6
1747197892312 1152.9611111111112 6
1747197892328 1155.5277777777778 6
1747197892347 1158.1066666666668 6
1747197892363 1160.697777777778 6
1747197892379 1163.3011111111111 6
1747197892645 0.36666666666666664 7
1747197892671 1.1088888888888888 7
1747197892697 2.235555555555556 7
1747197892720 3.7022222222222227 7
1747197892747 5.48 7
1747197892781 7.562222222222222 7
1747197892803 9.363333333333335 7
1747197892827 11.32777777777778 7
1747197892850 13.431111111111111 7
1747197892871 15.526666666666667 7
1747197892893 17.834444444444447 7
1747197892915 20.35666666666667 7
1747197892938 23.093333333333337 7
1747197892962 26.044444444444444 7
1747197892986 29.212222222222223 7
1747197893009 32.60111111111111 7
1747197893031 36.215555555555554 7
1747197893054 39.83555555555555 7
1747197893073 43.153333333333336 7
1747197893095 46.662222222222226 7
1747197893117 50.36222222222223 7
1747197893136 54.25333333333333 7
1747197893157 58.33555555555556 7
1747197893177 62.31777777777778 7
1747197893197 66.48333333333333 7
1747197893215 70.83444444444444 7
1747197893232 75.37333333333335 7
1747197893251 80.10000000000001 7
1747197893270 85.01444444444446 7
1747197893290 90.11666666666669 7
1747197893308 94.9388888888889 7
1747197893327 99.92555555555556 7
1747197893345 105.07444444444445 7
1747197893364 110.38333333333334 7
1747197893381 115.85000000000001 7
1747197893398 120.8388888888889 7
1747197893416 125.97333333333334 7
1747197893434 131.25555555555556 7
1747197893452 136.6877777777778 7
1747197893469 142.27222222222227 7
1747197893486 148.00888888888892 7
1747197893504 153.8977777777778 7
1747197893524 159.9388888888889 7
1747197893618 166.13222222222223 7
1747197893651 171.08222222222224 7
1747197893677 176.14222222222224 7
1747197893696 181.31222222222226 7
1747197893712 186.59222222222223 7
1747197893727 191.98222222222225 7
1747197893744 197.48222222222225 7
1747197893762 203.09222222222223 7
1747197893778 208.81222222222223 7
1747197893799 214.64222222222224 7
1747197893817 220.58222222222224 7
1747197893837 226.6322222222222 7
1747197893855 232.79222222222222 7
1747197893874 239.0622222222222 7
1747197893903 245.44222222222217 7
1747197893920 251.93222222222218 7
1747197893936 258.5322222222222 7
1747197893953 265.2422222222222 7
1747197893970 272.0622222222222 7
1747197893987 278.9922222222222 7
1747197894005 286.03222222222223 7
1747197894021 293.18222222222226 7
1747197894037 300.4422222222222 7
1747197894054 307.8122222222222 7
1747197894070 315.2922222222222 7
1747197894086 322.88222222222225 7
1747197894102 330.58222222222224 7
1747197894118 338.3922222222222 7
1747197894135 346.3122222222222 7
1747197894155 354.34222222222223 7
1747197894173 362.48222222222216 7
1747197894192 370.7322222222222 7
1747197894209 379.09222222222223 7
1747197894227 387.5622222222222 7
1747197894244 396.14222222222213 7
1747197894261 404.8322222222222 7
1747197894279 413.6322222222222 7
1747197894296 422.54222222222216 7
1747197894311 431.56222222222215 7
1747197894326 440.69222222222214 7
1747197894342 449.93222222222215 7
1747197894358 459.2822222222222 7
1747197894374 468.74222222222215 7
1747197894392 478.3122222222222 7
1747197894409 487.9922222222222 7
1747197894424 497.78222222222223 7
1747197894441 507.68222222222226 7
1747197894458 517.6922222222222 7
1747197894475 527.8122222222222 7
1747197894493 538.0422222222221 7
1747197894509 548.3822222222223 7
1747197894525 558.8322222222221 7
1747197894541 569.3922222222222 7
1747197894558 580.0622222222222 7
1747197894573 590.8422222222222 7
1747197894592 601.7322222222222 7
1747197894608 612.7322222222223 7
1747197894624 623.8422222222222 7
1747197894641 635.0622222222222 7
1747197894658 646.3922222222222 7
1747197894674 657.8322222222222 7
1747197894691 669.3844444444444 7
1747197894708 681.0488888888889 7
1747197894722 692.8255555555555 7
1747197894740 704.7144444444443 7
1747197894757 716.7155555555556 7
1747197894774 728.8311111111111 7
1747197894790 741.061111111111 7
1747197894808 753.4055555555555 7
1747197894826 765.8644444444445 7
1747197894841 778.4377777777778 7
1747197894861 791.1277777777777 7
1747197894879 803.9344444444445 7
1747197894895 816.8577777777778 7
1747197894912 829.8977777777778 7
1747197894928 843.0544444444445 7
1747197894945 856.3277777777779 7
1747197894961 869.7177777777779 7
1747197894979 883.2244444444444 7
1747197894995 896.8477777777778 7
1747197895010 910.5877777777779 7
1747197895027 924.4444444444446 7
1747197895044 938.4177777777778 7
1747197895060 952.5077777777777 7
1747197895077 966.7144444444444 7
1747197895094 981.0377777777778 7
1747197895110 995.4777777777778 7
1747197895126 1010.0344444444444 7
1747197895147 1024.707777777778 7
1747197895164 1039.4977777777779 7
1747197895187 1054.4044444444446 7
1747197895208 1067.78 7
1747197895226 1081.2644444444445 7
1747197895243 1094.857777777778 7
1747197895265 1108.5600000000002 7
1747197895278 1122.371111111111 7
1747197895296 1136.2911111111111 7
1747197895312 1150.32 7
1747197895329 1162.4688888888888 7
1747197895344 1174.7033333333334 7
1747197895361 1187.0233333333335 7
1747197895377 1199.4288888888889 7
1747197895394 1211.9199999999998 7
1747197895409 1224.4966666666667 7
1747197895427 1237.158888888889 7
1747197895442 1249.9066666666668 7
1747197895464 1262.7400000000002 7
1747197895488 1275.658888888889 7
1747197895510 1288.6633333333334 7
1747197895526 1301.7533333333336 7
1747197895544 1314.9288888888889 7
1747197895561 1328.19 7
1747197895577 1341.5366666666666 7
1747197895593 1354.9688888888888 7
1747197895610 1368.4866666666667 7
1747197895627 1382.0900000000001 7
1747197895644 1395.778888888889 7
1747197895660 1409.5533333333335 7
1747197895677 1423.4133333333334 7
1747197895692 1437.358888888889 7
1747197895709 1451.39 7
1747197895726 1465.506666666667 7
1747197895746 1479.708888888889 7
1747197895767 1493.9966666666667 7
1747197895782 1508.3700000000001 7
1747197895798 1522.828888888889 7
1747197895814 1537.3733333333334 7
1747197895831 1552.0033333333333 7
1747197895847 1566.7188888888888 7
1747197895862 1581.52 7
1747197895879 1596.4066666666668 7
1747197895897 1611.378888888889 7
1747197895914 1626.436666666667 7
1747197895929 1641.5800000000002 7
1747197895947 1656.808888888889 7
1747197895964 1672.1233333333334 7
1747197895981 1687.5233333333335 7
1747197895999 1703.008888888889 7
1747197896015 1718.5800000000002 7
1747197896030 1734.236666666667 7
1747197896047 1749.978888888889 7
1747197896062 1765.8066666666668 7
1747197896080 1781.72 7
1747197896097 1797.7188888888888 7
1747197896113 1813.8033333333333 7
1747197896130 1829.9733333333336 7
1747197896146 1846.228888888889 7
1747197896162 1862.5700000000002 7
1747197896179 1878.9966666666667 7
1747197896197 1895.508888888889 7
1747197896212 1912.1066666666668 7
1747197896228 1928.7900000000002 7
1747197896245 1943.1633333333334 7
1747197896261 1957.6100000000001 7
1747197896278 1972.1300000000003 7
1747197896292 1986.7233333333336 7
1747197896310 1998.9455555555555 7
1747197896327 2011.228888888889 7
1747197896344 2023.5733333333335 7
1747197896362 2035.978888888889 7
1747197896377 2048.4455555555555 7
1747197896394 2060.9733333333334 7
1747197896410 2073.5622222222223 7
1747197896428 2086.2122222222224 7
1747197896443 2098.9233333333336 7
1747197896460 2111.6955555555555 7
1747197896477 2124.528888888889 7
1747197896492 2137.4233333333336 7
1747197896510 2150.378888888889 7
1747197896527 2163.395555555556 7
1747197896545 2173.857777777778 7
1747197896562 2184.368888888889 7
1747197896578 2194.9288888888896 7
1747197896595 2205.537777777778 7
1747197896611 2216.195555555556 7
1747197896627 2226.9022222222225 7
1747197896645 2234.9688888888895 7
1747197896661 2240.3711111111115 7
1747197896679 2245.797777777778 7
1747197896694 2251.2488888888893 7
1747197896712 2256.7244444444445 7
1747197896729 2262.2244444444445 7
1747197896746 2267.7488888888893 7
1747197896764 2273.297777777778 7
1747197896780 2278.8711111111115 7
1747197896797 2284.4688888888895 7
1747197896815 2290.0911111111113 7
1747197896831 2295.7377777777783 7
1747197896848 2301.408888888889 7
1747197896864 2307.1044444444447 7
1747197896882 2312.8244444444445 7
1747197896898 2318.5688888888894 7
1747197896915 2324.3377777777782 7
1747197896931 2330.1311111111113 7
1747197896948 2335.948888888889 7
1747197896963 2341.791111111111 7
1747197896980 2347.657777777778 7
1747197896998 2353.548888888889 7
1747197897015 2359.4644444444443 7
1747197897032 2365.404444444445 7
1747197897048 2371.368888888889 7
1747197897066 2377.3577777777778 7
1747197897081 2383.3711111111115 7
1747197897098 2389.408888888889 7
1747197897113 2395.4711111111114 7
1747197897129 2401.557777777778 7
1747197897146 2407.6688888888893 7
1747197897162 2413.804444444445 7
1747197897179 2419.9644444444443 7
1747197897195 2426.1488888888894 7
1747197897213 2432.3577777777778 7
1747197897229 2438.5911111111113 7
1747197897246 2444.848888888889 7
1747197897264 2451.1311111111113 7
1747197897280 2457.437777777778 7
1747197897296 2463.7688888888893 7
1747197897313 2470.1244444444446 7
1747197897329 2476.5044444444447 7
1747197897347 2482.908888888889 7
1747197897364 2489.3377777777782 7
1747197897380 2495.791111111111 7
1747197897396 2502.2688888888893 7
1747197897412 2508.7711111111116 7
1747197897428 2515.297777777778 7
1747197897445 2521.848888888889 7
1747197897462 2528.4244444444444 7
1747197897479 2535.0244444444447 7
1747197897495 2541.6488888888894 7
1747197897513 2548.297777777778 7
1747197897529 2554.9711111111114 7
1747197897545 2561.6688888888893 7
1747197897563 2568.391111111111 7
1747197897580 2575.1377777777784 7
1747197897596 2581.908888888889 7
1747197897612 2588.704444444445 7
1747197897630 2595.5244444444447 7
1747197897646 2602.368888888889 7
1747197897663 2609.2377777777783 7
1747197897679 2616.1311111111113 7
1747197897695 2623.048888888889 7
1747197897711 2629.9911111111114 7
1747197897728 2636.957777777778 7
1747197897745 2643.948888888889 7
1747197897763 2650.9644444444443 7
1747197897779 2658.0044444444447 7
1747197897797 2665.0688888888894 7
1747197897814 2672.157777777778 7
1747197897830 2679.2711111111116 7
1747197897846 2686.408888888889 7
1747197897862 2693.5711111111113 7
1747197897881 2700.757777777778 7
1747197897898 2707.9688888888895 7
1747197897915 2715.204444444445 7
1747197897931 2722.4644444444443 7
1747197897948 2729.7488888888893 7
1747197897964 2737.057777777778 7
1747197897981 2744.391111111111 7
1747197898007 2751.7488888888893 7
1747197898024 2759.1311111111113 7
1747197898040 2766.5377777777776 7
1747197898057 2773.968888888889 7
1747197898074 2781.4244444444444 7
1747197898090 2788.9044444444444 7
1747197898106 2796.4088888888887 7
1747197898122 2803.9377777777777 7
1747197898140 2811.4911111111114 7
1747197898155 2819.068888888889 7
1747197898172 2826.6711111111113 7
1747197898188 2834.297777777778 7
1747197898206 2841.948888888889 7
1747197898222 2849.6244444444446 7
1747197898238 2857.3244444444445 7
1747197898256 2865.048888888889 7
1747197898272 2872.797777777778 7
1747197898287 2880.571111111111 7
1747197898304 2888.3688888888887 7
1747197898322 2896.1911111111112 7
1747197898338 2904.0377777777776 7
1747197898355 2911.9088888888887 7
1747197898376 2919.8044444444445 7
1747197898394 2927.7244444444445 7
1747197898410 2935.668888888889 7
1747197898425 2943.6377777777775 7
1747197898442 2951.6311111111113 7
1747197898458 2959.6488888888894 7
1747197898476 2967.6911111111112 7
1747197898493 2975.757777777778 7
1747197898509 2983.848888888889 7
1747197898526 2991.9644444444443 7
1747197898541 3000.104444444444 7
1747197898558 3008.268888888889 7
1747197898573 3016.457777777778 7
1747197898590 3024.6711111111113 7
1747197898607 3032.9088888888887 7
1747197898624 3041.1711111111113 7
1747197898641 3049.457777777778 7
1747197898657 3057.768888888889 7
1747197898674 3066.104444444444 7
1747197898690 3074.4644444444443 7
1747197898705 3082.848888888889 7
1747197898722 3091.257777777778 7
1747197898738 3099.6911111111112 7
1747197898758 3108.1488888888894 7
1747197898775 3116.6311111111113 7
1747197898792 3125.1377777777775 7
1747197898808 3133.668888888889 7
1747197898825 3142.2244444444445 7
1747197898841 3150.8044444444445 7
1747197898858 3159.4088888888887 7
1747197898874 3168.0377777777776 7
1747197898891 3176.6911111111112 7
1747197898906 3185.3688888888887 7
1747197898924 3194.071111111111 7
1747197898961 3202.797777777778 7
1747197898977 3211.548888888889 7
1747197898994 3220.3244444444445 7
1747197899009 3229.1244444444446 7
1747197899030 3237.948888888889 7
1747197899049 3246.797777777778 7
1747197899066 3255.6711111111113 7
1747197899084 3260.1200000000003 7
1747197899099 3264.581111111111 7
1747197899115 3269.0544444444445 7
1747197899131 3273.54 7
1747197899148 3278.0377777777776 7
1747197899165 3282.547777777778 7
1747197899181 3287.07 7
1747197899198 3291.604444444444 7
1747197899215 3296.1511111111113 7
1747197899231 3300.71 7
1747197899245 3305.281111111111 7
1747197899263 3309.8644444444444 7
1747197899278 3314.46 7
1747197899294 3319.067777777778 7
1747197899312 3323.6877777777777 7
1747197899332 3328.32 7
1747197899352 3332.9644444444443 7
1747197899369 3337.621111111111 7
1747197899387 3342.29 7
1747197899402 3346.971111111111 7
1747197899419 3351.6644444444446 7
1747197899435 3356.3700000000003 7
1747197899452 3361.087777777778 7
1747197899469 3365.817777777778 7
1747197899485 3370.56 7
1747197899505 3375.3144444444447 7
1747197899522 3380.081111111111 7
1747197899539 3384.86 7
1747197899555 3389.6511111111113 7
1747197899571 3394.4544444444446 7
1747197899587 3399.27 7
1747197899605 3404.097777777778 7
1747197899621 3408.9377777777777 7
1747197899638 3413.79 7
1747197899655 3418.6544444444444 7
1747197899672 3423.531111111111 7
1747197899688 3428.42 7
1747197899705 3433.321111111111 7
1747197899722 3438.2344444444448 7
1747197899738 3443.1600000000003 7
1747197899755 3448.097777777778 7
1747197899773 3453.047777777778 7
1747197899788 3458.01 7
1747197899805 3462.9844444444448 7
1747197899821 3467.971111111111 7
1747197899839 3472.9700000000003 7
1747197899856 3477.981111111111 7
1747197899871 3483.0044444444443 7
1747197899888 3488.04 7
1747197899907 3493.087777777778 7
1747197899921 3498.15 7
1747197899938 3503.226666666667 7
1747197899956 3508.3177777777773 7
1747197899971 3513.423333333333 7
1747197899986 3518.5433333333335 7
1747197900002 3523.6777777777775 7
1747197900021 3528.826666666667 7
1747197900037 3533.99 7
1747197900053 3539.1677777777777 7
1747197900069 3544.36 7
1747197900087 3549.5666666666666 7
1747197900102 3554.7877777777776 7
1747197900119 3560.023333333333 7
1747197900136 3565.273333333333 7
1747197900152 3570.5377777777776 7
1747197900169 3575.8166666666666 7
1747197900187 3581.11 7
1747197900203 3586.4177777777777 7
1747197900220 3591.74 7
1747197900236 3597.0766666666664 7
1747197900252 3602.4277777777775 7
1747197900268 3607.793333333333 7
1747197900285 3613.173333333333 7
1747197900302 3618.5677777777773 7
1747197900317 3623.976666666667 7
1747197900334 3629.4 7
1747197900348 3634.837777777778 7
1747197900366 3640.29 7
1747197900382 3645.7566666666667 7
1747197900398 3651.237777777778 7
1747197900415 3656.733333333333 7
1747197900432 3662.2433333333333 7
1747197900448 3667.7677777777776 7
1747197900464 3673.3066666666664 7
1747197900482 3678.8599999999997 7
1747197900498 3684.4277777777775 7
1747197900514 3690.0099999999998 7
1747197900533 3695.6066666666666 7
1747197900549 3701.2177777777774 7
1747197900564 3706.8433333333332 7
1747197900581 3712.483333333333 7
1747197900599 3718.1377777777775 7
1747197900615 3723.8066666666664 7
1747197900631 3729.49 7
1747197900648 3735.1877777777777 7
1747197900664 3740.9 7
1747197900680 3746.6266666666666 7
1747197900695 3752.3677777777775 7
1747197900716 3758.1233333333334 7
1747197900730 3763.893333333333 7
1747197900745 3769.6777777777775 7
1747197900763 3775.4766666666665 7
1747197900779 3781.29 7
1747197900795 3787.1177777777775 7
1747197900812 3792.96 7
1747197900829 3798.8166666666666 7
1747197900846 3804.6877777777777 7
1747197900862 3810.5733333333333 7
1747197900876 3816.4733333333334 7
1747197900893 3822.3877777777775 7
1747197900910 3828.3166666666666 7
1747197900926 3834.26 7
1747197900942 3840.2177777777774 7
1747197900959 3846.19 7
1747197900975 3852.1766666666663 7
1747197900991 3858.1777777777775 7
1747197901007 3864.193333333333 7
1747197901024 3870.2233333333334 7
1747197901040 3876.2677777777776 7
1747197901056 3882.326666666667 7
1747197901073 3888.4 7
1747197901089 3894.487777777778 7
1747197901106 3900.5899999999997 7
1747197901122 3906.7066666666665 7
1747197901140 3912.837777777778 7
1747197901157 3918.983333333333 7
1747197901174 3925.1433333333334 7
1747197901189 3931.3177777777773 7
1747197901206 3937.5066666666667 7
1747197901221 3943.7099999999996 7
1747197901240 3949.9277777777775 7
1747197901255 3956.1599999999994 7
1747197901274 3962.4066666666668 7
1747197901290 3968.6677777777777 7
1747197901307 3974.9433333333336 7
1747197901324 3981.233333333333 7
1747197901340 3987.5377777777776 7
1747197901358 3993.8566666666666 7
1747197901375 4000.19 7
1747197901390 4006.5377777777776 7
1747197901407 4012.9 7
1747197901422 4019.2766666666666 7
1747197901440 4025.6677777777777 7
1747197901456 4032.0733333333333 7
1747197901474 4038.493333333333 7
1747197901490 4044.9277777777775 7
1747197901507 4051.376666666666 7
1747197901524 4057.8399999999997 7
1747197901540 4064.3177777777773 7
1747197901557 4070.81 7
1747197901574 4077.3166666666666 7
1747197901590 4083.837777777778 7
1747197901606 4090.3733333333334 7
1747197901624 4096.923333333333 7
1747197901640 4103.487777777777 7
1747197901657 4110.066666666667 7
1747197901676 4116.66 7
1747197901692 4123.267777777777 7
1747197901708 4129.89 7
1747197901725 4136.526666666667 7
1747197901741 4143.177777777778 7
1747197901762 4149.843333333333 7
1747197901791 4156.5233333333335 7
1747197901805 4163.217777777778 7
1747197901822 4169.926666666667 7
1747197901838 4176.65 7
1747197901855 4183.387777777778 7
1747197901872 4190.14 7
1747197901888 4196.906666666667 7
1747197901905 4203.687777777778 7
1747197901921 4210.483333333334 7
1747197901938 4217.293333333333 7
1747197901954 4224.1177777777775 7
1747197901971 4230.956666666667 7
1747197901987 4237.8099999999995 7
1747197902003 4244.677777777778 7
1747197902020 4251.5599999999995 7
1747197902039 4258.456666666667 7
1747197902054 4265.3677777777775 7
1747197902081 4272.293333333333 7
1747197902098 4279.233333333334 7
1747197902112 4286.187777777778 7
1747197902129 4293.156666666667 7
1747197902147 4300.14 7
1747197902164 4307.137777777778 7
1747197902181 4314.15 7
1747197902197 4321.176666666667 7
1747197902214 4328.217777777778 7
1747197902230 4335.2733333333335 7
1747197902246 4342.343333333333 7
1747197902263 4349.427777777778 7
1747197902280 4356.526666666667 7
1747197902298 4363.64 7
1747197902314 4370.767777777777 7
1747197902330 4377.91 7
1747197902347 4385.066666666667 7
1747197902363 4392.237777777777 7
1747197902380 4399.423333333333 7
1747197902396 4406.623333333333 7
1747197902413 4413.837777777778 7
1747197902429 4421.066666666667 7
1747197902447 4428.3099999999995 7
1747197902462 4435.567777777777 7
1747197902479 4442.839999999999 7
1747197902689 0.36666666666666664 8
1747197902712 1.102222222222222 8
1747197902735 2.2088888888888887 8
1747197902756 3.688888888888889 8
1747197902781 5.546666666666667 8
1747197902802 7.417777777777777 8
1747197902822 9.308888888888891 8
1747197902847 11.475555555555557 8
1747197902871 13.91777777777778 8
1747197902898 16.637777777777778 8
1747197902926 19.63777777777778 8
1747197902948 22.922222222222224 8
1747197902969 26.491111111111113 8
1747197902990 30.346666666666668 8
1747197903011 34.49111111111111 8
1747197903036 38.72888888888888 8
1747197903065 43.24777777777778 8
1747197903088 48.04777777777778 8
1747197903110 52.90111111111111 8
1747197903132 58.032222222222224 8
1747197903152 63.44555555555556 8
1747197903181 69.14333333333335 8
1747197903211 74.8488888888889 8
1747197903233 80.83333333333333 8
1747197903255 87.09666666666666 8
1747197903275 93.64111111111112 8
1747197903296 100.46666666666668 8
1747197903316 107.57333333333335 8
1747197903338 114.96111111111114 8
1747197903357 121.93666666666668 8
1747197903375 128.04555555555558 8
1747197903395 134.35222222222222 8
1747197903415 140.8588888888889 8
1747197903439 147.56555555555556 8
1747197903458 154.47222222222223 8
1747197903478 161.57888888888888 8
1747197903498 168.88555555555558 8
1747197903519 176.39444444444447 8
1747197903538 184.1077777777778 8
1747197903558 192.0255555555556 8
1747197903578 200.14777777777783 8
1747197903597 208.4744444444445 8
1747197903617 217.0055555555556 8
1747197903635 225.74111111111114 8
1747197903656 234.68111111111114 8
1747197903678 243.82555555555558 8
1747197903698 253.17444444444448 8
1747197903717 262.7277777777778 8
1747197903736 271.71111111111117 8
1747197903755 280.8777777777778 8
1747197903772 290.2277777777778 8
1747197903791 299.12555555555554 8
1747197903811 308.19444444444446 8
1747197903830 316.77444444444444 8
1747197903846 325.5133333333333 8
1747197903864 334.4111111111111 8
1747197903880 343.46777777777777 8
1747197903897 352.6833333333333 8
1747197903915 362.05777777777774 8
1747197903932 371.59111111111105 8
1747197903949 381.28333333333325 8
1747197903969 391.13444444444445 8
1747197903992 401.1444444444444 8
1747197904063 411.31333333333333 8
1747197904095 420.84666666666664 8
1747197904116 430.5266666666667 8
1747197904134 439.5344444444445 8
1747197904152 448.6766666666667 8
1747197904171 457.10999999999996 8
1747197904188 465.66555555555556 8
1747197904206 474.3433333333333 8
1747197904223 483.1433333333333 8
1747197904240 492.06555555555553 8
1747197904256 501.10999999999996 8
1747197904274 510.27666666666664 8
1747197904290 519.5655555555555 8
1747197904307 528.9766666666667 8
1747197904324 538.5099999999999 8
1747197904341 548.1655555555554 8
1747197904357 557.9433333333333 8
1747197904374 567.8433333333334 8
1747197904390 577.8655555555555 8
1747197904406 588.01 8
1747197904422 598.2766666666666 8
1747197904439 608.6655555555554 8
1747197904455 619.1766666666666 8
1747197904473 629.81 8
1747197904490 640.5655555555555 8
1747197904504 651.4433333333333 8
1747197904522 662.4433333333333 8
1747197904539 673.5655555555555 8
1747197904555 684.81 8
1747197904572 696.1766666666666 8
1747197904589 707.6655555555554 8
1747197904605 719.2766666666666 8
1747197904622 731.01 8
1747197904638 742.8655555555555 8
1747197904657 754.8433333333334 8
1747197904674 766.9433333333333 8
1747197904692 779.1655555555554 8
1747197904709 791.51 8
1747197904728 803.9766666666667 8
1747197904745 816.5655555555555 8
1747197904761 829.2766666666666 8
1747197904780 842.11 8
1747197904807 855.0655555555555 8
1747197904824 868.1433333333333 8
1747197904839 881.3433333333334 8
1747197904857 894.6655555555554 8
1747197904873 908.11 8
1747197904889 921.6766666666666 8
1747197904906 935.3655555555555 8
1747197904922 949.1766666666666 8
1747197904938 963.11 8
1747197904955 977.1655555555554 8
1747197904971 991.3433333333334 8
1747197904987 1005.6433333333333 8
1747197905004 1020.0677777777778 8
1747197905019 1034.6166666666666 8
1747197905037 1049.29 8
1747197905053 1064.0877777777778 8
1747197905070 1079.01 8
1747197905086 1094.0566666666666 8
1747197905101 1109.23 8
1747197905117 1124.5322222222223 8
1747197905133 1138.392222222222 8
1747197905149 1152.362222222222 8
1747197905167 1166.4422222222222 8
1747197905184 1180.6322222222223 8
1747197905200 1194.9322222222222 8
1747197905217 1209.342222222222 8
1747197905234 1223.8622222222223 8
1747197905251 1238.4922222222224 8
1747197905269 1253.2322222222222 8
1747197905285 1268.0822222222223 8
1747197905302 1283.0422222222223 8
1747197905319 1298.1122222222223 8
1747197905335 1313.292222222222 8
1747197905353 1328.5822222222223 8
1747197905367 1343.9822222222222 8
1747197905385 1359.4922222222222 8
1747197905402 1375.112222222222 8
1747197905417 1390.842222222222 8
1747197905436 1406.6822222222222 8
1747197905450 1422.6322222222223 8
1747197905468 1438.6922222222222 8
1747197905485 1454.8622222222223 8
1747197905501 1471.1422222222222 8
1747197905518 1487.5322222222223 8
1747197905534 1504.0322222222223 8
1747197905550 1520.6422222222222 8
1747197905567 1537.3622222222223 8
1747197905584 1554.1922222222224 8
1747197905598 1571.1322222222223 8
1747197905616 1588.1822222222222 8
1747197905632 1605.342222222222 8
1747197905650 1622.612222222222 8
1747197905666 1639.9922222222222 8
1747197905681 1657.4822222222222 8
1747197905698 1675.0822222222223 8
1747197905714 1692.7922222222223 8
1747197905732 1710.6122222222223 8
1747197905747 1728.5422222222223 8
1747197905765 1746.5822222222223 8
1747197905779 1764.7344444444445 8
1747197905797 1783.0011111111112 8
1747197905812 1801.3844444444444 8
1747197905829 1817.8111111111111 8
1747197905846 1834.3355555555556 8
1747197905862 1850.9577777777777 8
1747197905879 1867.6777777777777 8
1747197905896 1884.4955555555555 8
1747197905912 1901.411111111111 8
1747197905929 1918.4244444444444 8
1747197905945 1935.5355555555554 8
1747197905963 1952.7444444444445 8
1747197905979 1970.0511111111111 8
1747197905996 1987.4555555555555 8
1747197906012 2004.9577777777777 8
1747197906028 2022.5577777777776 8
1747197906045 2040.2555555555555 8
1747197906061 2058.051111111111 8
1747197906079 2075.9444444444443 8
1747197906096 2093.9355555555553 8
1747197906111 2112.0244444444443 8
1747197906129 2130.2111111111108 8
1747197906144 2148.4955555555553 8
1747197906170 2166.8777777777777 8
1747197906187 2185.3577777777778 8
1747197906205 2203.9355555555553 8
1747197906220 2222.6111111111113 8
1747197906236 2241.384444444445 8
1747197906254 2260.255555555556 8
1747197906270 2279.2244444444445 8
1747197906287 2298.291111111111 8
1747197906304 2317.4555555555557 8
1747197906320 2336.717777777778 8
1747197906337 2356.077777777778 8
1747197906352 2375.5355555555557 8
1747197906372 2395.0911111111113 8
1747197906387 2414.744444444444 8
1747197906404 2434.4955555555557 8
1747197906421 2454.3444444444444 8
1747197906437 2474.291111111111 8
1747197906454 2494.3355555555554 8
1747197906470 2514.477777777778 8
1747197906487 2534.717777777778 8
1747197906504 2555.0555555555557 8
1747197906519 2575.4911111111114 8
1747197906536 2596.0244444444447 8
1747197906552 2616.6555555555556 8
1747197906569 2637.384444444445 8
1747197906587 2658.211111111111 8
1747197906602 2679.135555555556 8
1747197906618 2700.1577777777784 8
1747197906634 2721.2777777777787 8
1747197906651 2742.4955555555566 8
1747197906667 2761.1466666666674 8
1747197906685 2779.8833333333337 8
1747197906699 2798.7055555555557 8
1747197906717 2814.912222222222 8
1747197906733 2831.1922222222224 8
1747197906749 2847.5455555555554 8
1747197906765 2863.972222222222 8
1747197906784 2880.472222222222 8
1747197906799 2897.0455555555554 8
1747197906816 2913.6922222222224 8
1747197906831 2930.412222222222 8
1747197906849 2947.2055555555557 8
1747197906865 2964.072222222223 8
1747197906882 2981.0122222222226 8
1747197906899 2998.0255555555564 8
1747197906916 3015.112222222223 8
1747197906933 3032.272222222223 8
1747197906949 3049.505555555556 8
1747197906965 3066.8122222222223 8
1747197906982 3084.1922222222224 8
1747197906999 3101.645555555556 8
1747197907014 3119.1722222222224 8
1747197907030 3136.7722222222224 8
1747197907047 3154.4455555555555 8
1747197907063 3172.1922222222224 8
1747197907080 3190.012222222222 8
1747197907096 3207.9055555555556 8
1747197907111 3225.8722222222227 8
1747197907129 3243.9122222222227 8
1747197907145 3262.0255555555564 8
1747197907164 3280.212222222223 8
1747197907178 3298.472222222223 8
1747197907194 3316.8055555555557 8
1747197907211 3335.2122222222224 8
1747197907228 3353.6922222222224 8
1747197907243 3372.2455555555557 8
1747197907261 3390.8722222222223 8
1747197907277 3409.5722222222225 8
1747197907294 3428.3455555555556 8
1747197907310 3447.1922222222224 8
1747197907327 3466.1122222222225 8
1747197907343 3485.105555555556 8
1747197907360 3504.172222222223 8
1747197907377 3523.3122222222228 8
1747197907394 3542.5255555555564 8
1747197907409 3561.8122222222228 8
1747197907426 3581.172222222223 8
1747197907443 3600.605555555556 8
1747197907458 3620.1122222222225 8
1747197907474 3639.6922222222224 8
1747197907491 3659.3455555555556 8
1747197907507 3679.0722222222225 8
1747197907528 3698.8722222222223 8
1747197907541 3718.7455555555557 8
1747197907558 3738.6922222222224 8
1747197907576 3758.7122222222224 8
1747197907592 3778.8055555555557 8
1747197907610 3798.972222222223 8
1747197907625 3819.212222222223 8
1747197907642 3839.5255555555564 8
1747197907659 3859.9122222222227 8
1747197907674 3880.3722222222227 8
1747197907693 3900.9055555555556 8
1747197907707 3921.512222222222 8
1747197907724 3942.1922222222224 8
1747197907741 3962.9455555555555 8
1747197907757 3983.7722222222224 8
1747197907774 4004.6722222222224 8
1747197907792 4025.645555555556 8
1747197907808 4046.6922222222224 8
1747197907826 4067.8122222222223 8
1747197907841 4089.005555555556 8
1747197907859 4110.272222222223 8
1747197907874 4131.612222222223 8
1747197907890 4153.025555555557 8
1747197907907 4174.512222222223 8
1747197907924 4196.072222222223 8
1747197907940 4217.705555555555 8
1747197907957 4239.412222222222 8
1747197907974 4261.192222222223 8
1747197907990 4283.045555555555 8
1747197908007 4304.972222222223 8
1747197908024 4326.972222222223 8
1747197908040 4349.045555555555 8
1747197908057 4371.192222222222 8
1747197908074 4393.412222222221 8
1747197908090 4415.705555555555 8
1747197908107 4438.072222222222 8
1747197908123 4460.512222222222 8
1747197908140 4483.025555555554 8
1747197908157 4505.612222222221 8
1747197908173 4528.272222222222 8
1747197908189 4551.0055555555555 8
1747197908206 4573.812222222221 8
1747197908222 4596.692222222222 8
1747197908240 4619.645555555556 8
1747197908256 4642.6722222222215 8
1747197908272 4665.772222222222 8
1747197908288 4688.945555555556 8
1747197908305 4712.192222222222 8
1747197908321 4735.512222222222 8
1747197908339 4758.905555555555 8
1747197908355 4782.372222222222 8
1747197908372 4805.912222222221 8
1747197908389 4829.525555555554 8
1747197908406 4853.2122222222215 8
1747197908421 4876.972222222222 8
1747197908437 4900.805555555556 8
1747197908456 4924.7122222222215 8
1747197908473 4948.692222222222 8
1747197908489 4972.745555555555 8
1747197908509 4996.872222222222 8
1747197908524 5021.072222222222 8
1747197908540 5045.345555555556 8
1747197908557 5069.692222222222 8
1747197908574 5094.112222222221 8
1747197908590 5118.605555555555 8
1747197908607 5143.1722222222215 8
1747197908625 5167.812222222221 8
1747197908641 5192.525555555554 8
1747197908659 5217.312222222221 8
1747197908674 5242.1722222222215 8
1747197908691 5267.105555555555 8
1747197908708 5292.112222222221 8
1747197908725 5317.192222222222 8
1747197908741 5342.345555555556 8
1747197908757 5367.572222222222 8
1747197908775 5392.872222222222 8
1747197908792 5418.245555555555 8
1747197908809 5443.692222222222 8
1747197908826 5469.2122222222215 8
1747197908842 5494.805555555556 8
1747197908860 5520.472222222222 8
1747197908875 5546.2122222222215 8
1747197908899 5572.025555555554 8
1747197908916 5597.912222222221 8
1747197908933 5623.872222222222 8
1747197908949 5649.905555555555 8
1747197908966 5676.012222222222 8
1747197908982 5702.192222222222 8
1747197908998 5728.445555555556 8
1747197909014 5754.772222222222 8
1747197909030 5781.1722222222215 8
1747197909047 5807.645555555556 8
1747197909063 5834.192222222222 8
1747197909080 5856.375555555555 8
1747197909096 5874.171111111111 8
1747197909112 5892.015555555555 8
1747197909130 5909.908888888889 8
1747197909146 5927.851111111111 8
1747197909164 5945.8422222222225 8
1747197909180 5963.882222222222 8
1747197909195 5981.971111111111 8
1747197909213 6000.108888888889 8
1747197909229 6018.295555555555 8
1747197909246 6036.5311111111105 8
1747197909262 6054.815555555556 8
1747197909279 6073.148888888889 8
1747197909296 6091.5311111111105 8
1747197909312 6109.962222222222 8
1747197909328 6123.822222222222 8
1747197909345 6137.718888888889 8
1747197909361 6151.652222222222 8
1747197909376 6165.622222222222 8
1747197909394 6179.628888888888 8
1747197909411 6193.6722222222215 8
1747197909428 6207.7522222222215 8
1747197909444 6221.868888888888 8
1747197909460 6236.022222222222 8
1747197909477 6250.212222222222 8
1747197909493 6264.438888888889 8
1747197909510 6278.702222222221 8
1747197909526 6293.0022222222215 8
1747197909544 6307.3388888888885 8
1747197909561 6321.712222222222 8
1747197909576 6336.122222222222 8
1747197909592 6350.568888888888 8
1747197909609 6365.052222222222 8
1747197909626 6379.572222222222 8
1747197909643 6394.128888888888 8
1747197909661 6408.722222222222 8
1747197909676 6423.352222222222 8
1747197909692 6438.018888888889 8
1747197909708 6452.722222222222 8
1747197909725 6467.462222222222 8
1747197909742 6482.238888888888 8
1747197909758 6497.052222222222 8
1747197909777 6511.902222222222 8
1747197909792 6526.788888888888 8
1747197909808 6541.712222222222 8
1747197909825 6556.6722222222215 8
1747197909841 6571.668888888888 8
1747197909858 6586.702222222221 8
1747197909874 6601.772222222222 8
1747197909890 6616.878888888888 8
1747197909907 6632.022222222222 8
1747197909923 6647.204444444445 8
1747197909939 6662.425555555556 8
1747197909956 6677.685555555555 8
1747197909972 6692.984444444444 8
1747197909990 6708.322222222222 8
1747197910006 6723.698888888888 8
1747197910022 6739.114444444444 8
1747197910038 6754.568888888888 8
1747197910055 6770.062222222222 8
1747197910071 6785.594444444444 8
1747197910089 6801.165555555554 8
1747197910104 6816.775555555555 8
1747197910122 6827.217777777778 8
1747197910138 6837.686666666666 8
1747197910153 6848.182222222222 8
1747197910169 6858.704444444445 8
1747197910186 6869.253333333332 8
1747197910201 6879.828888888888 8
1747197910216 6890.431111111111 8
1747197910234 6901.0599999999995 8
1747197910258 6911.715555555555 8
1747197910275 6922.397777777777 8
1747197910291 6933.106666666666 8
1747197910307 6943.8422222222225 8
1747197910324 6954.604444444444 8
1747197910340 6965.3933333333325 8
1747197910358 6976.208888888888 8
1747197910374 6987.051111111111 8
1747197910389 6997.919999999999 8
1747197910406 7008.815555555555 8
1747197910423 7019.737777777777 8
1747197910439 7030.686666666666 8
1747197910454 7041.662222222221 8
1747197910472 7052.664444444444 8
1747197910489 7063.693333333333 8
1747197910506 7074.748888888888 8
1747197910522 7085.831111111111 8
1747197910540 7096.94 8
1747197910556 7108.075555555555 8
1747197910572 7119.237777777777 8
1747197910588 7130.426666666666 8
1747197910605 7141.642222222222 8
1747197910621 7152.884444444444 8
1747197910638 7164.153333333333 8
1747197910655 7175.448888888888 8
1747197910671 7186.771111111111 8
1747197910689 7198.119999999999 8
1747197910706 7209.495555555554 8
1747197910722 7220.897777777777 8
1747197910738 7232.326666666666 8
1747197910754 7243.782222222221 8
1747197910770 7255.264444444444 8
1747197910785 7266.773333333333 8
1747197910804 7278.308888888889 8
1747197910819 7289.871111111111 8
1747197910839 7301.46 8
1747197910860 7313.075555555555 8
1747197910877 7324.717777777778 8
1747197910893 7336.386666666666 8
1747197910911 7348.082222222221 8
1747197910927 7359.804444444444 8
1747197910943 7371.553333333332 8
1747197910959 7383.328888888888 8
1747197910976 7395.131111111111 8
1747197910993 7406.96 8
1747197911010 7418.815555555555 8
1747197911026 7430.697777777777 8
1747197911042 7442.606666666666 8
1747197911058 7454.542222222222 8
1747197911076 7466.504444444445 8
1747197911091 7478.493333333333 8
1747197911106 7490.508888888889 8
1747197911125 7502.551111111111 8
1747197911141 7514.619999999999 8
1747197911158 7526.715555555555 8
1747197911172 7538.837777777778 8
1747197911188 7550.986666666666 8
1747197911205 7563.162222222221 8
1747197911222 7575.364444444444 8
1747197911238 7587.593333333333 8
1747197911254 7599.848888888888 8
1747197911270 7612.131111111111 8
1747197911287 7624.44 8
1747197911304 7636.775555555555 8
1747197911321 7649.137777777778 8
1747197911337 7661.526666666667 8
1747197911354 7673.942222222222 8
1747197911370 7686.384444444444 8
1747197911386 7698.853333333333 8
1747197911403 7711.348888888888 8
1747197911419 7723.871111111111 8
1747197911435 7736.419999999999 8
1747197911451 7748.995555555554 8
1747197911467 7761.597777777777 8
1747197911484 7774.2266666666665 8
1747197911500 7786.882222222222 8
1747197911516 7799.564444444444 8
1747197911533 7812.273333333333 8
1747197911549 7825.008888888889 8
1747197911566 7837.771111111111 8
1747197911583 7850.5599999999995 8
1747197911599 7863.375555555555 8
1747197911617 7876.217777777778 8
1747197911634 7889.086666666666 8
1747197911650 7901.982222222222 8
1747197911667 7914.904444444444 8
1747197911683 7927.853333333333 8
1747197911700 7940.828888888888 8
1747197911716 7953.831111111111 8
1747197911733 7966.86 8
1747197911749 7979.915555555554 8
1747197911765 7992.997777777778 8
1747197911782 8006.106666666666 8
1747197911798 8019.242222222222 8
1747197911816 8032.404444444444 8
1747197911833 8045.593333333333 8
1747197911848 8058.808888888889 8
1747197911865 8072.051111111111 8
1747197911881 8085.319999999999 8
1747197911898 8098.615555555555 8
1747197911915 8111.937777777778 8
1747197911931 8125.286666666666 8
1747197911948 8138.662222222221 8
1747197911965 8152.064444444444 8
1747197911980 8165.493333333333 8
1747197911997 8178.948888888888 8
1747197912014 8192.431111111111 8
1747197912029 8205.939999999999 8
1747197912045 8219.475555555555 8
1747197912062 8233.037777777778 8
1747197912078 8246.626666666667 8
1747197912096 8260.242222222221 8
1747197912113 8273.884444444444 8
1747197912130 8287.553333333333 8
1747197912146 8301.248888888887 8
1747197912162 8314.971111111112 8
1747197912179 8328.72 8
1747197912196 8342.495555555555 8
1747197912212 8356.297777777778 8
1747197912230 8370.126666666667 8
1747197912246 8383.982222222221 8
1747197912263 8397.864444444444 8
1747197912279 8411.773333333333 8
1747197912297 8425.708888888888 8
1747197912314 8439.67111111111 8
1747197912330 8453.66 8
1747197912346 8467.675555555556 8
1747197912363 8481.717777777778 8
1747197912379 8495.786666666665 8
1747197912396 8509.88222222222 8
1747197912413 8524.004444444445 8
1747197912430 8538.153333333332 8
1747197912445 8552.328888888887 8
1747197912462 8566.531111111111 8
1747197912716 0.36666666666666664 9
1747197912740 1.1044444444444443 9
1747197912767 2.22 9
1747197912790 3.717777777777778 9
1747197912816 5.521111111111111 9
1747197912838 7.694444444444445 9
1747197912862 10.022222222222222 9
1747197912887 12.686666666666667 9
1747197912910 15.582222222222223 9
1747197912932 18.68888888888889 9
1747197912955 22.11888888888889 9
1747197912984 25.874444444444446 9
1747197913006 29.95777777777778 9
1747197913032 34.36888888888889 9
1747197913059 39.11222222222222 9
1747197913084 44.190000000000005 9
1747197913110 49.39444444444444 9
1747197913138 54.925555555555555 9
1747197913165 60.78555555555556 9
1747197913189 66.97666666666666 9
1747197913212 73.24444444444445 9
1747197913234 79.29777777777778 9
1747197913257 85.65222222222222 9
1747197913282 92.31 9
1747197913305 99.27555555555556 9
1747197913326 105.85333333333334 9
1747197913349 112.6977777777778 9
1747197913371 119.47111111111114 9
1747197913391 126.50555555555556 9
1747197913414 133.8011111111111 9
1747197913434 140.97888888888892 9
1747197913454 148.4077777777778 9
1747197913477 156.08555555555554 9
1747197913499 164.01222222222222 9
1747197913521 172.1877777777778 9
1747197913540 179.86555555555557 9
1747197913562 187.7666666666667 9
1747197913583 195.19777777777782 9
1747197913603 202.82444444444448 9
1747197913623 210.6466666666667 9
1747197913646 218.6644444444445 9
1747197913665 226.87777777777782 9
1747197913686 235.28666666666672 9
1747197913707 243.89111111111114 9
1747197913730 252.69111111111116 9
1747197913749 261.6866666666667 9
1747197913772 270.87777777777785 9
1747197913794 280.26444444444445 9
1747197913815 289.8466666666667 9
1747197913839 299.62444444444446 9
1747197913860 309.5977777777778 9
1747197913878 319.1311111111111 9
1747197913898 328.8477777777778 9
1747197913917 338.0877777777778 9
1747197913936 347.4988888888889 9
1747197913956 357.08111111111106 9
1747197913977 366.83444444444444 9
1747197914004 376.7588888888888 9
1747197914024 386.85444444444437 9
1747197914044 397.121111111111 9
1747197914062 407.5588888888888 9
1747197914079 417.40999999999997 9
1747197914097 427.41999999999996 9
1747197914115 437.58888888888885 9
1747197914135 447.9166666666667 9
1747197914153 458.40333333333336 9
1747197914170 469.0488888888889 9
1747197914187 479.85333333333335 9
1747197914204 490.81666666666666 9
1747197914221 501.93888888888887 9
1747197914240 513.2199999999999 9
1747197914258 524.66 9
1747197914276 536.2588888888888 9
1747197914295 548.0166666666667 9
1747197914316 559.9333333333333 9
1747197914334 572.0088888888889 9
1747197914361 584.2433333333333 9
1747197914379 596.6366666666667 9
1747197914399 609.1888888888888 9
1747197914420 621.8999999999999 9
1747197914439 634.77 9
1747197914457 647.7988888888888 9
1747197914476 660.9866666666666 9
1747197914497 674.3333333333333 9
1747197914515 687.8388888888888 9
1747197914532 701.5033333333333 9
1747197914551 715.3266666666666 9
1747197914569 729.3088888888889 9
1747197914587 743.45 9
1747197914604 757.75 9
1747197914623 772.2088888888889 9
1747197914641 786.8266666666666 9
1747197914662 801.6033333333332 9
1747197914680 816.5388888888888 9
1747197914700 831.6333333333332 9
1747197914718 846.8866666666667 9
1747197914735 862.2988888888888 9
1747197914752 877.87 9
1747197914770 893.5999999999999 9
1747197914787 909.4888888888888 9
1747197914804 925.5366666666666 9
1747197914822 941.7433333333333 9
1747197914840 958.1088888888888 9
1747197914858 974.6333333333333 9
1747197914877 991.3166666666667 9
1747197914895 1008.158888888889 9
1747197914914 1025.16 9
1747197914932 1042.32 9
1747197914951 1059.638888888889 9
1747197914970 1077.1166666666666 9
1747197914989 1094.7533333333333 9
1747197915007 1112.548888888889 9
1747197915026 1130.5033333333333 9
1747197915044 1148.6166666666666 9
1747197915061 1166.888888888889 9
1747197915079 1185.32 9
1747197915097 1203.9099999999999 9
1747197915114 1222.658888888889 9
1747197915133 1241.5666666666666 9
1747197915151 1260.6333333333334 9
1747197915169 1279.858888888889 9
1747197915186 1299.243333333333 9
1747197915204 1318.7866666666666 9
1747197915221 1338.4888888888888 9
1747197915239 1358.35 9
1747197915257 1378.37 9
1747197915274 1398.548888888889 9
1747197915292 1418.8866666666665 9
1747197915310 1439.3833333333334 9
1747197915330 1460.0388888888888 9
1747197915348 1480.8533333333332 9
1747197915366 1501.8266666666666 9
1747197915384 1522.958888888889 9
1747197915402 1544.25 9
1747197915419 1565.7 9
1747197915437 1587.308888888889 9
1747197915455 1609.0766666666666 9
1747197915472 1631.0033333333333 9
1747197915490 1653.0888888888887 9
1747197915507 1675.3333333333333 9
1747197915524 1697.7366666666667 9
1747197915541 1720.298888888889 9
1747197915559 1743.02 9
1747197915575 1765.9 9
1747197915592 1788.9388888888889 9
1747197915609 1812.1366666666665 9
1747197915626 1835.493333333333 9
1747197915643 1859.008888888889 9
1747197915661 1882.6833333333334 9
1747197915679 1906.5166666666667 9
1747197915706 1930.508888888889 9
1747197915725 1954.66 9
1747197915742 1978.9700000000005 9
1747197915762 2003.438888888889 9
1747197915781 2028.0666666666666 9
1747197915802 2052.8533333333335 9
1747197915823 2077.798888888889 9
1747197915843 2102.903333333333 9
1747197915861 2128.1666666666665 9
1747197915881 2151.6333333333337 9
1747197915899 2175.246666666667 9
1747197915919 2199.006666666667 9
1747197915936 2222.9133333333334 9
1747197915954 2246.9666666666667 9
1747197915972 2271.1666666666665 9
1747197915989 2295.513333333334 9
1747197916006 2317.965555555556 9
1747197916024 2340.5522222222226 9
1747197916042 2363.273333333333 9
1747197916059 2386.128888888889 9
1747197916078 2409.1188888888887 9
1747197916096 2432.2433333333333 9
1747197916114 2455.5022222222224 9
1747197916133 2478.895555555556 9
1747197916159 2502.423333333333 9
1747197916177 2526.085555555556 9
1747197916194 2549.8822222222225 9
1747197916212 2573.8133333333335 9
1747197916231 2597.878888888889 9
1747197916248 2622.0788888888887 9
1747197916267 2646.4133333333334 9
1747197916284 2670.8822222222225 9
1747197916301 2695.485555555556 9
1747197916317 2720.2233333333334 9
1747197916335 2745.0955555555556 9
1747197916353 2770.1022222222223 9
1747197916370 2795.2433333333333 9
1747197916387 2820.518888888889 9
1747197916404 2845.928888888889 9
1747197916420 2871.4733333333334 9
1747197916437 2897.1522222222225 9
1747197916453 2922.965555555556 9
1747197916470 2948.9133333333334 9
1747197916486 2974.9955555555557 9
1747197916502 3001.2122222222224 9
1747197916519 3027.5633333333335 9
1747197916537 3054.048888888889 9
1747197916554 3080.6688888888893 9
1747197916570 3107.423333333333 9
1747197916586 3134.3122222222223 9
1747197916603 3161.3355555555554 9
1747197916621 3188.4933333333333 9
1747197916638 3215.7855555555557 9
1747197916655 3243.2122222222224 9
1747197916672 3270.773333333333 9
1747197916688 3298.4688888888895 9
1747197916704 3326.298888888889 9
1747197916721 3354.263333333334 9
1747197916736 3382.3622222222225 9
1747197916753 3410.5955555555556 9
1747197916769 3438.9633333333336 9
1747197916784 3464.8744444444446 9
1747197916802 3490.907777777778 9
1747197916818 3517.0633333333335 9
1747197916839 3543.341111111112 9
1747197916857 3569.7411111111123 9
1747197916874 3596.2633333333347 9
1747197916891 3622.907777777779 9
1747197916907 3649.6744444444453 9
1747197916923 3676.5633333333335 9
1747197916940 3703.5744444444445 9
1747197916957 3730.707777777778 9
1747197916973 3757.9633333333336 9
1747197916990 3785.3411111111113 9
1747197917008 3812.8411111111113 9
1747197917025 3840.4633333333336 9
1747197917041 3868.207777777778 9
1747197917059 3893.287777777778 9
1747197917074 3918.477777777778 9
1747197917091 3943.7777777777787 9
1747197917107 3966.3644444444453 9
1747197917122 3989.04888888889 9
1747197917140 4011.831111111112 9
1747197917157 4034.711111111112 9
1747197917173 4057.6888888888893 9
1747197917190 4080.764444444445 9
1747197917204 4103.937777777778 9
1747197917221 4127.208888888889 9
1747197917237 4150.5777777777785 9
1747197917252 4174.044444444445 9
1747197917268 4197.608888888889 9
1747197917286 4221.271111111111 9
1747197917302 4245.031111111111 9
1747197917318 4268.88888888889 9
1747197917336 4292.844444444445 9
1747197917352 4316.897777777779 9
1747197917369 4341.04888888889 9
1747197917385 4365.297777777779 9
1747197917402 4389.644444444445 9
1747197917418 4414.088888888889 9
1747197917434 4435.563333333334 9
1747197917450 4457.123333333334 9
1747197917467 4478.76888888889 9
1747197917484 4500.5 9
1747197917500 4522.316666666667 9
1747197917517 4544.2188888888895 9
1747197917533 4566.206666666667 9
1747197917549 4588.280000000001 9
1747197917566 4610.43888888889 9
1747197917582 4632.683333333334 9
1747197917599 4655.013333333334 9
1747197917616 4677.42888888889 9
1747197917632 4699.930000000001 9
1747197917648 4722.516666666667 9
1747197917665 4745.18888888889 9
1747197917680 4767.946666666668 9
1747197917698 4790.79 9
1747197917716 4813.7188888888895 9
1747197917734 4836.733333333334 9
1747197917749 4859.833333333333 9
1747197917766 4883.01888888889 9
1747197917782 4906.29 9
1747197917798 4929.646666666667 9
1747197917816 4953.088888888889 9
1747197917832 4976.616666666668 9
1747197917849 5000.2300000000005 9
1747197917866 5023.92888888889 9
1747197917882 5047.713333333334 9
1747197917900 5071.583333333334 9
1747197917917 5095.538888888889 9
1747197917935 5119.580000000001 9
1747197917950 5143.706666666667 9
1747197917977 5167.918888888889 9
1747197918017 5192.216666666666 9
1747197918052 5216.6 9
1747197918077 5241.068888888889 9
1747197918100 5265.623333333334 9
1747197918124 5290.263333333334 9
1747197918145 5314.98888888889 9
1747197918166 5339.800000000001 9
1747197918207 5364.696666666668 9
1747197918225 5389.67888888889 9
1747197918262 5414.746666666668 9
1747197918280 5439.900000000001 9
1747197918298 5465.13888888889 9
1747197918327 5490.463333333334 9
1747197918351 5515.873333333334 9
1747197918371 5541.368888888889 9
1747197918386 5566.95 9
1747197918404 5592.616666666667 9
1747197918419 5618.368888888888 9
1747197918436 5644.206666666666 9
1747197918452 5670.13 9
1747197918470 5696.138888888889 9
1747197918487 5722.233333333333 9
1747197918502 5748.413333333333 9
1747197918521 5774.678888888888 9
1747197918540 5801.03 9
1747197918558 5827.466666666665 9
1747197918574 5853.988888888888 9
1747197918590 5880.596666666666 9
1747197918607 5907.289999999999 9
1747197918625 5934.068888888888 9
1747197918642 5960.933333333333 9
1747197918659 5987.883333333333 9
1747197918674 6014.918888888888 9
1747197918692 6042.039999999999 9
1747197918708 6069.246666666667 9
1747197918724 6096.538888888888 9
1747197918741 6123.916666666666 9
1747197918759 6151.38 9
1747197918774 6178.928888888888 9
1747197918791 6206.5633333333335 9
1747197918808 6234.283333333332 9
1747197918824 6262.0888888888885 9
1747197918841 6289.98 9
1747197918858 6317.956666666666 9
1747197918876 6346.018888888889 9
1747197918892 6374.166666666667 9
1747197918909 6402.4 9
1747197918926 6430.718888888889 9
1747197918944 6459.123333333333 9
1747197918961 6487.613333333333 9
1747197918978 6516.188888888889 9
1747197918996 6544.849999999999 9
1747197919012 6573.596666666666 9
1747197919028 6602.428888888888 9
1747197919045 6631.346666666666 9
1747197919062 6660.349999999999 9
1747197919078 6689.438888888889 9
1747197919096 6718.613333333333 9
1747197919113 6747.873333333333 9
1747197919138 6777.218888888889 9
1747197919150 6806.65 9
1747197919167 6836.166666666667 9
1747197919182 6865.768888888889 9
1747197919198 6895.456666666666 9
1747197919215 6925.23 9
1747197919232 6955.0888888888885 9
1747197919248 6985.033333333332 9
1747197919265 7015.0633333333335 9
1747197919283 7045.178888888888 9
1747197919299 7075.38 9
1747197919318 7105.666666666666 9
1747197919333 7136.038888888888 9
1747197919348 7166.496666666667 9
1747197919366 7197.039999999999 9
1747197919382 7227.668888888888 9
1747197919399 7258.383333333333 9
1747197919415 7289.183333333333 9
1747197919432 7320.068888888888 9
1747197919448 7351.039999999999 9
1747197919463 7382.096666666666 9
1747197919480 7413.238888888888 9
1747197919497 7444.466666666665 9
1747197919515 7475.78 9
1747197919531 7507.178888888888 9
1747197919550 7538.663333333333 9
1747197919566 7570.233333333333 9
1747197919581 7601.888888888889 9
1747197919599 7633.63 9
1747197919615 7665.456666666666 9
1747197919633 7697.368888888888 9
1747197919649 7729.366666666667 9
1747197919667 7761.45 9
1747197919684 7793.618888888888 9
1747197919702 7825.873333333333 9
1747197919719 7858.213333333333 9
1747197919736 7890.638888888889 9
1747197919752 7923.149999999999 9
1747197919769 7955.746666666667 9
1747197919792 7988.428888888888 9
1747197919805 8021.196666666667 9
1747197919821 8054.049999999999 9
1747197919838 8086.988888888888 9
1747197919856 8120.013333333333 9
1747197919871 8153.123333333333 9
1747197919887 8186.318888888888 9
1747197919904 8219.6 9
1747197919920 8252.966666666667 9
1747197919937 8286.418888888888 9
1747197919954 8319.956666666667 9
1747197919970 8353.58 9
1747197919987 8387.288888888888 9
1747197920004 8421.083333333332 9
1747197920020 8454.963333333333 9
1747197920035 8488.928888888888 9
1747197920052 8522.98 9
1747197920069 8557.116666666665 9
1747197920089 8591.33888888889 9
1747197920118 8625.646666666666 9
1747197920136 8660.039999999999 9
1747197920153 8694.518888888888 9
1747197920169 8729.083333333334 9
1747197920185 8763.733333333334 9
1747197920201 8798.468888888889 9
1747197920220 8833.29 9
1747197920235 8868.196666666665 9
1747197920251 8903.188888888888 9
1747197920267 8938.266666666666 9
1747197920285 8973.429999999998 9
1747197920304 9008.678888888888 9
1747197920329 9044.013333333332 9
1747197920345 9079.435555555556 9
1747197920361 9114.945555555554 9
1747197920378 9150.543333333333 9
1747197920396 9186.228888888889 9
1747197920413 9222.002222222221 9
1747197920428 9257.863333333335 9
1747197920446 9293.812222222221 9
1747197920462 9329.84888888889 9
1747197920479 9365.973333333333 9
1747197920496 9402.185555555556 9
1747197920512 9438.485555555555 9
1747197920529 9474.873333333333 9
1747197920546 9506.142222222223 9
1747197920561 9537.486666666666 9
1747197920576 9568.906666666666 9
1747197920596 9600.402222222221 9
1747197920612 9631.973333333333 9
1747197920628 9663.619999999999 9
1747197920647 9695.342222222222 9
1747197920662 9727.140000000001 9
1747197920679 9759.013333333332 9
1747197920696 9790.96222222222 9
1747197920712 9822.986666666666 9
1747197920727 9855.086666666666 9
1747197920743 9887.262222222222 9
1747197920759 9919.513333333332 9
1747197920778 9951.84 9
1747197920797 9984.242222222221 9
1747197920812 10016.72 9
1747197920828 10049.273333333333 9
1747197920846 10081.902222222221 9
1747197920862 10114.606666666667 9
1747197920877 10147.386666666665 9
1747197920894 10180.242222222221 9
1747197920910 10213.173333333334 9
1747197920925 10246.179999999998 9
1747197920942 10279.262222222222 9
1747197920959 10312.42 9
1747197920975 10345.653333333332 9
1747197920992 10378.96222222222 9
1747197921009 10412.346666666666 9
1747197921025 10445.806666666667 9
1747197921046 10479.342222222222 9
1747197921069 10512.953333333333 9
1747197921087 10546.639999999998 9
1747197921108 10580.402222222221 9
1747197921126 10614.24 9
1747197921146 10648.153333333332 9
1747197921172 10682.142222222223 9
1747197921190 10716.206666666667 9
1747197921210 10750.346666666666 9
1747197921228 10784.562222222221 9
1747197921244 10818.853333333333 9
1747197921263 10853.22 9
1747197921282 10887.662222222221 9
1747197921302 10922.179999999998 9
1747197921319 10956.773333333334 9
1747197921334 10991.442222222222 9
1747197921352 11026.186666666666 9
1747197921370 11061.006666666664 9
1747197921387 11095.902222222221 9
1747197921402 11130.873333333333 9
1747197921423 11165.92 9
1747197921444 11201.042222222222 9
1747197921467 11236.24 9
1747197921482 11271.513333333332 9
1747197921499 11306.862222222222 9
1747197921516 11342.286666666665 9
1747197921532 11377.786666666665 9
1747197921549 11413.362222222222 9
1747197921567 11449.013333333332 9
1747197921582 11484.74 9
1747197921600 11520.542222222222 9
1747197921617 11556.42 9
1747197921635 11592.373333333331 9
1747197921650 11628.402222222221 9
1747197921667 11664.506666666666 9
1747197921683 11700.686666666666 9
1747197921699 11736.942222222222 9
1747197921715 11773.273333333334 9
1747197921731 11809.679999999998 9
1747197921749 11846.162222222221 9
1747197921765 11882.72 9
1747197921782 11919.353333333333 9
1747197921798 11956.062222222221 9
1747197921815 11992.846666666666 9
1747197921831 12029.706666666667 9
1747197921848 12066.642222222223 9
1747197921864 12103.653333333332 9
1747197921880 12140.739999999998 9
1747197921897 12177.902222222221 9
1747197921914 12215.140000000001 9
1747197921931 12252.453333333333 9
1747197921947 12289.842222222222 9
1747197921963 12327.306666666667 9
1747197921979 12364.846666666666 9
1747197921995 12402.46222222222 9
1747197922013 12440.153333333332 9
1747197922031 12477.92 9
1747197922064 12515.762222222222 9
1747197922080 12553.679999999998 9
1747197922096 12591.673333333334 9
1747197922112 12629.742222222221 9
1747197922128 12667.886666666665 9
1747197922145 12706.106666666665 9
1747197922162 12744.402222222221 9
1747197922179 12782.773333333334 9
1747197922195 12821.22 9
1747197922211 12859.742222222221 9
1747197922227 12898.34 9
1747197922243 12937.013333333332 9
1747197922259 12975.762222222222 9
1747197922275 13014.586666666666 9
1747197922292 13053.486666666666 9
1747197922309 13092.46222222222 9
1747197922327 13131.513333333332 9
1747197922347 13170.640000000001 9
1747197922365 13209.842222222222 9
1747197922381 13249.119999999999 9
1747197922398 13288.473333333332 9
1747197922415 13327.902222222221 9
1747197922431 13367.406666666668 9
1747197922447 13406.986666666666 9
1747197922464 13446.642222222223 9
1747197922480 13486.373333333333 9
1747197922497 13526.179999999998 9
1747197922520 13566.062222222221 9
1747197922533 13606.019999999999 9
1747197922549 13646.053333333333 9
1747197922565 13686.162222222221 9
1747197922582 13726.346666666666 9
1747197922599 13766.606666666667 9
1747197922615 13806.942222222222 9
1747197922632 13847.353333333333 9
1747197922648 13887.839999999998 9
1747197922663 13928.402222222221 9
1747197922682 13969.04 9
1747197922696 14009.753333333332 9
1747197922713 14050.542222222222 9
1747197922729 14091.406666666668 9
1747197922746 14132.346666666666 9
1747197922762 14173.362222222222 9
1747197922778 14214.453333333333 9
1747197922794 14255.619999999999 9
1747197922811 14296.862222222222 9
1747197922828 14338.179999999998 9
1747197922845 14379.573333333334 9
1747197922864 14421.042222222222 9
1747197922880 14462.586666666666 9
1747197922897 14504.206666666665 9
1747197922915 14545.902222222221 9
1747197922930 14587.673333333334 9
1747197922947 14629.519999999999 9
1747197922962 14671.442222222222 9
1747197922981 14699.21111111111 9
1747197922996 14727.028888888888 9
1747197923013 14754.895555555555 9
1747197923030 14782.81111111111 9
1747197923049 14810.775555555556 9
1747197923064 14831.785555555554 9
1747197923080 14852.832222222223 9
1747197923096 14866.887777777776 9
1747197923113 14880.967777777778 9
1747197923129 14895.072222222221 9
1747197923148 14909.201111111111 9
1747197923164 14923.354444444443 9
1747197923179 14937.532222222222 9
1747197923196 14944.633333333333 9
1747197923213 14951.746666666666 9
1747197923230 14958.87222222222 9
1747197923245 14966.01 9
1747197923261 14973.16 9
1747197923474 0.36666666666666664 10
1747197923496 1.1066666666666665 10
1747197923522 2.235555555555556 10
1747197923544 3.7600000000000002 10
1747197923565 5.467777777777778 10
1747197923585 7.536666666666666 10
1747197923607 9.755555555555556 10
1747197923629 12.306666666666668 10
1747197923650 15.194444444444445 10
1747197923672 18.43 10
1747197923693 22.02 10
1747197923714 25.97111111111111 10
1747197923736 30.296666666666667 10
1747197923757 35.007777777777775 10
1747197923779 40.11333333333334 10
1747197923801 45.626666666666665 10
1747197923823 51.556666666666665 10
1747197923847 57.912222222222226 10
1747197923870 64.47666666666666 10
1747197923892 71.48333333333333 10
1747197923915 78.94555555555556 10
1747197923939 86.87444444444444 10
1747197923963 95.27666666666667 10
1747197923987 104.1588888888889 10
1747197924009 113.52333333333334 10
1747197924032 122.70333333333335 10
1747197924052 130.28333333333336 10
1747197924072 138.19888888888892 10
1747197924093 146.45 10
1747197924114 154.32111111111115 10
1747197924136 162.49333333333334 10
