1747197880851 11.0 1
1747197880877 22.4 1
1747197880904 34.2 1
1747197880928 44.8 1
1747197880951 54.833333333333336 1
1747197880971 62.8 1
1747197880988 67.7 1
1747197881005 72.3 1
1747197881021 75.93333333333334 1
1747197881038 78.56666666666666 1
1747197881055 81.33333333333333 1
1747197881071 84.16666666666667 1
1747197881089 86.43333333333334 1
1747197881104 88.83333333333333 1
1747197881122 91.3 1
1747197881138 93.9 1
1747197881155 96.63333333333334 1
1747197881173 97.36666666666666 1
1747197881191 98.1 1
1747197881206 98.83333333333333 1
1747197881223 99.56666666666666 1
1747197881239 100.3 1
1747197881257 101.03333333333333 1
1747197881272 101.76666666666667 1
1747197881289 102.5 1
1747197881307 103.23333333333333 1
1747197881323 103.96666666666667 1
1747197881338 104.7 1
1747197881356 105.43333333333334 1
1747197881373 106.16666666666667 1
1747197881389 106.9 1
1747197881406 107.63333333333334 1
1747197881422 108.36666666666666 1
1747197881440 109.1 1
1747197881456 109.9 1
1747197881472 110.7 1
1747197881489 111.5 1
1747197881505 112.36666666666666 1
1747197881522 113.3 1
1747197881540 114.3 1
1747197881557 115.36666666666666 1
1747197881573 116.5 1
1747197881590 117.7 1
1747197881607 118.53333333333333 1
1747197881624 119.43333333333334 1
1747197881875 11.0 2
1747197881900 22.533333333333335 2
1747197881925 34.93333333333333 2
1747197881948 47.333333333333336 2
1747197881970 58.266666666666666 2
1747197881991 69.5 2
1747197882012 78.96666666666667 2
1747197882032 87.86666666666666 2
1747197882049 94.2 2
1747197882066 99.6 2
1747197882081 105.13333333333334 2
1747197882100 110.66666666666667 2
1747197882117 116.26666666666667 2
1747197882135 122.06666666666666 2
1747197882152 128.0 2
1747197882172 133.5 2
1747197882190 139.13333333333333 2
1747197882208 143.8 2
1747197882227 148.16666666666666 2
1747197882244 152.66666666666666 2
1747197882263 157.3 2
1747197882281 162.06666666666666 2
1747197882299 166.96666666666667 2
1747197882316 171.8 2
1747197882332 175.33333333333334 2
1747197882348 178.73333333333332 2
1747197882367 181.76666666666668 2
1747197882384 184.8 2
1747197882400 187.83333333333334 2
1747197882415 190.1 2
1747197882431 192.0 2
1747197882449 193.9 2
1747197882464 195.8 2
1747197882482 197.7 2
1747197882497 199.66666666666666 2
1747197882512 201.63333333333333 2
1747197882530 203.6 2
1747197882547 205.63333333333333 2
1747197882561 207.73333333333332 2
1747197882578 209.9 2
1747197882594 212.13333333333333 2
1747197882609 214.0 2
1747197882626 215.93333333333334 2
1747197882643 217.13333333333333 2
1747197882660 218.4 2
1747197882677 218.76666666666668 2
1747197882694 219.13333333333333 2
1747197882711 219.5 2
1747197882728 219.86666666666667 2
1747197882742 220.23333333333332 2
1747197882760 220.6 2
1747197882776 220.96666666666667 2
1747197882792 221.33333333333334 2
1747197882809 221.7 2
1747197882825 222.06666666666666 2
1747197883080 11.0 3
1747197883105 22.2 3
1747197883129 33.8 3
1747197883153 45.8 3
1747197883176 57.9 3
1747197883198 69.3 3
1747197883219 80.33333333333333 3
1747197883240 89.86666666666666 3
1747197883258 96.06666666666666 3
1747197883274 102.03333333333333 3
1747197883290 107.76666666666667 3
1747197883308 113.0 3
1747197883324 116.56666666666666 3
1747197883340 120.13333333333334 3
1747197883356 123.7 3
1747197883375 127.26666666666667 3
1747197883396 130.83333333333334 3
1747197883418 134.4 3
1747197883434 137.96666666666667 3
1747197883452 141.16666666666666 3
1747197883468 144.36666666666667 3
1747197883485 147.56666666666666 3
1747197883502 150.76666666666668 3
1747197883521 153.9 3
1747197883536 156.96666666666667 3
1747197883553 159.96666666666667 3
1747197883569 162.96666666666667 3
1747197883586 165.96666666666667 3
1747197883602 168.96666666666667 3
1747197883618 171.6 3
1747197883637 174.23333333333332 3
1747197883654 176.86666666666667 3
1747197883671 179.5 3
1747197883689 182.13333333333333 3
1747197883706 184.03333333333333 3
1747197883722 185.93333333333334 3
1747197883738 187.83333333333334 3
1747197883752 189.8 3
1747197883771 191.83333333333334 3
1747197883787 193.93333333333334 3
1747197883804 196.16666666666666 3
1747197883820 198.1 3
1747197883837 200.16666666666666 3
1747197883853 202.36666666666667 3
1747197883871 204.7 3
1747197883886 206.2 3
1747197883904 207.76666666666668 3
1747197883920 208.5 3
1747197883937 209.23333333333332 3
1747197883953 209.96666666666667 3
1747197883970 210.7 3
1747197883987 211.43333333333334 3
1747197884002 212.16666666666666 3
1747197884019 212.9 3
1747197884036 213.63333333333333 3
1747197884052 214.0 3
1747197884069 214.36666666666667 3
1747197884086 214.73333333333332 3
1747197884102 215.1 3
1747197884119 215.46666666666667 3
1747197884135 215.83333333333334 3
1747197884152 216.2 3
1747197884168 216.56666666666666 3
1747197884183 216.93333333333334 3
1747197884199 217.3 3
1747197884215 217.66666666666666 3
1747197884232 218.03333333333333 3
1747197884249 218.4 3
1747197884509 11.0 4
1747197884533 22.266666666666666 4
1747197884558 33.86666666666667 4
1747197884580 45.93333333333333 4
1747197884605 58.46666666666667 4
1747197884628 69.43333333333334 4
1747197884648 78.46666666666667 4
1747197884670 86.23333333333333 4
1747197884690 91.86666666666666 4
1747197884708 96.9 4
1747197884727 101.16666666666667 4
1747197884744 105.43333333333334 4
1747197884761 109.76666666666667 4
1747197884778 113.6 4
1747197884795 117.56666666666666 4
1747197884811 121.6 4
1747197884829 125.7 4
1747197884845 129.03333333333333 4
1747197884859 132.43333333333334 4
1747197884875 135.83333333333334 4
1747197884892 139.23333333333332 4
1747197884908 142.63333333333333 4
1747197884925 146.03333333333333 4
1747197884942 149.36666666666667 4
1747197884958 152.7 4
1747197884976 155.96666666666667 4
1747197884991 159.23333333333332 4
1747197885010 162.56666666666666 4
1747197885026 165.6 4
1747197885042 168.7 4
1747197885060 171.86666666666667 4
1747197885076 175.1 4
1747197885094 178.03333333333333 4
1747197885110 181.03333333333333 4
1747197885127 184.1 4
1747197885143 185.9 4
1747197885159 187.76666666666668 4
1747197885174 189.7 4
1747197885191 191.7 4
1747197885206 192.86666666666667 4
1747197885222 194.03333333333333 4
1747197885240 194.76666666666668 4
1747197885255 195.5 4
1747197885271 196.23333333333332 4
1747197885288 196.96666666666667 4
1747197885304 197.7 4
1747197885320 198.43333333333334 4
1747197885336 199.16666666666666 4
1747197885352 199.9 4
1747197885370 200.63333333333333 4
1747197885386 201.36666666666667 4
1747197885402 202.1 4
1747197885418 202.83333333333334 4
1747197885436 203.56666666666666 4
1747197885452 204.3 4
1747197885468 204.66666666666666 4
1747197885483 205.03333333333333 4
1747197885500 205.4 4
1747197885517 205.76666666666668 4
1747197885532 206.13333333333333 4
1747197885550 206.5 4
1747197885567 206.86666666666667 4
1747197885584 207.23333333333332 4
1747197885600 207.6 4
1747197885616 207.96666666666667 4
1747197885632 208.33333333333334 4
1747197885648 208.7 4
1747197885665 209.06666666666666 4
1747197885915 11.0 5
1747197885942 22.066666666666666 5
1747197885966 33.266666666666666 5
1747197885987 44.3 5
1747197886011 54.8 5
1747197886031 63.1 5
1747197886052 70.33333333333333 5
1747197886073 77.56666666666666 5
1747197886092 84.06666666666666 5
1747197886112 90.56666666666666 5
1747197886133 97.06666666666666 5
1747197886155 103.56666666666666 5
1747197886176 110.06666666666666 5
1747197886198 116.56666666666666 5
1747197886220 123.06666666666666 5
1747197886240 129.56666666666666 5
1747197886263 136.06666666666666 5
1747197886284 142.56666666666666 5
1747197886306 149.06666666666666 5
1747197886330 155.56666666666666 5
1747197886352 162.06666666666666 5
1747197886374 168.56666666666666 5
1747197886395 175.06666666666666 5
1747197886417 181.5 5
1747197886437 187.86666666666667 5
1747197886459 194.23333333333332 5
1747197886481 200.66666666666666 5
1747197886501 207.16666666666666 5
1747197886521 213.1 5
1747197886542 219.03333333333333 5
1747197886562 224.66666666666666 5
1747197886582 230.0 5
1747197886602 235.46666666666667 5
1747197886620 241.06666666666666 5
1747197886639 246.8 5
1747197886658 252.66666666666666 5
1747197886676 258.3 5
1747197886693 263.93333333333334 5
1747197886713 268.8 5
1747197886735 272.9 5
1747197886754 277.0 5
1747197886771 280.6666666666667 5
1747197886788 284.3333333333333 5
1747197886804 288.0 5
1747197886821 291.3 5
1747197886838 294.6 5
1747197886854 297.9 5
1747197886872 301.2 5
1747197886888 304.5 5
1747197886905 307.8 5
1747197886922 310.73333333333335 5
1747197886939 313.6666666666667 5
1747197886955 316.23333333333335 5
1747197886972 318.8 5
1747197886988 321.06666666666666 5
1747197887004 323.03333333333336 5
1747197887020 325.06666666666666 5
1747197887037 327.1666666666667 5
1747197887052 329.3333333333333 5
1747197887070 330.8 5
1747197887086 332.26666666666665 5
1747197887104 333.73333333333335 5
1747197887120 335.2 5
1747197887136 336.6666666666667 5
1747197887152 338.1333333333333 5
1747197887168 339.6 5
1747197887185 340.7 5
1747197887201 341.43333333333334 5
1747197887217 341.8 5
1747197887235 342.1666666666667 5
1747197887251 342.53333333333336 5
1747197887269 342.9 5
1747197887284 343.26666666666665 5
1747197887301 343.6333333333333 5
1747197887318 344.0 5
1747197887333 344.3666666666667 5
1747197887350 344.73333333333335 5
1747197887366 345.1 5
1747197887382 345.46666666666664 5
1747197887399 345.8333333333333 5
1747197887415 346.2 5
1747197887431 346.56666666666666 5
1747197887447 346.93333333333334 5
1747197887464 347.3 5
1747197887481 347.6666666666667 5
1747197887497 348.03333333333336 5
1747197887516 348.4 5
1747197887532 348.76666666666665 5
1747197887547 349.1333333333333 5
1747197887563 349.5 5
1747197887580 349.8666666666667 5
1747197887597 350.23333333333335 5
1747197887612 350.6 5
1747197887629 350.96666666666664 5
1747197887646 351.3333333333333 5
1747197887662 351.7 5
1747197887678 352.06666666666666 5
1747197887694 352.43333333333334 5
1747197887711 352.8 5
1747197887727 353.1666666666667 5
1747197887744 353.53333333333336 5
1747197887759 353.9 5
1747197887776 354.26666666666665 5
1747197887793 354.6333333333333 5
1747197887809 355.0 5
1747197887826 355.3666666666667 5
1747197887843 355.73333333333335 5
1747197887858 356.1 5
1747197887874 356.46666666666664 5
1747197887891 356.8333333333333 5
1747197887907 357.2 5
1747197887927 357.56666666666666 5
1747197887946 357.93333333333334 5
1747197887958 358.3 5
1747197887992 358.6666666666667 5
1747197888021 359.03333333333336 5
1747197888054 359.4 5
1747197888077 359.76666666666665 5
1747197888099 360.1333333333333 5
1747197888115 360.5 5
1747197888132 360.8666666666667 5
1747197888149 361.23333333333335 5
1747197888165 361.6 5
1747197888184 361.96666666666664 5
1747197888228 362.3333333333333 5
1747197888245 362.7 5
1747197888260 363.06666666666666 5
1747197888292 363.43333333333334 5
1747197888309 363.8 5
1747197888324 364.1666666666667 5
1747197888340 364.53333333333336 5
1747197888357 364.9 5
1747197888375 365.26666666666665 5
1747197888392 365.6333333333333 5
1747197888407 366.0 5
1747197888422 366.3666666666667 5
1747197888441 366.73333333333335 5
1747197888647 11.0 6
1747197888669 22.066666666666666 6
1747197888691 33.2 6
1747197888711 44.03333333333333 6
1747197888732 54.2 6
1747197888751 62.53333333333333 6
1747197888770 69.86666666666666 6
1747197888790 77.2 6
1747197888808 83.8 6
1747197888826 89.66666666666667 6
1747197888845 95.53333333333333 6
1747197888861 101.4 6
1747197888879 107.26666666666667 6
1747197888896 113.13333333333334 6
1747197888914 119.0 6
1747197888931 124.86666666666666 6
1747197888948 130.73333333333332 6
1747197888968 136.6 6
1747197888986 142.46666666666667 6
1747197889005 148.33333333333334 6
1747197889022 154.2 6
1747197889040 160.06666666666666 6
1747197889058 165.93333333333334 6
1747197889076 171.8 6
1747197889096 177.66666666666666 6
1747197889114 183.53333333333333 6
1747197889133 189.4 6
1747197889152 195.26666666666668 6
1747197889169 201.13333333333333 6
1747197889188 207.0 6
1747197889206 212.93333333333334 6
1747197889224 218.56666666666666 6
1747197889242 224.26666666666668 6
1747197889260 229.4 6
1747197889277 234.53333333333333 6
1747197889292 239.3 6
1747197889310 244.06666666666666 6
1747197889327 248.83333333333334 6
1747197889344 253.6 6
1747197889360 258.3666666666667 6
1747197889376 262.76666666666665 6
1747197889393 267.1666666666667 6
1747197889409 271.56666666666666 6
1747197889424 275.96666666666664 6
1747197889441 280.0 6
1747197889458 284.03333333333336 6
1747197889474 288.06666666666666 6
1747197889490 292.1 6
1747197889508 296.1333333333333 6
1747197889525 300.1666666666667 6
1747197889541 304.2 6
1747197889557 308.23333333333335 6
1747197889572 312.26666666666665 6
1747197889590 316.3 6
1747197889606 320.3333333333333 6
1747197889624 324.3666666666667 6
1747197889650 328.4 6
1747197889685 332.43333333333334 6
1747197889704 336.46666666666664 6
1747197889725 340.5 6
1747197889746 344.53333333333336 6
1747197889764 348.2 6
1747197889781 351.93333333333334 6
1747197889800 355.73333333333335 6
1747197889818 358.6666666666667 6
1747197889835 361.6 6
1747197889851 364.53333333333336 6
1747197889869 367.1 6
1747197889884 369.3 6
1747197889902 371.5 6
1747197889920 373.7 6
1747197889938 375.9 6
1747197889957 378.1 6
1747197889978 380.3 6
1747197889994 382.5 6
1747197890009 384.7 6
1747197890026 386.9 6
1747197890041 389.1 6
1747197890057 391.3 6
1747197890075 393.5 6
1747197890091 395.7 6
1747197890107 397.9 6
1747197890126 400.1 6
1747197890149 402.3 6
1747197890168 404.5 6
1747197890185 406.7 6
1747197890202 408.9 6
1747197890218 411.1 6
1747197890235 413.3 6
1747197890251 415.5 6
1747197890267 417.7 6
1747197890283 419.9 6
1747197890300 422.1 6
1747197890315 424.3 6
1747197890333 426.5 6
1747197890351 428.7 6
1747197890369 430.9 6
1747197890389 433.1 6
1747197890408 435.3 6
1747197890426 437.5 6
1747197890444 439.7 6
1747197890458 441.9 6
1747197890475 444.1 6
1747197890492 446.3 6
1747197890507 448.56666666666666 6
1747197890524 450.8333333333333 6
1747197890541 453.1 6
1747197890556 455.3666666666667 6
1747197890575 457.6333333333333 6
1747197890591 459.96666666666664 6
1747197890608 462.3 6
1747197890625 464.6333333333333 6
1747197890641 466.96666666666664 6
1747197890658 469.3 6
1747197890674 471.7 6
1747197890689 474.1 6
1747197890707 476.5 6
1747197890724 478.9 6
1747197890739 481.3 6
1747197890756 483.7 6
1747197890772 486.1 6
1747197890788 488.5 6
1747197890806 490.9 6
1747197890821 493.3 6
1747197890839 495.7 6
1747197890856 498.1 6
1747197890882 500.5 6
1747197890899 502.9 6
1747197890920 505.3 6
1747197890934 507.7 6
1747197890950 510.1 6
1747197890970 512.1333333333333 6
1747197890985 514.1666666666666 6
1747197891001 516.2 6
1747197891018 518.3 6
1747197891035 520.4666666666667 6
1747197891054 522.6333333333333 6
1747197891068 524.4333333333333 6
1747197891089 525.8666666666667 6
1747197891107 527.3 6
1747197891131 528.7333333333333 6
1747197891145 529.4666666666667 6
1747197891163 530.2 6
1747197891178 530.9333333333333 6
1747197891196 531.6666666666666 6
1747197891211 532.4 6
1747197891228 533.1333333333333 6
1747197891245 533.8666666666667 6
1747197891261 534.6 6
1747197891279 535.3333333333334 6
1747197891300 536.0666666666667 6
1747197891316 536.8 6
1747197891330 537.5333333333333 6
1747197891350 538.2666666666667 6
1747197891364 539.0 6
1747197891379 539.7333333333333 6
1747197891397 540.4666666666667 6
1747197891411 541.2 6
1747197891429 541.9333333333333 6
1747197891447 542.6666666666666 6
1747197891462 543.4 6
1747197891479 544.1333333333333 6
1747197891496 544.8666666666667 6
1747197891512 545.6 6
1747197891528 546.3333333333334 6
1747197891546 547.0666666666667 6
1747197891563 547.8 6
1747197891582 548.5333333333333 6
1747197891602 549.2666666666667 6
1747197891614 550.0 6
1747197891631 550.7333333333333 6
1747197891647 551.4666666666667 6
1747197891661 552.2 6
1747197891679 552.9333333333333 6
1747197891695 553.6666666666666 6
1747197891714 554.4 6
1747197891730 555.1333333333333 6
1747197891799 555.8666666666667 6
1747197891818 556.6 6
1747197891832 557.3333333333334 6
1747197891850 558.0666666666667 6
1747197891867 558.8 6
1747197891882 559.5333333333333 6
1747197891899 560.2666666666667 6
1747197891915 561.0 6
1747197891931 561.7333333333333 6
1747197891948 562.4666666666667 6
1747197891965 563.2 6
1747197891981 563.9333333333333 6
1747197891998 564.6666666666666 6
1747197892015 565.4 6
1747197892031 566.1333333333333 6
1747197892048 566.8666666666667 6
1747197892065 567.6 6
1747197892082 568.3333333333334 6
1747197892099 569.0666666666667 6
1747197892115 569.8 6
1747197892132 570.5333333333333 6
1747197892149 571.2666666666667 6
1747197892165 571.6333333333333 6
1747197892182 572.0 6
1747197892200 572.3666666666667 6
1747197892215 572.7333333333333 6
1747197892232 573.1 6
1747197892247 573.4666666666667 6
1747197892262 573.8333333333334 6
1747197892281 574.2 6
1747197892298 574.5666666666667 6
1747197892315 574.9333333333333 6
1747197892331 575.3 6
1747197892349 575.6666666666666 6
1747197892366 576.0333333333333 6
1747197892383 576.4 6
1747197892648 11.0 7
1747197892674 22.266666666666666 7
1747197892700 33.8 7
1747197892723 45.1 7
1747197892752 56.166666666666664 7
1747197892784 67.13333333333334 7
1747197892807 74.9 7
1747197892830 82.36666666666666 7
1747197892853 89.46666666666667 7
1747197892875 95.83333333333333 7
1747197892896 102.2 7
1747197892919 108.63333333333334 7
1747197892942 115.06666666666666 7
1747197892966 121.5 7
1747197892989 128.0 7
1747197893012 134.63333333333333 7
1747197893036 141.4 7
1747197893057 147.8 7
1747197893076 153.46666666666667 7
1747197893099 159.2 7
1747197893120 164.93333333333334 7
1747197893140 170.66666666666666 7
1747197893159 176.4 7
1747197893180 181.83333333333334 7
1747197893200 187.33333333333334 7
1747197893218 192.9 7
1747197893235 198.53333333333333 7
1747197893253 204.16666666666666 7
1747197893273 209.8 7
1747197893292 215.43333333333334 7
1747197893311 220.43333333333334 7
1747197893330 225.36666666666667 7
1747197893349 230.23333333333332 7
1747197893366 235.03333333333333 7
1747197893384 239.76666666666668 7
1747197893401 244.06666666666666 7
1747197893420 248.43333333333334 7
1747197893437 252.86666666666667 7
1747197893455 257.3666666666667 7
1747197893471 261.93333333333334 7
1747197893489 266.5 7
1747197893506 271.06666666666666 7
1747197893532 275.6333333333333 7
1747197893624 280.2 7
1747197893658 283.5 7
1747197893680 286.8 7
1747197893698 290.1 7
1747197893715 293.4 7
1747197893730 296.7 7
1747197893748 300.0 7
1747197893765 303.3 7
1747197893782 306.6 7
1747197893802 309.9 7
1747197893821 313.2 7
1747197893840 316.5 7
1747197893858 319.8 7
1747197893878 323.1 7
1747197893905 326.4 7
1747197893923 329.7 7
1747197893939 333.0 7
1747197893956 336.3 7
1747197893973 339.6 7
1747197893990 342.9 7
1747197894007 346.2 7
1747197894023 349.5 7
1747197894039 352.8 7
1747197894057 356.1 7
1747197894072 359.4 7
1747197894088 362.7 7
1747197894104 366.0 7
1747197894121 369.3 7
1747197894138 372.6 7
1747197894158 375.9 7
1747197894176 379.2 7
1747197894195 382.5 7
1747197894213 385.8 7
1747197894231 389.1 7
1747197894247 392.4 7
1747197894264 395.7 7
1747197894282 399.0 7
1747197894299 402.3 7
1747197894314 405.6 7
1747197894329 408.9 7
1747197894346 412.2 7
1747197894361 415.5 7
1747197894377 418.8 7
1747197894394 422.1 7
1747197894411 425.4 7
1747197894427 428.7 7
1747197894445 432.0 7
1747197894461 435.3 7
1747197894478 438.6 7
1747197894496 441.9 7
1747197894512 445.2 7
1747197894528 448.5 7
1747197894545 451.8 7
1747197894562 455.1 7
1747197894576 458.4 7
1747197894595 461.7 7
1747197894611 465.0 7
1747197894627 468.3 7
1747197894644 471.6 7
1747197894660 474.9 7
1747197894677 478.2 7
1747197894694 481.56666666666666 7
1747197894711 484.93333333333334 7
1747197894726 488.3 7
1747197894742 491.6666666666667 7
1747197894759 495.03333333333336 7
1747197894777 498.46666666666664 7
1747197894792 501.9 7
1747197894810 505.3333333333333 7
1747197894829 508.76666666666665 7
1747197894846 512.2 7
1747197894864 515.7 7
1747197894882 519.2 7
1747197894899 522.7 7
1747197894914 526.2 7
1747197894931 529.7 7
1747197894948 533.2 7
1747197894964 536.7 7
1747197894982 540.2 7
1747197894998 543.7 7
1747197895013 547.2 7
1747197895029 550.7 7
1747197895047 554.2 7
1747197895064 557.7 7
1747197895079 561.2 7
1747197895096 564.7 7
1747197895113 568.2 7
1747197895129 571.7 7
1747197895150 575.2 7
1747197895167 578.7 7
1747197895191 582.2 7
1747197895213 585.4 7
1747197895229 588.6666666666666 7
1747197895245 591.9333333333333 7
1747197895268 595.2 7
1747197895281 598.4666666666667 7
1747197895298 601.7333333333333 7
1747197895314 605.0 7
1747197895331 607.5666666666667 7
1747197895347 610.1333333333333 7
1747197895364 612.7 7
1747197895380 615.2666666666667 7
1747197895397 617.8333333333334 7
1747197895412 620.4 7
1747197895430 622.9666666666667 7
1747197895448 625.5333333333333 7
1747197895468 628.1 7
1747197895495 630.6666666666666 7
1747197895514 633.2333333333333 7
1747197895530 635.8 7
1747197895547 638.3666666666667 7
1747197895564 640.9333333333333 7
1747197895580 643.5 7
1747197895596 646.0666666666667 7
1747197895613 648.6333333333333 7
1747197895630 651.2 7
1747197895647 653.7666666666667 7
1747197895662 656.3333333333334 7
1747197895680 658.9 7
1747197895695 661.4666666666667 7
1747197895712 664.0333333333333 7
1747197895728 666.6 7
1747197895752 669.1666666666666 7
1747197895770 671.7333333333333 7
1747197895785 674.3 7
1747197895800 676.8666666666667 7
1747197895817 679.4333333333333 7
1747197895833 682.0 7
1747197895850 684.5666666666667 7
1747197895866 687.1333333333333 7
1747197895882 689.7 7
1747197895900 692.2666666666667 7
1747197895917 694.8333333333334 7
1747197895932 697.4 7
1747197895951 699.9666666666667 7
1747197895966 702.5333333333333 7
1747197895985 705.1 7
1747197896003 707.6666666666666 7
1747197896018 710.2333333333333 7
1747197896033 712.8 7
1747197896050 715.3666666666667 7
1747197896066 717.9333333333333 7
1747197896082 720.5 7
1747197896101 723.0666666666667 7
1747197896116 725.6333333333333 7
1747197896135 728.2 7
1747197896148 730.7666666666667 7
1747197896166 733.3333333333334 7
1747197896182 735.9 7
1747197896200 738.4666666666667 7
1747197896214 741.0333333333333 7
1747197896230 743.6 7
1747197896247 745.8 7
1747197896264 748.0 7
1747197896280 750.2 7
1747197896296 752.4 7
1747197896312 754.2333333333333 7
1747197896330 756.0666666666667 7
1747197896348 757.9 7
1747197896366 759.7333333333333 7
1747197896379 761.5666666666667 7
1747197896397 763.4 7
1747197896413 765.2333333333333 7
1747197896430 767.0666666666667 7
1747197896445 768.9 7
1747197896463 770.7333333333333 7
1747197896480 772.5666666666667 7
1747197896496 774.4 7
1747197896512 776.2333333333333 7
1747197896530 778.0666666666667 7
1747197896549 779.5333333333333 7
1747197896565 781.0 7
1747197896581 782.4666666666667 7
1747197896597 783.9333333333333 7
1747197896614 785.4 7
1747197896629 786.8666666666667 7
1747197896648 787.9666666666667 7
1747197896664 788.7 7
1747197896682 789.4333333333333 7
1747197896697 790.1666666666666 7
1747197896714 790.9 7
1747197896732 791.6333333333333 7
1747197896748 792.3666666666667 7
1747197896767 793.1 7
1747197896782 793.8333333333334 7
1747197896800 794.5666666666667 7
1747197896818 795.3 7
1747197896834 796.0333333333333 7
1747197896851 796.7666666666667 7
1747197896867 797.5 7
1747197896884 798.2333333333333 7
1747197896901 798.9666666666667 7
1747197896918 799.7 7
1747197896934 800.4333333333333 7
1747197896950 801.1666666666666 7
1747197896966 801.9 7
1747197896984 802.6333333333333 7
1747197897001 803.3666666666667 7
1747197897018 804.1 7
1747197897034 804.8333333333334 7
1747197897051 805.5666666666667 7
1747197897068 806.3 7
1747197897084 807.0333333333333 7
1747197897100 807.7666666666667 7
1747197897117 808.5 7
1747197897132 809.2333333333333 7
1747197897149 809.9666666666667 7
1747197897166 810.7 7
1747197897181 811.4333333333333 7
1747197897198 812.1666666666666 7
1747197897216 812.9 7
1747197897232 813.6333333333333 7
1747197897249 814.3666666666667 7
1747197897267 815.1 7
1747197897282 815.8333333333334 7
1747197897299 816.5666666666667 7
1747197897315 817.3 7
1747197897332 818.0333333333333 7
1747197897349 818.7666666666667 7
1747197897366 819.5 7
1747197897382 820.2333333333333 7
1747197897398 820.9666666666667 7
1747197897414 821.7 7
1747197897430 822.4333333333333 7
1747197897448 823.1666666666666 7
1747197897465 823.9 7
1747197897481 824.6333333333333 7
1747197897498 825.3666666666667 7
1747197897516 826.1 7
1747197897532 826.8333333333334 7
1747197897548 827.5666666666667 7
1747197897565 828.3 7
1747197897582 829.0333333333333 7
1747197897598 829.7666666666667 7
1747197897615 830.5 7
1747197897633 831.2333333333333 7
1747197897649 831.9666666666667 7
1747197897666 832.7 7
1747197897682 833.4333333333333 7
1747197897698 834.1666666666666 7
1747197897715 834.9 7
1747197897730 835.6333333333333 7
1747197897747 836.3666666666667 7
1747197897765 837.1 7
1747197897782 837.8333333333334 7
1747197897800 838.5666666666667 7
1747197897816 839.3 7
1747197897832 840.0333333333333 7
1747197897849 840.7666666666667 7
1747197897866 841.5 7
1747197897884 842.2333333333333 7
1747197897901 842.9666666666667 7
1747197897918 843.7 7
1747197897933 844.4333333333333 7
1747197897951 845.1666666666666 7
1747197897967 845.9 7
1747197897995 846.6333333333333 7
1747197898009 847.3666666666667 7
1747197898028 848.1 7
1747197898043 848.8333333333334 7
1747197898060 849.5666666666667 7
1747197898077 850.3 7
1747197898093 851.0333333333333 7
1747197898108 851.7666666666667 7
1747197898126 852.5 7
1747197898143 853.2333333333333 7
1747197898158 853.9666666666667 7
1747197898174 854.7 7
1747197898190 855.4333333333333 7
1747197898209 856.1666666666666 7
1747197898224 856.9 7
1747197898240 857.6333333333333 7
1747197898259 858.3666666666667 7
1747197898275 859.1 7
1747197898289 859.8333333333334 7
1747197898307 860.5666666666667 7
1747197898326 861.3 7
1747197898341 862.0333333333333 7
1747197898358 862.7666666666667 7
1747197898382 863.5 7
1747197898399 864.2333333333333 7
1747197898412 864.9666666666667 7
1747197898428 865.7 7
1747197898445 866.4333333333333 7
1747197898461 867.1666666666666 7
1747197898481 867.9 7
1747197898498 868.6333333333333 7
1747197898514 869.3666666666667 7
1747197898532 870.1 7
1747197898546 870.8333333333334 7
1747197898562 871.5666666666667 7
1747197898577 872.3 7
1747197898594 873.0333333333333 7
1747197898612 873.7666666666667 7
1747197898628 874.5 7
1747197898645 875.2333333333333 7
1747197898662 875.9666666666667 7
1747197898678 876.7 7
1747197898692 877.4333333333333 7
1747197898708 878.1666666666666 7
1747197898726 878.9 7
1747197898741 879.6333333333333 7
1747197898763 880.3666666666667 7
1747197898780 881.1 7
1747197898796 881.8333333333334 7
1747197898813 882.5666666666667 7
1747197898829 883.3 7
1747197898845 884.0333333333333 7
1747197898862 884.7666666666667 7
1747197898877 885.5 7
1747197898894 886.2333333333333 7
1747197898909 886.9666666666667 7
1747197898934 887.7 7
1747197898966 888.4333333333333 7
1747197898981 889.1666666666666 7
1747197898997 889.9 7
1747197899014 890.6333333333333 7
1747197899037 891.3666666666667 7
1747197899053 892.1 7
1747197899069 892.8333333333334 7
1747197899086 893.2 7
1747197899102 893.5666666666667 7
1747197899118 893.9333333333333 7
1747197899135 894.3 7
1747197899151 894.6666666666666 7
1747197899168 895.0333333333333 7
1747197899184 895.4 7
1747197899201 895.7666666666667 7
1747197899219 896.1333333333333 7
1747197899234 896.5 7
1747197899249 896.8666666666667 7
1747197899267 897.2333333333333 7
1747197899284 897.6 7
1747197899300 897.9666666666667 7
1747197899317 898.3333333333334 7
1747197899337 898.7 7
1747197899357 899.0666666666667 7
1747197899372 899.4333333333333 7
1747197899389 899.8 7
1747197899406 900.1666666666666 7
1747197899421 900.5333333333333 7
1747197899438 900.9 7
1747197899455 901.2666666666667 7
1747197899472 901.6333333333333 7
1747197899488 902.0 7
1747197899511 902.3666666666667 7
1747197899526 902.7333333333333 7
1747197899542 903.1 7
1747197899558 903.4666666666667 7
1747197899574 903.8333333333334 7
1747197899590 904.2 7
1747197899608 904.5666666666667 7
1747197899625 904.9333333333333 7
1747197899641 905.3 7
1747197899658 905.6666666666666 7
1747197899674 906.0333333333333 7
1747197899691 906.4 7
1747197899707 906.7666666666667 7
1747197899725 907.1333333333333 7
1747197899741 907.5 7
1747197899757 907.8666666666667 7
1747197899775 908.2333333333333 7
1747197899791 908.6 7
1747197899808 908.9666666666667 7
1747197899824 909.3333333333334 7
1747197899842 909.7 7
1747197899859 910.0666666666667 7
1747197899874 910.4333333333333 7
1747197899891 910.8 7
1747197899910 911.1666666666666 7
1747197899924 911.6 7
1747197899941 912.0333333333333 7
1747197899958 912.4666666666667 7
1747197899974 912.9 7
1747197899989 913.3333333333334 7
1747197900005 913.7666666666667 7
1747197900025 914.2 7
1747197900040 914.6333333333333 7
1747197900056 915.0666666666667 7
1747197900071 915.5 7
1747197900090 915.9333333333333 7
1747197900104 916.3666666666667 7
1747197900121 916.8 7
1747197900138 917.2333333333333 7
1747197900157 917.6666666666666 7
1747197900172 918.1 7
1747197900189 918.5333333333333 7
1747197900205 918.9666666666667 7
1747197900222 919.4 7
1747197900239 919.8333333333334 7
1747197900255 920.2666666666667 7
1747197900271 920.7 7
1747197900287 921.1333333333333 7
1747197900305 921.5666666666667 7
1747197900320 922.0 7
1747197900337 922.4333333333333 7
1747197900351 922.8666666666667 7
1747197900368 923.3 7
1747197900385 923.7333333333333 7
1747197900400 924.1666666666666 7
1747197900418 924.6 7
1747197900434 925.0333333333333 7
1747197900450 925.4666666666667 7
1747197900467 925.9 7
1747197900484 926.3333333333334 7
1747197900500 926.7666666666667 7
1747197900517 927.2 7
1747197900536 927.6333333333333 7
1747197900552 928.0666666666667 7
1747197900567 928.5 7
1747197900584 928.9333333333333 7
1747197900602 929.3666666666667 7
1747197900618 929.8 7
1747197900634 930.2333333333333 7
1747197900651 930.6666666666666 7
1747197900667 931.1 7
1747197900683 931.5333333333333 7
1747197900699 931.9666666666667 7
1747197900719 932.4 7
1747197900732 932.8333333333334 7
1747197900748 933.2666666666667 7
1747197900766 933.7 7
1747197900783 934.1333333333333 7
1747197900799 934.5666666666667 7
1747197900816 935.0 7
1747197900832 935.4333333333333 7
1747197900849 935.8666666666667 7
1747197900864 936.3 7
1747197900880 936.7333333333333 7
1747197900897 937.1666666666666 7
1747197900913 937.6 7
1747197900929 938.0333333333333 7
1747197900944 938.4666666666667 7
1747197900961 938.9 7
1747197900977 939.3333333333334 7
1747197900993 939.7666666666667 7
1747197901010 940.2 7
1747197901027 940.6333333333333 7
1747197901044 941.0666666666667 7
1747197901058 941.5 7
1747197901075 941.9333333333333 7
1747197901091 942.3666666666667 7
1747197901110 942.8 7
1747197901126 943.2333333333333 7
1747197901143 943.6666666666666 7
1747197901161 944.1 7
1747197901178 944.5333333333333 7
1747197901191 944.9666666666667 7
1747197901209 945.4 7
1747197901224 945.8333333333334 7
1747197901243 946.2666666666667 7
1747197901258 946.7 7
1747197901278 947.1333333333333 7
1747197901292 947.5666666666667 7
1747197901310 948.0 7
1747197901328 948.4333333333333 7
1747197901343 948.8666666666667 7
1747197901360 949.3 7
1747197901378 949.7333333333333 7
1747197901394 950.1666666666666 7
1747197901409 950.6 7
1747197901425 951.0333333333333 7
1747197901442 951.4666666666667 7
1747197901459 951.9 7
1747197901477 952.3333333333334 7
1747197901492 952.7666666666667 7
1747197901509 953.2 7
1747197901526 953.6333333333333 7
1747197901542 954.0666666666667 7
1747197901559 954.5 7
1747197901576 954.9333333333333 7
1747197901593 955.3666666666667 7
1747197901609 955.8 7
1747197901628 956.2333333333333 7
1747197901643 956.6666666666666 7
1747197901661 957.1 7
1747197901679 957.5333333333333 7
1747197901695 957.9666666666667 7
1747197901710 958.4 7
1747197901728 958.8333333333334 7
1747197901744 959.2666666666667 7
1747197901768 959.7 7
1747197901794 960.1333333333333 7
1747197901808 960.5666666666667 7
1747197901824 961.0 7
1747197901840 961.4333333333333 7
1747197901857 961.8666666666667 7
1747197901874 962.3 7
1747197901890 962.7333333333333 7
1747197901908 963.1666666666666 7
1747197901924 963.6 7
1747197901940 964.0333333333333 7
1747197901958 964.4666666666667 7
1747197901974 964.9 7
1747197901990 965.3333333333334 7
1747197902006 965.7666666666667 7
1747197902023 966.2 7
1747197902043 966.6333333333333 7
1747197902058 967.0666666666667 7
1747197902084 967.5 7
1747197902103 967.9333333333333 7
1747197902117 968.3666666666667 7
1747197902132 968.8 7
1747197902150 969.2333333333333 7
1747197902167 969.6666666666666 7
1747197902183 970.1 7
1747197902200 970.5333333333333 7
1747197902216 970.9666666666667 7
1747197902232 971.4 7
1747197902249 971.8333333333334 7
1747197902265 972.2666666666667 7
1747197902283 972.7 7
1747197902300 973.1333333333333 7
1747197902317 973.5666666666667 7
1747197902334 974.0 7
1747197902350 974.4333333333333 7
1747197902366 974.8666666666667 7
1747197902384 975.3 7
1747197902399 975.7333333333333 7
1747197902416 976.1666666666666 7
1747197902431 976.6 7
1747197902449 977.0333333333333 7
1747197902466 977.4666666666667 7
1747197902482 977.9 7
1747197902693 11.0 8
1747197902715 22.066666666666666 8
1747197902738 33.2 8
1747197902760 44.4 8
1747197902783 55.733333333333334 8
1747197902805 65.3 8
1747197902826 73.5 8
1747197902850 81.76666666666667 8
1747197902874 90.03333333333333 8
1747197902903 98.36666666666666 8
1747197902929 106.76666666666667 8
1747197902951 115.3 8
1747197902972 123.83333333333333 8
1747197902992 132.43333333333334 8
1747197903014 141.1 8
1747197903040 149.4 8
1747197903068 157.83333333333334 8
1747197903091 166.26666666666668 8
1747197903114 174.46666666666667 8
1747197903135 182.8 8
1747197903156 191.26666666666668 8
1747197903185 199.8 8
1747197903215 208.1 8
1747197903237 216.46666666666667 8
1747197903257 224.83333333333334 8
1747197903279 233.26666666666668 8
1747197903298 241.7 8
1747197903320 250.13333333333333 8
1747197903341 258.56666666666666 8
1747197903360 265.9 8
1747197903379 271.8333333333333 8
1747197903398 277.76666666666665 8
1747197903418 283.76666666666665 8
1747197903442 289.76666666666665 8
1747197903461 295.76666666666665 8
1747197903482 301.76666666666665 8
1747197903501 307.76666666666665 8
1747197903521 313.8333333333333 8
1747197903541 319.96666666666664 8
1747197903561 326.1 8
1747197903581 332.23333333333335 8
1747197903600 338.3666666666667 8
1747197903619 344.5 8
1747197903638 350.6333333333333 8
1747197903658 356.76666666666665 8
1747197903681 362.9 8
1747197903701 369.03333333333336 8
1747197903720 375.1666666666667 8
1747197903739 380.6666666666667 8
1747197903758 386.1666666666667 8
1747197903775 391.6666666666667 8
1747197903795 396.8 8
1747197903815 401.93333333333334 8
1747197903832 406.7 8
1747197903849 411.46666666666664 8
1747197903867 416.23333333333335 8
1747197903883 421.0 8
1747197903900 425.76666666666665 8
1747197903917 430.53333333333336 8
1747197903934 435.3 8
1747197903952 440.06666666666666 8
1747197903972 444.8333333333333 8
1747197903996 449.6 8
1747197904068 454.3666666666667 8
1747197904098 458.76666666666665 8
1747197904119 463.1666666666667 8
1747197904138 467.2 8
1747197904157 471.23333333333335 8
1747197904174 474.9 8
1747197904192 478.56666666666666 8
1747197904208 482.23333333333335 8
1747197904226 485.9 8
1747197904243 489.56666666666666 8
1747197904259 493.23333333333335 8
1747197904276 496.9 8
1747197904293 500.56666666666666 8
1747197904310 504.23333333333335 8
1747197904326 507.9 8
1747197904343 511.56666666666666 8
1747197904360 515.2333333333333 8
1747197904377 518.9 8
1747197904392 522.5666666666667 8
1747197904409 526.2333333333333 8
1747197904425 529.9 8
1747197904442 533.5666666666667 8
1747197904458 537.2333333333333 8
1747197904476 540.9 8
1747197904492 544.5666666666667 8
1747197904507 548.2333333333333 8
1747197904526 551.9 8
1747197904542 555.5666666666667 8
1747197904558 559.2333333333333 8
1747197904576 562.9 8
1747197904591 566.5666666666667 8
1747197904609 570.2333333333333 8
1747197904625 573.9 8
1747197904641 577.5666666666667 8
1747197904660 581.2333333333333 8
1747197904678 584.9 8
1747197904695 588.5666666666667 8
1747197904712 592.2333333333333 8
1747197904730 595.9 8
1747197904748 599.5666666666667 8
1747197904764 603.2333333333333 8
1747197904782 606.9 8
1747197904810 610.5666666666667 8
1747197904826 614.2333333333333 8
1747197904841 617.9 8
1747197904860 621.5666666666667 8
1747197904876 625.2333333333333 8
1747197904892 628.9 8
1747197904909 632.5666666666667 8
1747197904925 636.2333333333333 8
1747197904942 639.9 8
1747197904958 643.5666666666667 8
1747197904974 647.2333333333333 8
1747197904990 650.9 8
1747197905006 654.6333333333333 8
1747197905022 658.3666666666667 8
1747197905040 662.1 8
1747197905056 665.8333333333334 8
1747197905073 669.5666666666667 8
1747197905089 673.3 8
1747197905104 677.1 8
1747197905120 680.9666666666667 8
1747197905136 684.2666666666667 8
1747197905152 687.5666666666667 8
1747197905169 690.8666666666667 8
1747197905186 694.1666666666666 8
1747197905202 697.4666666666667 8
1747197905220 700.7666666666667 8
1747197905237 704.0666666666667 8
1747197905254 707.3666666666667 8
1747197905272 710.6666666666666 8
1747197905288 713.9666666666667 8
1747197905305 717.2666666666667 8
1747197905321 720.5666666666667 8
1747197905338 723.8666666666667 8
1747197905355 727.1666666666666 8
1747197905370 730.4666666666667 8
1747197905387 733.7666666666667 8
1747197905405 737.0666666666667 8
1747197905420 740.3666666666667 8
1747197905438 743.6666666666666 8
1747197905453 746.9666666666667 8
1747197905471 750.2666666666667 8
1747197905487 753.5666666666667 8
1747197905505 756.8666666666667 8
1747197905521 760.1666666666666 8
1747197905537 763.4666666666667 8
1747197905552 766.7666666666667 8
1747197905570 770.0666666666667 8
1747197905587 773.3666666666667 8
1747197905601 776.6666666666666 8
1747197905619 779.9666666666667 8
1747197905635 783.2666666666667 8
1747197905653 786.5666666666667 8
1747197905669 789.8666666666667 8
1747197905685 793.1666666666666 8
1747197905701 796.4666666666667 8
1747197905717 799.7666666666667 8
1747197905735 803.0666666666667 8
1747197905749 806.3666666666667 8
1747197905767 809.6666666666666 8
1747197905782 813.0333333333333 8
1747197905800 816.4666666666667 8
1747197905815 819.9666666666667 8
1747197905832 822.9 8
1747197905849 825.8333333333334 8
1747197905864 828.7666666666667 8
1747197905882 831.7 8
1747197905899 834.6333333333333 8
1747197905915 837.5666666666667 8
1747197905932 840.5 8
1747197905948 843.4333333333333 8
1747197905966 846.3666666666667 8
1747197905982 849.3 8
1747197905999 852.2333333333333 8
1747197906015 855.1666666666666 8
1747197906030 858.1 8
1747197906048 861.0333333333333 8
1747197906065 863.9666666666667 8
1747197906081 866.9 8
1747197906098 869.8333333333334 8
1747197906114 872.7666666666667 8
1747197906132 875.7 8
1747197906146 878.6333333333333 8
1747197906172 881.5666666666667 8
1747197906190 884.5 8
1747197906207 887.4333333333333 8
1747197906222 890.3666666666667 8
1747197906239 893.3 8
1747197906257 896.2333333333333 8
1747197906274 899.1666666666666 8
1747197906290 902.1 8
1747197906307 905.0333333333333 8
1747197906323 907.9666666666667 8
1747197906340 910.9 8
1747197906356 913.8333333333334 8
1747197906375 916.7666666666667 8
1747197906390 919.7 8
1747197906407 922.6333333333333 8
1747197906424 925.5666666666667 8
1747197906439 928.5 8
1747197906457 931.4333333333333 8
1747197906473 934.3666666666667 8
1747197906490 937.3 8
1747197906507 940.2333333333333 8
1747197906523 943.1666666666666 8
1747197906539 946.1 8
1747197906556 949.0333333333333 8
1747197906572 951.9666666666667 8
1747197906590 954.9 8
1747197906604 957.8333333333334 8
1747197906622 960.7666666666667 8
1747197906637 963.7 8
1747197906654 966.6333333333333 8
1747197906671 969.2 8
1747197906688 971.7666666666667 8
1747197906701 974.3333333333334 8
1747197906720 976.5333333333333 8
1747197906736 978.7333333333333 8
1747197906752 980.9333333333333 8
1747197906768 983.1333333333333 8
1747197906786 985.3333333333334 8
1747197906802 987.5333333333333 8
1747197906819 989.7333333333333 8
1747197906834 991.9333333333333 8
1747197906852 994.1333333333333 8
1747197906868 996.3333333333334 8
1747197906885 998.5333333333333 8
1747197906902 1000.7333333333333 8
1747197906919 1002.9333333333333 8
1747197906936 1005.1333333333333 8
1747197906952 1007.3333333333334 8
1747197906969 1009.5333333333333 8
1747197906985 1011.7333333333333 8
1747197907001 1013.9333333333333 8
1747197907016 1016.1333333333333 8
1747197907032 1018.3333333333334 8
1747197907049 1020.5333333333333 8
1747197907066 1022.7333333333333 8
1747197907084 1024.9333333333334 8
1747197907099 1027.1333333333334 8
1747197907115 1029.3333333333333 8
1747197907131 1031.5333333333333 8
1747197907148 1033.7333333333333 8
1747197907166 1035.9333333333334 8
1747197907181 1038.1333333333334 8
1747197907197 1040.3333333333333 8
1747197907214 1042.5333333333333 8
1747197907231 1044.7333333333333 8
1747197907246 1046.9333333333334 8
1747197907265 1049.1333333333334 8
1747197907279 1051.3333333333333 8
1747197907297 1053.5333333333333 8
1747197907313 1055.7333333333333 8
1747197907330 1057.9333333333334 8
1747197907346 1060.1333333333334 8
1747197907362 1062.3333333333333 8
1747197907381 1064.5333333333333 8
1747197907397 1066.7333333333333 8
1747197907412 1068.9333333333334 8
1747197907429 1071.1333333333334 8
1747197907445 1073.3333333333333 8
1747197907461 1075.5333333333333 8
1747197907477 1077.7333333333333 8
1747197907494 1079.9333333333334 8
1747197907510 1082.1333333333334 8
1747197907531 1084.3333333333333 8
1747197907544 1086.5333333333333 8
1747197907561 1088.7333333333333 8
1747197907578 1090.9333333333334 8
1747197907595 1093.1333333333334 8
1747197907612 1095.3333333333333 8
1747197907628 1097.5333333333333 8
1747197907645 1099.7333333333333 8
1747197907662 1101.9333333333334 8
1747197907677 1104.1333333333334 8
1747197907695 1106.3333333333333 8
1747197907709 1108.5333333333333 8
1747197907727 1110.7333333333333 8
1747197907743 1112.9333333333334 8
1747197907759 1115.1333333333334 8
1747197907777 1117.3333333333333 8
1747197907796 1119.5333333333333 8
1747197907811 1121.7333333333333 8
1747197907828 1123.9333333333334 8
1747197907845 1126.1333333333334 8
1747197907861 1128.3333333333333 8
1747197907876 1130.5333333333333 8
1747197907892 1132.7333333333333 8
1747197907910 1134.9333333333334 8
1747197907927 1137.1333333333334 8
1747197907942 1139.3333333333333 8
1747197907960 1141.5333333333333 8
1747197907977 1143.7333333333333 8
1747197907992 1145.9333333333334 8
1747197908010 1148.1333333333334 8
1747197908027 1150.3333333333333 8
1747197908042 1152.5333333333333 8
1747197908060 1154.7333333333333 8
1747197908077 1156.9333333333334 8
1747197908093 1159.1333333333334 8
1747197908109 1161.3333333333333 8
1747197908126 1163.5333333333333 8
1747197908142 1165.7333333333333 8
1747197908160 1167.9333333333334 8
1747197908176 1170.1333333333334 8
1747197908192 1172.3333333333333 8
1747197908208 1174.5333333333333 8
1747197908225 1176.7333333333333 8
1747197908243 1178.9333333333334 8
1747197908259 1181.1333333333334 8
1747197908274 1183.3333333333333 8
1747197908291 1185.5333333333333 8
1747197908307 1187.7333333333333 8
1747197908324 1189.9333333333334 8
1747197908341 1192.1333333333334 8
1747197908358 1194.3333333333333 8
1747197908374 1196.5333333333333 8
1747197908392 1198.7333333333333 8
1747197908409 1200.9333333333334 8
1747197908424 1203.1333333333334 8
1747197908439 1205.3333333333333 8
1747197908458 1207.5333333333333 8
1747197908475 1209.7333333333333 8
1747197908492 1211.9333333333334 8
1747197908511 1214.1333333333334 8
1747197908527 1216.3333333333333 8
1747197908542 1218.5333333333333 8
1747197908560 1220.7333333333333 8
1747197908576 1222.9333333333334 8
1747197908593 1225.1333333333334 8
1747197908610 1227.3333333333333 8
1747197908628 1229.5333333333333 8
1747197908644 1231.7333333333333 8
1747197908662 1233.9333333333334 8
1747197908678 1236.1333333333334 8
1747197908695 1238.3333333333333 8
1747197908711 1240.5333333333333 8
1747197908728 1242.7333333333333 8
1747197908744 1244.9333333333334 8
1747197908760 1247.1333333333334 8
1747197908778 1249.3333333333333 8
1747197908795 1251.5333333333333 8
1747197908812 1253.7333333333333 8
1747197908828 1255.9333333333334 8
1747197908845 1258.1333333333334 8
1747197908863 1260.3333333333333 8
1747197908878 1262.5333333333333 8
1747197908902 1264.7333333333333 8
1747197908919 1266.9333333333334 8
1747197908936 1269.1333333333334 8
1747197908952 1271.3333333333333 8
1747197908968 1273.5333333333333 8
1747197908985 1275.7333333333333 8
1747197909001 1277.9333333333334 8
1747197909016 1280.1333333333334 8
1747197909032 1282.3333333333333 8
1747197909050 1284.5333333333333 8
1747197909066 1286.7333333333333 8
1747197909084 1288.5666666666666 8
1747197909099 1290.0333333333333 8
1747197909115 1291.5 8
1747197909132 1292.9666666666667 8
1747197909148 1294.4333333333334 8
1747197909166 1295.9 8
1747197909182 1297.3666666666666 8
1747197909198 1298.8333333333333 8
1747197909216 1300.3 8
1747197909232 1301.7666666666667 8
1747197909249 1303.2333333333333 8
1747197909264 1304.7 8
1747197909282 1306.1666666666667 8
1747197909298 1307.6333333333334 8
1747197909315 1309.1 8
1747197909331 1310.2 8
1747197909348 1311.3 8
1747197909364 1312.4 8
1747197909379 1313.5 8
1747197909397 1314.6 8
1747197909413 1315.7 8
1747197909430 1316.8 8
1747197909446 1317.9 8
1747197909463 1319.0 8
1747197909480 1320.1 8
1747197909495 1321.2 8
1747197909513 1322.3 8
1747197909529 1323.4 8
1747197909547 1324.5 8
1747197909564 1325.6 8
1747197909580 1326.7 8
1747197909597 1327.8 8
1747197909612 1328.9 8
1747197909628 1330.0 8
1747197909645 1331.1 8
1747197909664 1332.2 8
1747197909679 1333.3 8
1747197909695 1334.4 8
1747197909711 1335.5 8
1747197909728 1336.6 8
1747197909744 1337.7 8
1747197909761 1338.8 8
1747197909780 1339.9 8
1747197909794 1341.0 8
1747197909811 1342.1 8
1747197909828 1343.2 8
1747197909844 1344.3 8
1747197909861 1345.4 8
1747197909876 1346.5 8
1747197909892 1347.6 8
1747197909910 1348.7 8
1747197909925 1349.8666666666666 8
1747197909942 1351.0333333333333 8
1747197909959 1352.2 8
1747197909975 1353.3666666666666 8
1747197909993 1354.5333333333333 8
1747197910008 1355.7 8
1747197910025 1356.8666666666666 8
1747197910041 1358.0333333333333 8
1747197910057 1359.2 8
1747197910074 1360.3666666666666 8
1747197910091 1361.5333333333333 8
1747197910107 1362.7 8
1747197910125 1363.5 8
1747197910140 1364.3 8
1747197910156 1365.1 8
1747197910172 1365.9 8
1747197910189 1366.7 8
1747197910204 1367.5 8
1747197910219 1368.3 8
1747197910237 1369.1 8
1747197910261 1369.9 8
1747197910278 1370.7 8
1747197910294 1371.5 8
1747197910310 1372.3 8
1747197910326 1373.1 8
1747197910343 1373.9 8
1747197910360 1374.7 8
1747197910376 1375.5 8
1747197910392 1376.3 8
1747197910408 1377.1 8
1747197910425 1377.9 8
1747197910442 1378.7 8
1747197910458 1379.5 8
1747197910475 1380.3 8
1747197910493 1381.1 8
1747197910509 1381.9 8
1747197910526 1382.7 8
1747197910543 1383.5 8
1747197910559 1384.3 8
1747197910575 1385.1 8
1747197910591 1385.9 8
1747197910607 1386.7 8
1747197910624 1387.5 8
1747197910641 1388.3 8
1747197910658 1389.1 8
1747197910675 1389.9 8
1747197910692 1390.7 8
1747197910709 1391.5 8
1747197910725 1392.3 8
1747197910741 1393.1 8
1747197910756 1393.9 8
1747197910774 1394.7 8
1747197910788 1395.5 8
1747197910808 1396.3 8
1747197910826 1397.1 8
1747197910848 1397.9 8
1747197910864 1398.7 8
1747197910880 1399.5 8
1747197910897 1400.3 8
1747197910914 1401.1 8
1747197910930 1401.9 8
1747197910946 1402.7 8
1747197910962 1403.5 8
1747197910979 1404.3 8
1747197910995 1405.1 8
1747197911013 1405.9 8
1747197911029 1406.7 8
1747197911046 1407.5 8
1747197911062 1408.3 8
1747197911078 1409.1 8
1747197911093 1409.9 8
1747197911109 1410.7 8
1747197911127 1411.5 8
1747197911145 1412.3 8
1747197911161 1413.1 8
1747197911176 1413.9 8
1747197911191 1414.7 8
1747197911208 1415.5 8
1747197911224 1416.3 8
1747197911241 1417.1 8
1747197911256 1417.9 8
1747197911273 1418.7 8
1747197911290 1419.5 8
1747197911307 1420.3 8
1747197911323 1421.1 8
1747197911340 1421.9 8
1747197911356 1422.7 8
1747197911374 1423.5 8
1747197911388 1424.3 8
1747197911405 1425.1 8
1747197911422 1425.9 8
1747197911438 1426.7 8
1747197911454 1427.5 8
1747197911470 1428.3 8
1747197911486 1429.1 8
1747197911502 1429.9 8
1747197911519 1430.7 8
1747197911535 1431.5 8
1747197911552 1432.3 8
1747197911569 1433.1 8
1747197911586 1433.9 8
1747197911602 1434.7 8
1747197911620 1435.5 8
1747197911636 1436.3 8
1747197911653 1437.1 8
1747197911669 1437.9 8
1747197911686 1438.7 8
1747197911703 1439.5 8
1747197911719 1440.3 8
1747197911736 1441.1 8
1747197911752 1441.9 8
1747197911768 1442.7 8
1747197911785 1443.5 8
1747197911801 1444.3 8
1747197911819 1445.1 8
1747197911835 1445.9 8
1747197911852 1446.7 8
1747197911868 1447.5 8
1747197911884 1448.3 8
1747197911901 1449.1 8
1747197911918 1449.9 8
1747197911934 1450.7 8
1747197911951 1451.5 8
1747197911967 1452.3 8
1747197911983 1453.1 8
1747197912000 1453.9 8
1747197912016 1454.7 8
1747197912032 1455.5 8
1747197912047 1456.3 8
1747197912065 1457.1 8
1747197912081 1457.9 8
1747197912098 1458.7 8
1747197912115 1459.5 8
1747197912133 1460.3 8
1747197912149 1461.1 8
1747197912165 1461.9 8
1747197912182 1462.7 8
1747197912198 1463.5 8
1747197912215 1464.3 8
1747197912232 1465.1 8
1747197912249 1465.9 8
1747197912266 1466.7 8
1747197912282 1467.5 8
1747197912300 1468.3 8
1747197912316 1469.1 8
1747197912332 1469.9 8
1747197912349 1470.7 8
1747197912366 1471.5 8
1747197912382 1472.3 8
1747197912398 1473.1 8
1747197912415 1473.9 8
1747197912432 1474.7 8
1747197912448 1475.5 8
1747197912465 1476.3 8
1747197912719 11.0 9
1747197912742 22.133333333333333 9
1747197912770 33.46666666666667 9
1747197912792 44.93333333333333 9
1747197912818 55.96666666666667 9
1747197912841 67.06666666666666 9
1747197912865 77.1 9
1747197912889 87.2 9
1747197912913 97.06666666666666 9
1747197912936 106.7 9
1747197912957 116.4 9
1747197912987 126.16666666666667 9
1747197913010 136.0 9
1747197913038 145.83333333333334 9
1747197913062 155.8 9
1747197913087 165.83333333333334 9
1747197913114 175.5 9
1747197913142 185.3 9
1747197913168 195.16666666666666 9
1747197913192 205.1 9
1747197913215 214.73333333333332 9
1747197913237 223.7 9
1747197913262 232.73333333333332 9
1747197913285 241.83333333333334 9
1747197913308 251.06666666666666 9
1747197913330 259.0 9
1747197913352 267.0 9
1747197913374 274.76666666666665 9
1747197913395 282.6 9
1747197913416 290.43333333333334 9
1747197913437 297.9 9
1747197913457 305.43333333333334 9
1747197913481 312.9 9
1747197913502 320.3666666666667 9
1747197913524 327.8333333333333 9
1747197913544 334.53333333333336 9
1747197913565 341.23333333333335 9
1747197913586 347.1 9
1747197913606 352.96666666666664 9
1747197913626 358.8333333333333 9
1747197913649 364.7 9
1747197913668 370.56666666666666 9
1747197913689 376.43333333333334 9
1747197913711 382.3 9
1747197913733 388.1666666666667 9
1747197913754 394.03333333333336 9
1747197913775 399.9 9
1747197913797 405.76666666666665 9
1747197913819 411.6333333333333 9
1747197913842 417.5 9
1747197913862 423.3666666666667 9
1747197913881 428.8666666666667 9
1747197913901 434.3666666666667 9
1747197913920 439.5 9
1747197913939 444.6333333333333 9
1747197913959 449.76666666666665 9
1747197913989 454.9 9
1747197914007 460.03333333333336 9
1747197914027 465.1666666666667 9
1747197914047 470.3 9
1747197914066 475.43333333333334 9
1747197914082 480.2 9
1747197914100 484.96666666666664 9
1747197914118 489.73333333333335 9
1747197914137 494.5 9
1747197914156 499.26666666666665 9
1747197914172 504.03333333333336 9
1747197914190 508.8 9
1747197914207 513.5666666666667 9
1747197914225 518.3333333333334 9
1747197914243 523.1 9
1747197914262 527.8666666666667 9
1747197914279 532.6333333333333 9
1747197914298 537.4 9
1747197914319 542.1666666666666 9
1747197914346 546.9333333333333 9
1747197914365 551.7 9
1747197914382 556.4666666666667 9
1747197914402 561.2333333333333 9
1747197914422 566.0 9
1747197914442 570.7666666666667 9
1747197914461 575.5333333333333 9
1747197914480 580.3 9
1747197914500 585.0666666666667 9
1747197914518 589.8333333333334 9
1747197914536 594.6 9
1747197914554 599.3666666666667 9
1747197914572 604.1333333333333 9
1747197914590 608.9 9
1747197914607 613.6666666666666 9
1747197914625 618.4333333333333 9
1747197914644 623.2 9
1747197914665 627.9666666666667 9
1747197914684 632.7333333333333 9
1747197914703 637.5 9
1747197914721 642.2666666666667 9
1747197914738 647.0333333333333 9
1747197914755 651.8 9
1747197914773 656.5666666666667 9
1747197914790 661.3333333333334 9
1747197914807 666.1 9
1747197914825 670.8666666666667 9
1747197914843 675.6333333333333 9
1747197914861 680.4 9
1747197914880 685.1666666666666 9
1747197914898 689.9333333333333 9
1747197914916 694.7 9
1747197914935 699.4666666666667 9
1747197914954 704.2333333333333 9
1747197914972 709.0 9
1747197914991 713.7666666666667 9
1747197915010 718.5333333333333 9
1747197915028 723.3 9
1747197915047 728.0666666666667 9
1747197915064 732.8333333333334 9
1747197915082 737.6 9
1747197915100 742.3666666666667 9
1747197915117 747.1333333333333 9
1747197915136 751.9 9
1747197915154 756.6666666666666 9
1747197915172 761.4333333333333 9
1747197915189 766.2 9
1747197915207 770.9666666666667 9
1747197915224 775.7333333333333 9
1747197915242 780.5 9
1747197915261 785.2666666666667 9
1747197915277 790.0333333333333 9
1747197915296 794.8 9
1747197915314 799.5666666666667 9
1747197915332 804.3333333333334 9
1747197915351 809.1 9
1747197915368 813.8666666666667 9
1747197915387 818.6333333333333 9
1747197915406 823.4 9
1747197915422 828.1666666666666 9
1747197915441 832.9333333333333 9
1747197915457 837.7 9
1747197915477 842.4666666666667 9
1747197915493 847.2333333333333 9
1747197915510 852.0 9
1747197915527 856.7666666666667 9
1747197915544 861.5333333333333 9
1747197915561 866.3 9
1747197915578 871.0666666666667 9
1747197915595 875.8333333333334 9
1747197915612 880.6 9
1747197915629 885.3666666666667 9
1747197915646 890.1333333333333 9
1747197915665 894.9 9
1747197915682 899.6666666666666 9
1747197915709 904.4333333333333 9
1747197915728 909.2 9
1747197915746 913.9666666666667 9
1747197915766 918.7333333333333 9
1747197915786 923.5 9
1747197915806 928.2666666666667 9
1747197915825 933.0333333333333 9
1747197915845 937.8 9
1747197915866 942.5666666666667 9
1747197915885 946.9666666666667 9
1747197915902 951.3666666666667 9
1747197915921 955.7666666666667 9
1747197915939 960.1666666666666 9
1747197915957 964.5666666666667 9
1747197915974 968.9666666666667 9
1747197915992 973.3666666666667 9
1747197916009 977.4 9
1747197916027 981.4333333333333 9
1747197916046 985.4666666666667 9
1747197916062 989.5 9
1747197916081 993.5333333333333 9
1747197916099 997.5666666666667 9
1747197916117 1001.6 9
1747197916135 1005.6333333333333 9
1747197916161 1009.6666666666666 9
1747197916179 1013.7 9
1747197916197 1017.7333333333333 9
1747197916215 1021.7666666666667 9
1747197916234 1025.8 9
1747197916251 1029.8333333333333 9
1747197916269 1033.8666666666666 9
1747197916286 1037.9 9
1747197916304 1041.9333333333334 9
1747197916320 1045.9666666666667 9
1747197916338 1050.0 9
1747197916355 1054.0333333333333 9
1747197916373 1058.0666666666666 9
1747197916389 1062.1 9
1747197916407 1066.1333333333334 9
1747197916422 1070.1666666666667 9
1747197916441 1074.2 9
1747197916457 1078.2333333333333 9
1747197916472 1082.2666666666667 9
1747197916489 1086.3 9
1747197916506 1090.3333333333333 9
1747197916521 1094.3666666666666 9
1747197916540 1098.4 9
1747197916556 1102.4333333333334 9
1747197916574 1106.4666666666667 9
1747197916589 1110.5 9
1747197916606 1114.5333333333333 9
1747197916624 1118.5666666666666 9
1747197916641 1122.6 9
1747197916658 1126.6333333333334 9
1747197916675 1130.6666666666667 9
1747197916691 1134.7 9
1747197916707 1138.7333333333333 9
1747197916724 1142.7666666666667 9
1747197916739 1146.8 9
1747197916755 1150.8333333333333 9
1747197916771 1154.8666666666666 9
1747197916788 1158.5333333333333 9
1747197916804 1162.2 9
1747197916821 1165.8666666666666 9
1747197916842 1169.5333333333333 9
1747197916860 1173.2 9
1747197916877 1176.8666666666666 9
1747197916895 1180.5333333333333 9
1747197916910 1184.2 9
1747197916926 1187.8666666666666 9
1747197916944 1191.5333333333333 9
1747197916960 1195.2 9
1747197916976 1198.8666666666666 9
1747197916992 1202.5333333333333 9
1747197917011 1206.2 9
1747197917028 1209.8666666666666 9
1747197917044 1213.5333333333333 9
1747197917062 1216.8333333333333 9
1747197917077 1220.1333333333334 9
1747197917094 1223.4333333333334 9
1747197917110 1226.3666666666666 9
1747197917126 1229.3 9
1747197917144 1232.2333333333333 9
1747197917159 1235.1666666666667 9
1747197917176 1238.1 9
1747197917193 1241.0333333333333 9
1747197917207 1243.9666666666667 9
1747197917224 1246.9 9
1747197917241 1249.8333333333333 9
1747197917255 1252.7666666666667 9
1747197917270 1255.7 9
1747197917288 1258.6333333333334 9
1747197917306 1261.5666666666666 9
1747197917320 1264.5 9
1747197917339 1267.4333333333334 9
1747197917355 1270.3666666666666 9
1747197917372 1273.3 9
1747197917388 1276.2333333333333 9
1747197917404 1279.1666666666667 9
1747197917421 1282.1 9
1747197917437 1284.6666666666667 9
1747197917452 1287.2333333333333 9
1747197917470 1289.8 9
1747197917487 1292.3666666666666 9
1747197917502 1294.9333333333334 9
1747197917519 1297.5 9
1747197917535 1300.0666666666666 9
1747197917552 1302.6333333333334 9
1747197917569 1305.2 9
1747197917585 1307.7666666666667 9
1747197917602 1310.3333333333333 9
1747197917619 1312.9 9
1747197917634 1315.4666666666667 9
1747197917651 1318.0333333333333 9
1747197917668 1320.6 9
1747197917682 1323.1666666666667 9
1747197917701 1325.7333333333333 9
1747197917719 1328.3 9
1747197917735 1330.8666666666666 9
1747197917751 1333.4333333333334 9
1747197917769 1336.0 9
1747197917785 1338.5666666666666 9
1747197917802 1341.1333333333334 9
1747197917818 1343.7 9
1747197917835 1346.2666666666667 9
1747197917852 1348.8333333333333 9
1747197917868 1351.4 9
1747197917886 1353.9666666666667 9
1747197917903 1356.5333333333333 9
1747197917920 1359.1 9
1747197917938 1361.6666666666667 9
1747197917953 1364.2333333333333 9
1747197917983 1366.8 9
1747197918025 1369.3666666666666 9
1747197918057 1371.9333333333334 9
1747197918082 1374.5 9
1747197918106 1377.0666666666666 9
1747197918128 1379.6333333333334 9
1747197918149 1382.2 9
1747197918171 1384.7666666666667 9
1747197918211 1387.3333333333333 9
1747197918232 1389.9 9
1747197918266 1392.4666666666667 9
1747197918283 1395.0333333333333 9
1747197918301 1397.6 9
1747197918332 1400.1666666666667 9
1747197918357 1402.7333333333333 9
1747197918374 1405.3 9
1747197918389 1407.8666666666666 9
1747197918407 1410.4333333333334 9
1747197918422 1413.0 9
1747197918439 1415.5666666666666 9
1747197918456 1418.1333333333334 9
1747197918472 1420.7 9
1747197918489 1423.2666666666667 9
1747197918506 1425.8333333333333 9
1747197918526 1428.4 9
1747197918544 1430.9666666666667 9
1747197918561 1433.5333333333333 9
1747197918577 1436.1 9
1747197918592 1438.6666666666667 9
1747197918610 1441.2333333333333 9
1747197918627 1443.8 9
1747197918645 1446.3666666666666 9
1747197918662 1448.9333333333334 9
1747197918677 1451.5 9
1747197918694 1454.0666666666666 9
1747197918710 1456.6333333333334 9
1747197918727 1459.2 9
1747197918744 1461.7666666666667 9
1747197918761 1464.3333333333333 9
1747197918778 1466.9 9
1747197918793 1469.4666666666667 9
1747197918810 1472.0333333333333 9
1747197918827 1474.6 9
1747197918844 1477.1666666666667 9
1747197918860 1479.7333333333333 9
1747197918879 1482.3 9
1747197918895 1484.8666666666666 9
1747197918912 1487.4333333333334 9
1747197918929 1490.0 9
1747197918947 1492.5666666666666 9
1747197918965 1495.1333333333334 9
1747197918981 1497.7 9
1747197918998 1500.2666666666667 9
1747197919014 1502.8333333333333 9
1747197919031 1505.4 9
1747197919048 1507.9666666666667 9
1747197919065 1510.5333333333333 9
1747197919080 1513.1 9
1747197919098 1515.6666666666667 9
1747197919115 1518.2333333333333 9
1747197919140 1520.8 9
1747197919153 1523.3666666666666 9
1747197919169 1525.9333333333334 9
1747197919185 1528.5 9
1747197919200 1531.0666666666666 9
1747197919218 1533.6333333333334 9
1747197919235 1536.2 9
1747197919250 1538.7666666666667 9
1747197919268 1541.3333333333333 9
1747197919286 1543.9 9
1747197919302 1546.4666666666667 9
1747197919321 1549.0333333333333 9
1747197919335 1551.6 9
1747197919350 1554.1666666666667 9
1747197919368 1556.7333333333333 9
1747197919385 1559.3 9
1747197919401 1561.8666666666666 9
1747197919418 1564.4333333333334 9
1747197919434 1567.0 9
1747197919450 1569.5666666666666 9
1747197919466 1572.1333333333334 9
1747197919482 1574.7 9
1747197919499 1577.2666666666667 9
1747197919518 1579.8333333333333 9
1747197919534 1582.4 9
1747197919552 1584.9666666666667 9
1747197919568 1587.5333333333333 9
1747197919584 1590.1 9
1747197919601 1592.6666666666667 9
1747197919617 1595.2333333333333 9
1747197919635 1597.8 9
1747197919651 1600.3666666666666 9
1747197919669 1602.9333333333334 9
1747197919687 1605.5 9
1747197919704 1608.0666666666666 9
1747197919722 1610.6333333333334 9
1747197919738 1613.2 9
1747197919755 1615.7666666666667 9
1747197919771 1618.3333333333333 9
1747197919795 1620.9 9
1747197919807 1623.4666666666667 9
1747197919823 1626.0333333333333 9
1747197919840 1628.6 9
1747197919858 1631.1666666666667 9
1747197919874 1633.7333333333333 9
1747197919889 1636.3 9
1747197919906 1638.8666666666666 9
1747197919922 1641.4333333333334 9
1747197919939 1644.0 9
1747197919956 1646.5666666666666 9
1747197919972 1649.1333333333334 9
1747197919989 1651.7 9
1747197920005 1654.2666666666667 9
1747197920022 1656.8333333333333 9
1747197920038 1659.4 9
1747197920054 1661.9666666666667 9
1747197920072 1664.5333333333333 9
1747197920092 1667.1 9
1747197920121 1669.6666666666667 9
1747197920139 1672.2333333333333 9
1747197920156 1674.8 9
1747197920172 1677.3666666666666 9
1747197920188 1679.9333333333334 9
1747197920205 1682.5 9
1747197920222 1685.0666666666666 9
1747197920238 1687.6333333333334 9
1747197920254 1690.2 9
1747197920271 1692.7666666666667 9
1747197920289 1695.3333333333333 9
1747197920309 1697.9 9
1747197920333 1700.4666666666667 9
1747197920348 1703.1 9
1747197920364 1705.7333333333333 9
1747197920381 1708.3666666666666 9
1747197920399 1711.0 9
1747197920415 1713.6333333333334 9
1747197920432 1716.2666666666667 9
1747197920448 1718.9 9
1747197920466 1721.5333333333333 9
1747197920482 1724.1666666666667 9
1747197920498 1726.8 9
1747197920515 1729.4333333333334 9
1747197920532 1732.0666666666666 9
1747197920549 1734.3333333333333 9
1747197920564 1736.6 9
1747197920580 1738.8666666666666 9
1747197920599 1741.1333333333334 9
1747197920615 1743.4 9
1747197920632 1745.6666666666667 9
1747197920650 1747.9333333333334 9
1747197920665 1750.2 9
1747197920682 1752.4666666666667 9
1747197920699 1754.7333333333333 9
1747197920714 1757.0 9
1747197920731 1759.2666666666667 9
1747197920748 1761.5333333333333 9
1747197920764 1763.8 9
1747197920782 1766.0666666666666 9
1747197920800 1768.3333333333333 9
1747197920817 1770.6 9
1747197920831 1772.8666666666666 9
1747197920848 1775.1333333333334 9
1747197920866 1777.4 9
1747197920881 1779.6666666666667 9
1747197920897 1781.9333333333334 9
1747197920914 1784.2 9
1747197920929 1786.4666666666667 9
1747197920946 1788.7333333333333 9
1747197920964 1791.0 9
1747197920979 1793.2666666666667 9
1747197920995 1795.5333333333333 9
1747197921012 1797.8 9
1747197921029 1800.0666666666666 9
1747197921051 1802.3333333333333 9
1747197921072 1804.6 9
1747197921092 1806.8666666666666 9
1747197921112 1809.1333333333334 9
1747197921131 1811.4 9
1747197921160 1813.6666666666667 9
1747197921176 1815.9333333333334 9
1747197921195 1818.2 9
1747197921215 1820.4666666666667 9
1747197921232 1822.7333333333333 9
1747197921249 1825.0 9
1747197921268 1827.2666666666667 9
1747197921286 1829.5333333333333 9
1747197921304 1831.8 9
1747197921322 1834.0666666666666 9
1747197921337 1836.3333333333333 9
1747197921355 1838.6 9
1747197921372 1840.8666666666666 9
1747197921390 1843.1333333333334 9
1747197921408 1845.4 9
1747197921427 1847.6666666666667 9
1747197921451 1849.9333333333334 9
1747197921470 1852.2 9
1747197921486 1854.4666666666667 9
1747197921502 1856.7333333333333 9
1747197921518 1859.0 9
1747197921535 1861.2666666666667 9
1747197921551 1863.5333333333333 9
1747197921570 1865.8 9
1747197921586 1868.0666666666666 9
1747197921601 1870.3333333333333 9
1747197921619 1872.6 9
1747197921638 1874.8666666666666 9
1747197921653 1877.1333333333334 9
1747197921670 1879.4 9
1747197921685 1881.6666666666667 9
1747197921702 1883.9333333333334 9
1747197921718 1886.2 9
1747197921734 1888.4666666666667 9
1747197921752 1890.7333333333333 9
1747197921768 1893.0 9
1747197921784 1895.2666666666667 9
1747197921800 1897.5333333333333 9
1747197921818 1899.8 9
1747197921833 1902.0666666666666 9
1747197921851 1904.3333333333333 9
1747197921866 1906.6 9
1747197921884 1908.8666666666666 9
1747197921900 1911.1333333333334 9
1747197921916 1913.4 9
1747197921934 1915.6666666666667 9
1747197921951 1917.9333333333334 9
1747197921966 1920.2 9
1747197921982 1922.4666666666667 9
1747197921998 1924.7333333333333 9
1747197922015 1927.0 9
1747197922036 1929.2666666666667 9
1747197922068 1931.5333333333333 9
1747197922082 1933.8 9
1747197922098 1936.0666666666666 9
1747197922114 1938.3333333333333 9
1747197922130 1940.6 9
1747197922148 1942.8666666666666 9
1747197922165 1945.1333333333334 9
1747197922182 1947.4 9
1747197922199 1949.6666666666667 9
1747197922214 1951.9333333333334 9
1747197922230 1954.2 9
1747197922245 1956.4666666666667 9
1747197922262 1958.7333333333333 9
1747197922278 1961.0 9
1747197922294 1963.2666666666667 9
1747197922312 1965.5333333333333 9
1747197922331 1967.8 9
1747197922351 1970.0666666666666 9
1747197922368 1972.3333333333333 9
1747197922384 1974.6 9
1747197922401 1976.8666666666666 9
1747197922418 1979.1333333333334 9
1747197922434 1981.4 9
1747197922450 1983.6666666666667 9
1747197922467 1985.9333333333334 9
1747197922483 1988.2 9
1747197922500 1990.4666666666667 9
1747197922522 1992.7333333333333 9
1747197922535 1995.0 9
1747197922551 1997.2666666666667 9
1747197922568 1999.5333333333333 9
1747197922585 2001.8 9
1747197922602 2004.0666666666666 9
1747197922618 2006.3333333333333 9
1747197922634 2008.6 9
1747197922651 2010.8666666666666 9
1747197922666 2013.1333333333334 9
1747197922686 2015.4 9
1747197922698 2017.6666666666667 9
1747197922716 2019.9333333333334 9
1747197922732 2022.2 9
1747197922749 2024.4666666666667 9
1747197922765 2026.7333333333333 9
1747197922781 2029.0 9
1747197922797 2031.2666666666667 9
1747197922814 2033.5333333333333 9
1747197922830 2035.8 9
1747197922849 2038.0666666666666 9
1747197922868 2040.3333333333333 9
1747197922884 2042.6 9
1747197922899 2044.8666666666666 9
1747197922917 2047.1333333333334 9
1747197922934 2049.4 9
1747197922950 2051.6666666666665 9
1747197922965 2053.9333333333334 9
1747197922984 2055.4 9
1747197922999 2056.866666666667 9
1747197923016 2058.3333333333335 9
1747197923032 2059.8 9
1747197923052 2061.266666666667 9
1747197923066 2062.366666666667 9
1747197923082 2063.4666666666667 9
1747197923098 2064.2 9
1747197923117 2064.9333333333334 9
1747197923132 2065.6666666666665 9
1747197923151 2066.4 9
1747197923166 2067.133333333333 9
1747197923182 2067.866666666667 9
1747197923199 2068.233333333333 9
1747197923216 2068.6 9
1747197923234 2068.9666666666667 9
1747197923248 2069.3333333333335 9
1747197923264 2069.7 9
1747197923476 11.0 10
1747197923499 22.2 10
1747197923525 33.86666666666667 10
1747197923546 45.733333333333334 10
1747197923567 56.43333333333333 10
1747197923589 67.26666666666667 10
1747197923610 77.16666666666667 10
1747197923632 87.13333333333334 10
1747197923654 97.23333333333333 10
1747197923674 107.66666666666667 10
1747197923695 118.3 10
1747197923717 129.13333333333333 10
1747197923739 140.36666666666667 10
1747197923760 151.93333333333334 10
1747197923781 163.76666666666668 10
1747197923803 176.0 10
1747197923826 188.5 10
1747197923850 201.26666666666668 10
1747197923872 214.13333333333333 10
1747197923895 227.4 10
1747197923919 241.06666666666666 10
1747197923942 255.06666666666666 10
1747197923966 269.26666666666665 10
1747197923990 283.6666666666667 10
1747197924012 298.1333333333333 10
1747197924035 311.7 10
1747197924054 321.76666666666665 10
1747197924076 331.8333333333333 10
1747197924096 341.9 10
1747197924118 350.8666666666667 10
1747197924139 359.9 10
