1747197880855 1.0 1
1747197880880 2.0 1
1747197880906 3.0 1
1747197880932 3.8666666666666667 1
1747197880954 4.633333333333334 1
1747197880974 5.2 1
1747197880991 5.566666666666666 1
1747197881008 5.9 1
1747197881024 6.133333333333334 1
1747197881040 6.3 1
1747197881058 6.466666666666667 1
1747197881074 6.633333333333334 1
1747197881091 6.766666666666667 1
1747197881107 6.9 1
1747197881124 7.033333333333333 1
1747197881140 7.166666666666667 1
1747197881158 7.3 1
1747197881175 7.366666666666666 1
1747197881194 7.433333333333334 1
1747197881209 7.5 1
1747197881225 7.566666666666666 1
1747197881243 7.633333333333334 1
1747197881259 7.7 1
1747197881275 7.766666666666667 1
1747197881291 7.833333333333333 1
1747197881309 7.9 1
1747197881326 7.966666666666667 1
1747197881341 8.033333333333333 1
1747197881358 8.1 1
1747197881376 8.166666666666666 1
1747197881392 8.233333333333333 1
1747197881409 8.3 1
1747197881425 8.366666666666667 1
1747197881443 8.433333333333334 1
1747197881459 8.5 1
1747197881475 8.566666666666666 1
1747197881492 8.633333333333333 1
1747197881508 8.7 1
1747197881525 8.766666666666667 1
1747197881542 8.833333333333334 1
1747197881560 8.9 1
1747197881575 8.966666666666667 1
1747197881592 9.033333333333333 1
1747197881609 9.066666666666666 1
1747197881626 9.1 1
1747197881878 1.0 2
1747197881903 2.0 2
1747197881928 3.0 2
1747197881951 3.933333333333333 2
1747197881973 4.733333333333333 2
1747197881994 5.5 2
1747197882014 6.166666666666667 2
1747197882035 6.8 2
1747197882052 7.266666666666667 2
1747197882068 7.666666666666667 2
1747197882085 8.066666666666666 2
1747197882102 8.466666666666667 2
1747197882121 8.866666666666667 2
1747197882139 9.266666666666667 2
1747197882157 9.666666666666666 2
1747197882175 10.033333333333333 2
1747197882192 10.4 2
1747197882212 10.733333333333333 2
1747197882230 11.033333333333333 2
1747197882248 11.333333333333334 2
1747197882267 11.633333333333333 2
1747197882285 11.933333333333334 2
1747197882302 12.233333333333333 2
1747197882320 12.533333333333333 2
1747197882336 12.8 2
1747197882351 13.066666666666666 2
1747197882371 13.3 2
1747197882387 13.533333333333333 2
1747197882403 13.766666666666667 2
1747197882419 13.966666666666667 2
1747197882434 14.133333333333333 2
1747197882452 14.3 2
1747197882467 14.466666666666667 2
1747197882484 14.633333333333333 2
1747197882500 14.8 2
1747197882516 14.966666666666667 2
1747197882532 15.133333333333333 2
1747197882549 15.3 2
1747197882564 15.466666666666667 2
1747197882581 15.633333333333333 2
1747197882599 15.8 2
1747197882613 15.933333333333334 2
1747197882629 16.066666666666666 2
1747197882646 16.133333333333333 2
1747197882663 16.2 2
1747197882680 16.233333333333334 2
1747197882698 16.266666666666666 2
1747197882714 16.3 2
1747197882731 16.333333333333332 2
1747197882746 16.366666666666667 2
1747197882763 16.4 2
1747197882779 16.433333333333334 2
1747197882795 16.466666666666665 2
1747197882811 16.5 2
1747197882828 16.533333333333335 2
1747197883083 1.0 3
1747197883108 2.0 3
1747197883132 3.0 3
1747197883156 4.0 3
1747197883179 4.966666666666667 3
1747197883201 5.833333333333333 3
1747197883222 6.666666666666667 3
1747197883243 7.4 3
1747197883260 7.866666666666666 3
1747197883277 8.3 3
1747197883294 8.7 3
1747197883311 9.066666666666666 3
1747197883327 9.366666666666667 3
1747197883343 9.666666666666666 3
1747197883359 9.966666666666667 3
1747197883379 10.266666666666667 3
1747197883401 10.566666666666666 3
1747197883421 10.866666666666667 3
1747197883437 11.166666666666666 3
1747197883454 11.433333333333334 3
1747197883471 11.7 3
1747197883488 11.966666666666667 3
1747197883507 12.233333333333333 3
1747197883523 12.5 3
1747197883539 12.766666666666667 3
1747197883555 13.033333333333333 3
1747197883571 13.3 3
1747197883589 13.566666666666666 3
1747197883605 13.833333333333334 3
1747197883621 14.066666666666666 3
1747197883640 14.3 3
1747197883657 14.533333333333333 3
1747197883675 14.766666666666667 3
1747197883692 15.0 3
1747197883709 15.166666666666666 3
1747197883725 15.333333333333334 3
1747197883741 15.5 3
1747197883757 15.666666666666666 3
1747197883773 15.833333333333334 3
1747197883790 16.0 3
1747197883806 16.166666666666668 3
1747197883823 16.3 3
1747197883840 16.433333333333334 3
1747197883856 16.566666666666666 3
1747197883874 16.7 3
1747197883888 16.8 3
1747197883907 16.9 3
1747197883922 16.966666666666665 3
1747197883940 17.033333333333335 3
1747197883956 17.1 3
1747197883973 17.166666666666668 3
1747197883990 17.233333333333334 3
1747197884005 17.3 3
1747197884022 17.366666666666667 3
1747197884038 17.433333333333334 3
1747197884055 17.466666666666665 3
1747197884072 17.5 3
1747197884090 17.533333333333335 3
1747197884106 17.566666666666666 3
1747197884122 17.6 3
1747197884139 17.633333333333333 3
1747197884154 17.666666666666668 3
1747197884171 17.7 3
1747197884186 17.733333333333334 3
1747197884202 17.766666666666666 3
1747197884218 17.8 3
1747197884234 17.833333333333332 3
1747197884252 17.866666666666667 3
1747197884512 1.0 4
1747197884536 2.0 4
1747197884560 3.0 4
1747197884584 4.0 4
1747197884608 5.0 4
1747197884630 5.833333333333333 4
1747197884651 6.533333333333333 4
1747197884673 7.166666666666667 4
1747197884693 7.6 4
1747197884711 7.966666666666667 4
1747197884729 8.3 4
1747197884747 8.633333333333333 4
1747197884765 8.966666666666667 4
1747197884781 9.266666666666667 4
1747197884798 9.566666666666666 4
1747197884815 9.866666666666667 4
1747197884831 10.166666666666666 4
1747197884847 10.433333333333334 4
1747197884862 10.7 4
1747197884878 10.966666666666667 4
1747197884895 11.233333333333333 4
1747197884911 11.5 4
1747197884929 11.766666666666667 4
1747197884945 12.033333333333333 4
1747197884961 12.3 4
1747197884979 12.566666666666666 4
1747197884995 12.833333333333334 4
1747197885013 13.1 4
1747197885028 13.333333333333334 4
1747197885045 13.566666666666666 4
1747197885064 13.8 4
1747197885080 14.033333333333333 4
1747197885096 14.233333333333333 4
1747197885112 14.433333333333334 4
1747197885130 14.633333333333333 4
1747197885146 14.766666666666667 4
1747197885162 14.9 4
1747197885177 15.033333333333333 4
1747197885194 15.166666666666666 4
1747197885209 15.266666666666667 4
1747197885225 15.366666666666667 4
1747197885242 15.433333333333334 4
1747197885257 15.5 4
1747197885274 15.566666666666666 4
1747197885290 15.633333333333333 4
1747197885307 15.7 4
1747197885323 15.766666666666667 4
1747197885339 15.833333333333334 4
1747197885356 15.9 4
1747197885373 15.966666666666667 4
1747197885389 16.033333333333335 4
1747197885405 16.1 4
1747197885421 16.166666666666668 4
1747197885439 16.233333333333334 4
1747197885454 16.3 4
1747197885470 16.333333333333332 4
1747197885487 16.366666666666667 4
1747197885502 16.4 4
1747197885520 16.433333333333334 4
1747197885536 16.466666666666665 4
1747197885553 16.5 4
1747197885570 16.533333333333335 4
1747197885587 16.566666666666666 4
1747197885602 16.6 4
1747197885618 16.633333333333333 4
1747197885634 16.666666666666668 4
1747197885651 16.7 4
1747197885668 16.733333333333334 4
1747197885918 1.0 5
1747197885944 2.0 5
1747197885969 3.0 5
1747197885991 3.966666666666667 5
1747197886013 4.866666666666666 5
1747197886035 5.566666666666666 5
1747197886055 6.2 5
1747197886077 6.833333333333333 5
1747197886096 7.4 5
1747197886116 7.966666666666667 5
1747197886136 8.533333333333333 5
1747197886158 9.1 5
1747197886179 9.666666666666666 5
1747197886201 10.233333333333333 5
1747197886222 10.8 5
1747197886243 11.366666666666667 5
1747197886266 11.933333333333334 5
1747197886288 12.5 5
1747197886310 13.066666666666666 5
1747197886333 13.633333333333333 5
1747197886357 14.2 5
1747197886377 14.766666666666667 5
1747197886398 15.333333333333334 5
1747197886420 15.9 5
1747197886441 16.466666666666665 5
1747197886462 17.033333333333335 5
1747197886484 17.6 5
1747197886505 18.166666666666668 5
1747197886524 18.7 5
1747197886546 19.233333333333334 5
1747197886565 19.733333333333334 5
1747197886584 20.2 5
1747197886604 20.666666666666668 5
1747197886623 21.133333333333333 5
1747197886641 21.6 5
1747197886661 22.066666666666666 5
1747197886679 22.5 5
1747197886698 22.933333333333334 5
1747197886718 23.333333333333332 5
1747197886739 23.7 5
1747197886757 24.066666666666666 5
1747197886774 24.4 5
1747197886791 24.733333333333334 5
1747197886807 25.066666666666666 5
1747197886824 25.366666666666667 5
1747197886840 25.666666666666668 5
1747197886857 25.966666666666665 5
1747197886874 26.266666666666666 5
1747197886891 26.566666666666666 5
1747197886908 26.866666666666667 5
1747197886924 27.133333333333333 5
1747197886943 27.4 5
1747197886958 27.633333333333333 5
1747197886974 27.866666666666667 5
1747197886992 28.066666666666666 5
1747197887007 28.233333333333334 5
1747197887023 28.4 5
1747197887039 28.566666666666666 5
1747197887055 28.733333333333334 5
1747197887073 28.866666666666667 5
1747197887089 29.0 5
1747197887107 29.133333333333333 5
1747197887122 29.266666666666666 5
1747197887139 29.4 5
1747197887155 29.533333333333335 5
1747197887171 29.666666666666668 5
1747197887187 29.766666666666666 5
1747197887203 29.833333333333332 5
1747197887220 29.866666666666667 5
1747197887238 29.9 5
1747197887254 29.933333333333334 5
1747197887272 29.966666666666665 5
1747197887287 30.0 5
1747197887304 30.033333333333335 5
1747197887321 30.066666666666666 5
1747197887336 30.1 5
1747197887352 30.133333333333333 5
1747197887369 30.166666666666668 5
1747197887386 30.2 5
1747197887401 30.233333333333334 5
1747197887418 30.266666666666666 5
1747197887434 30.3 5
1747197887449 30.333333333333332 5
1747197887467 30.366666666666667 5
1747197887483 30.4 5
1747197887499 30.433333333333334 5
1747197887519 30.466666666666665 5
1747197887535 30.5 5
1747197887551 30.533333333333335 5
1747197887566 30.566666666666666 5
1747197887582 30.6 5
1747197887599 30.633333333333333 5
1747197887616 30.666666666666668 5
1747197887632 30.7 5
1747197887648 30.733333333333334 5
1747197887666 30.766666666666666 5
1747197887681 30.8 5
1747197887697 30.833333333333332 5
1747197887713 30.866666666666667 5
1747197887730 30.9 5
1747197887746 30.933333333333334 5
1747197887762 30.966666666666665 5
1747197887779 31.0 5
1747197887795 31.033333333333335 5
1747197887812 31.066666666666666 5
1747197887829 31.1 5
1747197887845 31.133333333333333 5
1747197887861 31.166666666666668 5
1747197887877 31.2 5
1747197887893 31.233333333333334 5
1747197887910 31.266666666666666 5
1747197887933 31.3 5
1747197887949 31.333333333333332 5
1747197887964 31.366666666666667 5
1747197887997 31.4 5
1747197888025 31.433333333333334 5
1747197888060 31.466666666666665 5
1747197888082 31.5 5
1747197888102 31.533333333333335 5
1747197888120 31.566666666666666 5
1747197888137 31.6 5
1747197888152 31.633333333333333 5
1747197888169 31.666666666666668 5
1747197888190 31.7 5
1747197888232 31.733333333333334 5
1747197888248 31.766666666666666 5
1747197888268 31.8 5
1747197888298 31.833333333333332 5
1747197888313 31.866666666666667 5
1747197888329 31.9 5
1747197888342 31.933333333333334 5
1747197888359 31.966666666666665 5
1747197888379 32.0 5
1747197888395 32.03333333333333 5
1747197888410 32.06666666666667 5
1747197888426 32.1 5
1747197888444 32.13333333333333 5
1747197888649 1.0 6
1747197888672 2.0 6
1747197888694 3.0 6
1747197888715 3.966666666666667 6
1747197888735 4.866666666666666 6
1747197888755 5.6 6
1747197888772 6.266666666666667 6
1747197888792 6.933333333333334 6
1747197888811 7.533333333333333 6
1747197888829 8.066666666666666 6
1747197888848 8.6 6
1747197888864 9.133333333333333 6
1747197888881 9.666666666666666 6
1747197888899 10.2 6
1747197888917 10.733333333333333 6
1747197888934 11.266666666666667 6
1747197888951 11.8 6
1747197888970 12.333333333333334 6
1747197888989 12.866666666666667 6
1747197889007 13.4 6
1747197889025 13.933333333333334 6
1747197889042 14.466666666666667 6
1747197889061 15.0 6
1747197889080 15.533333333333333 6
1747197889099 16.066666666666666 6
1747197889117 16.6 6
1747197889136 17.133333333333333 6
1747197889154 17.666666666666668 6
1747197889172 18.2 6
1747197889190 18.733333333333334 6
1747197889209 19.266666666666666 6
1747197889226 19.766666666666666 6
1747197889245 20.266666666666666 6
1747197889262 20.733333333333334 6
1747197889279 21.2 6
1747197889297 21.633333333333333 6
1747197889314 22.066666666666666 6
1747197889330 22.5 6
1747197889347 22.933333333333334 6
1747197889364 23.366666666666667 6
1747197889379 23.766666666666666 6
1747197889397 24.166666666666668 6
1747197889411 24.566666666666666 6
1747197889428 24.966666666666665 6
1747197889444 25.333333333333332 6
1747197889461 25.7 6
1747197889478 26.066666666666666 6
1747197889493 26.433333333333334 6
1747197889512 26.8 6
1747197889528 27.166666666666668 6
1747197889544 27.533333333333335 6
1747197889559 27.9 6
1747197889576 28.266666666666666 6
1747197889593 28.633333333333333 6
1747197889609 29.0 6
1747197889627 29.366666666666667 6
1747197889656 29.733333333333334 6
1747197889688 30.1 6
1747197889706 30.466666666666665 6
1747197889730 30.833333333333332 6
1747197889750 31.2 6
1747197889766 31.533333333333335 6
1747197889784 31.866666666666667 6
1747197889803 32.2 6
1747197889821 32.46666666666667 6
1747197889838 32.733333333333334 6
1747197889854 33.0 6
1747197889872 33.233333333333334 6
1747197889887 33.43333333333333 6
1747197889905 33.63333333333333 6
1747197889924 33.833333333333336 6
1747197889941 34.03333333333333 6
1747197889961 34.233333333333334 6
1747197889981 34.43333333333333 6
1747197889998 34.63333333333333 6
1747197890012 34.833333333333336 6
1747197890029 35.03333333333333 6
1747197890045 35.233333333333334 6
1747197890061 35.43333333333333 6
1747197890078 35.63333333333333 6
1747197890096 35.833333333333336 6
1747197890111 36.03333333333333 6
1747197890132 36.233333333333334 6
1747197890152 36.43333333333333 6
1747197890171 36.63333333333333 6
1747197890189 36.833333333333336 6
1747197890205 37.03333333333333 6
1747197890221 37.233333333333334 6
1747197890238 37.43333333333333 6
1747197890254 37.63333333333333 6
1747197890270 37.833333333333336 6
1747197890286 38.03333333333333 6
1747197890303 38.233333333333334 6
1747197890318 38.43333333333333 6
1747197890334 38.63333333333333 6
1747197890355 38.833333333333336 6
1747197890372 39.03333333333333 6
1747197890392 39.233333333333334 6
1747197890412 39.43333333333333 6
1747197890431 39.63333333333333 6
1747197890447 39.833333333333336 6
1747197890462 40.03333333333333 6
1747197890479 40.233333333333334 6
1747197890495 40.43333333333333 6
1747197890511 40.63333333333333 6
1747197890529 40.833333333333336 6
1747197890546 41.03333333333333 6
1747197890559 41.233333333333334 6
1747197890578 41.43333333333333 6
1747197890596 41.63333333333333 6
1747197890611 41.833333333333336 6
1747197890628 42.03333333333333 6
1747197890644 42.233333333333334 6
1747197890661 42.43333333333333 6
1747197890676 42.63333333333333 6
1747197890692 42.833333333333336 6
1747197890709 43.03333333333333 6
1747197890726 43.233333333333334 6
1747197890742 43.43333333333333 6
1747197890758 43.63333333333333 6
1747197890774 43.833333333333336 6
1747197890790 44.03333333333333 6
1747197890809 44.233333333333334 6
1747197890824 44.43333333333333 6
1747197890842 44.63333333333333 6
1747197890860 44.833333333333336 6
1747197890885 45.03333333333333 6
1747197890902 45.233333333333334 6
1747197890923 45.43333333333333 6
1747197890938 45.63333333333333 6
1747197890955 45.833333333333336 6
1747197890974 46.0 6
1747197890988 46.166666666666664 6
1747197891004 46.333333333333336 6
1747197891020 46.5 6
1747197891039 46.666666666666664 6
1747197891057 46.833333333333336 6
1747197891072 46.96666666666667 6
1747197891094 47.06666666666667 6
1747197891110 47.166666666666664 6
1747197891136 47.266666666666666 6
1747197891148 47.333333333333336 6
1747197891166 47.4 6
1747197891181 47.46666666666667 6
1747197891198 47.53333333333333 6
1747197891214 47.6 6
1747197891231 47.666666666666664 6
1747197891248 47.733333333333334 6
1747197891264 47.8 6
1747197891283 47.86666666666667 6
1747197891304 47.93333333333333 6
1747197891318 48.0 6
1747197891332 48.06666666666667 6
1747197891352 48.13333333333333 6
1747197891367 48.2 6
1747197891382 48.266666666666666 6
1747197891400 48.333333333333336 6
1747197891414 48.4 6
1747197891432 48.46666666666667 6
1747197891449 48.53333333333333 6
1747197891465 48.6 6
1747197891482 48.666666666666664 6
1747197891498 48.733333333333334 6
1747197891514 48.8 6
1747197891530 48.86666666666667 6
1747197891549 48.93333333333333 6
1747197891568 49.0 6
1747197891586 49.06666666666667 6
1747197891605 49.13333333333333 6
1747197891616 49.2 6
1747197891634 49.266666666666666 6
1747197891649 49.333333333333336 6
1747197891664 49.4 6
1747197891682 49.46666666666667 6
1747197891699 49.53333333333333 6
1747197891717 49.6 6
1747197891732 49.666666666666664 6
1747197891804 49.733333333333334 6
1747197891821 49.8 6
1747197891836 49.86666666666667 6
1747197891853 49.93333333333333 6
1747197891870 50.0 6
1747197891886 50.06666666666667 6
1747197891902 50.13333333333333 6
1747197891918 50.2 6
1747197891934 50.266666666666666 6
1747197891951 50.333333333333336 6
1747197891968 50.4 6
1747197891986 50.46666666666667 6
1747197892002 50.53333333333333 6
1747197892018 50.6 6
1747197892034 50.666666666666664 6
1747197892051 50.733333333333334 6
1747197892069 50.8 6
1747197892085 50.86666666666667 6
1747197892101 50.93333333333333 6
1747197892118 51.0 6
1747197892136 51.06666666666667 6
1747197892152 51.13333333333333 6
1747197892168 51.166666666666664 6
1747197892187 51.2 6
1747197892202 51.233333333333334 6
1747197892218 51.266666666666666 6
1747197892234 51.3 6
1747197892249 51.333333333333336 6
1747197892266 51.36666666666667 6
1747197892283 51.4 6
1747197892301 51.43333333333333 6
1747197892318 51.46666666666667 6
1747197892334 51.5 6
1747197892352 51.53333333333333 6
1747197892369 51.56666666666667 6
1747197892385 51.6 6
1747197892651 1.0 7
1747197892678 2.0 7
1747197892703 3.0 7
1747197892726 3.966666666666667 7
1747197892757 4.9 7
1747197892788 5.8 7
1747197892810 6.5 7
1747197892833 7.166666666666667 7
1747197892856 7.8 7
1747197892878 8.366666666666667 7
1747197892899 8.933333333333334 7
1747197892922 9.5 7
1747197892945 10.066666666666666 7
1747197892969 10.633333333333333 7
1747197892992 11.2 7
1747197893015 11.766666666666667 7
1747197893039 12.333333333333334 7
1747197893060 12.866666666666667 7
1747197893080 13.333333333333334 7
1747197893102 13.8 7
1747197893122 14.266666666666667 7
1747197893143 14.733333333333333 7
1747197893163 15.2 7
1747197893184 15.633333333333333 7
1747197893203 16.066666666666666 7
1747197893221 16.5 7
1747197893239 16.933333333333334 7
1747197893256 17.366666666666667 7
1747197893276 17.8 7
1747197893297 18.233333333333334 7
1747197893315 18.633333333333333 7
1747197893334 19.033333333333335 7
1747197893351 19.433333333333334 7
1747197893369 19.833333333333332 7
1747197893387 20.233333333333334 7
1747197893404 20.6 7
1747197893423 20.966666666666665 7
1747197893440 21.333333333333332 7
1747197893458 21.7 7
1747197893475 22.066666666666666 7
1747197893492 22.433333333333334 7
1747197893510 22.8 7
1747197893541 23.166666666666668 7
1747197893628 23.533333333333335 7
1747197893664 23.833333333333332 7
1747197893683 24.133333333333333 7
1747197893701 24.433333333333334 7
1747197893718 24.733333333333334 7
1747197893734 25.033333333333335 7
1747197893751 25.333333333333332 7
1747197893768 25.633333333333333 7
1747197893786 25.933333333333334 7
1747197893806 26.233333333333334 7
1747197893824 26.533333333333335 7
1747197893844 26.833333333333332 7
1747197893862 27.133333333333333 7
1747197893882 27.433333333333334 7
1747197893908 27.733333333333334 7
1747197893925 28.033333333333335 7
1747197893942 28.333333333333332 7
1747197893959 28.633333333333333 7
1747197893976 28.933333333333334 7
1747197893993 29.233333333333334 7
1747197894011 29.533333333333335 7
1747197894026 29.833333333333332 7
1747197894042 30.133333333333333 7
1747197894060 30.433333333333334 7
1747197894075 30.733333333333334 7
1747197894091 31.033333333333335 7
1747197894107 31.333333333333332 7
1747197894124 31.633333333333333 7
1747197894142 31.933333333333334 7
1747197894162 32.233333333333334 7
1747197894180 32.53333333333333 7
1747197894199 32.833333333333336 7
1747197894215 33.13333333333333 7
1747197894233 33.43333333333333 7
1747197894250 33.733333333333334 7
1747197894267 34.03333333333333 7
1747197894284 34.333333333333336 7
1747197894302 34.63333333333333 7
1747197894317 34.93333333333333 7
1747197894332 35.233333333333334 7
1747197894350 35.53333333333333 7
1747197894364 35.833333333333336 7
1747197894380 36.13333333333333 7
1747197894397 36.43333333333333 7
1747197894414 36.733333333333334 7
1747197894429 37.03333333333333 7
1747197894447 37.333333333333336 7
1747197894464 37.63333333333333 7
1747197894482 37.93333333333333 7
1747197894500 38.233333333333334 7
1747197894516 38.53333333333333 7
1747197894532 38.833333333333336 7
1747197894548 39.13333333333333 7
1747197894564 39.43333333333333 7
1747197894579 39.733333333333334 7
1747197894597 40.03333333333333 7
1747197894615 40.333333333333336 7
1747197894630 40.63333333333333 7
1747197894647 40.93333333333333 7
1747197894663 41.233333333333334 7
1747197894680 41.53333333333333 7
1747197894697 41.833333333333336 7
1747197894713 42.13333333333333 7
1747197894728 42.43333333333333 7
1747197894746 42.733333333333334 7
1747197894762 43.03333333333333 7
1747197894779 43.333333333333336 7
1747197894795 43.63333333333333 7
1747197894813 43.93333333333333 7
1747197894832 44.233333333333334 7
1747197894850 44.53333333333333 7
1747197894868 44.833333333333336 7
1747197894886 45.13333333333333 7
1747197894902 45.43333333333333 7
1747197894917 45.733333333333334 7
1747197894933 46.03333333333333 7
1747197894950 46.333333333333336 7
1747197894967 46.63333333333333 7
1747197894985 46.93333333333333 7
1747197895001 47.233333333333334 7
1747197895015 47.53333333333333 7
1747197895032 47.833333333333336 7
1747197895049 48.13333333333333 7
1747197895066 48.43333333333333 7
1747197895082 48.733333333333334 7
1747197895099 49.03333333333333 7
1747197895114 49.333333333333336 7
1747197895132 49.63333333333333 7
1747197895154 49.93333333333333 7
1747197895170 50.233333333333334 7
1747197895195 50.53333333333333 7
1747197895216 50.8 7
1747197895232 51.06666666666667 7
1747197895248 51.333333333333336 7
1747197895271 51.6 7
1747197895284 51.86666666666667 7
1747197895301 52.13333333333333 7
1747197895317 52.4 7
1747197895334 52.63333333333333 7
1747197895349 52.86666666666667 7
1747197895367 53.1 7
1747197895383 53.333333333333336 7
1747197895400 53.56666666666667 7
1747197895416 53.8 7
1747197895432 54.03333333333333 7
1747197895453 54.266666666666666 7
1747197895474 54.5 7
1747197895500 54.733333333333334 7
1747197895518 54.96666666666667 7
1747197895534 55.2 7
1747197895550 55.43333333333333 7
1747197895567 55.666666666666664 7
1747197895584 55.9 7
1747197895599 56.13333333333333 7
1747197895615 56.36666666666667 7
1747197895632 56.6 7
1747197895649 56.833333333333336 7
1747197895665 57.06666666666667 7
1747197895682 57.3 7
1747197895698 57.53333333333333 7
1747197895715 57.766666666666666 7
1747197895731 58.0 7
1747197895756 58.233333333333334 7
1747197895773 58.46666666666667 7
1747197895788 58.7 7
1747197895804 58.93333333333333 7
1747197895821 59.166666666666664 7
1747197895836 59.4 7
1747197895852 59.63333333333333 7
1747197895869 59.86666666666667 7
1747197895886 60.1 7
1747197895903 60.333333333333336 7
1747197895919 60.56666666666667 7
1747197895935 60.8 7
1747197895954 61.03333333333333 7
1747197895969 61.266666666666666 7
1747197895988 61.5 7
1747197896005 61.733333333333334 7
1747197896021 61.96666666666667 7
1747197896037 62.2 7
1747197896053 62.43333333333333 7
1747197896069 62.666666666666664 7
1747197896085 62.9 7
1747197896105 63.13333333333333 7
1747197896119 63.36666666666667 7
1747197896138 63.6 7
1747197896151 63.833333333333336 7
1747197896169 64.06666666666666 7
1747197896185 64.3 7
1747197896203 64.53333333333333 7
1747197896217 64.76666666666667 7
1747197896234 65.0 7
1747197896250 65.2 7
1747197896267 65.4 7
1747197896283 65.6 7
1747197896298 65.8 7
1747197896315 65.96666666666667 7
1747197896332 66.13333333333334 7
1747197896351 66.3 7
1747197896368 66.46666666666667 7
1747197896382 66.63333333333334 7
1747197896398 66.8 7
1747197896416 66.96666666666667 7
1747197896432 67.13333333333334 7
1747197896448 67.3 7
1747197896465 67.46666666666667 7
1747197896482 67.63333333333334 7
1747197896499 67.8 7
1747197896516 67.96666666666667 7
1747197896532 68.13333333333334 7
1747197896552 68.26666666666667 7
1747197896567 68.4 7
1747197896584 68.53333333333333 7
1747197896600 68.66666666666667 7
1747197896617 68.8 7
1747197896632 68.93333333333334 7
1747197896651 69.03333333333333 7
1747197896667 69.1 7
1747197896685 69.16666666666667 7
1747197896700 69.23333333333333 7
1747197896717 69.3 7
1747197896735 69.36666666666666 7
1747197896751 69.43333333333334 7
1747197896770 69.5 7
1747197896786 69.56666666666666 7
1747197896802 69.63333333333334 7
1747197896821 69.7 7
1747197896837 69.76666666666667 7
1747197896853 69.83333333333333 7
1747197896869 69.9 7
1747197896887 69.96666666666667 7
1747197896903 70.03333333333333 7
1747197896921 70.1 7
1747197896936 70.16666666666667 7
1747197896953 70.23333333333333 7
1747197896969 70.3 7
1747197896988 70.36666666666666 7
1747197897004 70.43333333333334 7
1747197897021 70.5 7
1747197897037 70.56666666666666 7
1747197897054 70.63333333333334 7
1747197897071 70.7 7
1747197897086 70.76666666666667 7
1747197897103 70.83333333333333 7
1747197897119 70.9 7
1747197897135 70.96666666666667 7
1747197897151 71.03333333333333 7
1747197897168 71.1 7
1747197897184 71.16666666666667 7
1747197897200 71.23333333333333 7
1747197897219 71.3 7
1747197897235 71.36666666666666 7
1747197897252 71.43333333333334 7
1747197897269 71.5 7
1747197897285 71.56666666666666 7
1747197897302 71.63333333333334 7
1747197897318 71.7 7
1747197897335 71.76666666666667 7
1747197897352 71.83333333333333 7
1747197897369 71.9 7
1747197897385 71.96666666666667 7
1747197897400 72.03333333333333 7
1747197897416 72.1 7
1747197897432 72.16666666666667 7
1747197897450 72.23333333333333 7
1747197897469 72.3 7
1747197897484 72.36666666666666 7
1747197897500 72.43333333333334 7
1747197897518 72.5 7
1747197897534 72.56666666666666 7
1747197897550 72.63333333333334 7
1747197897568 72.7 7
1747197897584 72.76666666666667 7
1747197897601 72.83333333333333 7
1747197897618 72.9 7
1747197897635 72.96666666666667 7
1747197897651 73.03333333333333 7
1747197897669 73.1 7
1747197897684 73.16666666666667 7
1747197897701 73.23333333333333 7
1747197897717 73.3 7
1747197897732 73.36666666666666 7
1747197897751 73.43333333333334 7
1747197897767 73.5 7
1747197897784 73.56666666666666 7
1747197897802 73.63333333333334 7
1747197897818 73.7 7
1747197897835 73.76666666666667 7
1747197897851 73.83333333333333 7
1747197897868 73.9 7
1747197897886 73.96666666666667 7
1747197897904 74.03333333333333 7
1747197897921 74.1 7
1747197897935 74.16666666666667 7
1747197897954 74.23333333333333 7
1747197897969 74.3 7
1747197897999 74.36666666666666 7
1747197898012 74.43333333333334 7
1747197898032 74.5 7
1747197898046 74.56666666666666 7
1747197898064 74.63333333333334 7
1747197898079 74.7 7
1747197898096 74.76666666666667 7
1747197898110 74.83333333333333 7
1747197898128 74.9 7
1747197898145 74.96666666666667 7
1747197898160 75.03333333333333 7
1747197898177 75.1 7
1747197898192 75.16666666666667 7
1747197898211 75.23333333333333 7
1747197898226 75.3 7
1747197898243 75.36666666666666 7
1747197898262 75.43333333333334 7
1747197898278 75.5 7
1747197898292 75.56666666666666 7
1747197898309 75.63333333333334 7
1747197898330 75.7 7
1747197898344 75.76666666666667 7
1747197898361 75.83333333333333 7
1747197898386 75.9 7
1747197898404 75.96666666666667 7
1747197898416 76.03333333333333 7
1747197898431 76.1 7
1747197898448 76.16666666666667 7
1747197898465 76.23333333333333 7
1747197898485 76.3 7
1747197898502 76.36666666666666 7
1747197898517 76.43333333333334 7
1747197898536 76.5 7
1747197898551 76.56666666666666 7
1747197898566 76.63333333333334 7
1747197898582 76.7 7
1747197898600 76.76666666666667 7
1747197898618 76.83333333333333 7
1747197898632 76.9 7
1747197898651 76.96666666666667 7
1747197898666 77.03333333333333 7
1747197898682 77.1 7
1747197898698 77.16666666666667 7
1747197898712 77.23333333333333 7
1747197898731 77.3 7
1747197898747 77.36666666666666 7
1747197898767 77.43333333333334 7
1747197898784 77.5 7
1747197898799 77.56666666666666 7
1747197898816 77.63333333333334 7
1747197898833 77.7 7
1747197898849 77.76666666666667 7
1747197898866 77.83333333333333 7
1747197898881 77.9 7
1747197898899 77.96666666666667 7
1747197898917 78.03333333333333 7
1747197898948 78.1 7
1747197898970 78.16666666666667 7
1747197898984 78.23333333333333 7
1747197899000 78.3 7
1747197899018 78.36666666666666 7
1747197899041 78.43333333333334 7
1747197899057 78.5 7
1747197899072 78.56666666666666 7
1747197899089 78.6 7
1747197899104 78.63333333333334 7
1747197899121 78.66666666666667 7
1747197899138 78.7 7
1747197899155 78.73333333333333 7
1747197899171 78.76666666666667 7
1747197899188 78.8 7
1747197899204 78.83333333333333 7
1747197899222 78.86666666666666 7
1747197899238 78.9 7
1747197899252 78.93333333333334 7
1747197899271 78.96666666666667 7
1747197899287 79.0 7
1747197899303 79.03333333333333 7
1747197899322 79.06666666666666 7
1747197899343 79.1 7
1747197899362 79.13333333333334 7
1747197899375 79.16666666666667 7
1747197899392 79.2 7
1747197899408 79.23333333333333 7
1747197899424 79.26666666666667 7
1747197899441 79.3 7
1747197899458 79.33333333333333 7
1747197899475 79.36666666666666 7
1747197899491 79.4 7
1747197899517 79.43333333333334 7
1747197899531 79.46666666666667 7
1747197899546 79.5 7
1747197899563 79.53333333333333 7
1747197899578 79.56666666666666 7
1747197899592 79.6 7
1747197899611 79.63333333333334 7
1747197899628 79.66666666666667 7
1747197899645 79.7 7
1747197899662 79.73333333333333 7
1747197899678 79.76666666666667 7
1747197899695 79.8 7
1747197899711 79.83333333333333 7
1747197899731 79.86666666666666 7
1747197899745 79.9 7
1747197899761 79.93333333333334 7
1747197899779 79.96666666666667 7
1747197899793 80.0 7
1747197899811 80.03333333333333 7
1747197899828 80.06666666666666 7
1747197899845 80.1 7
1747197899863 80.13333333333334 7
1747197899878 80.16666666666667 7
1747197899896 80.2 7
1747197899914 80.23333333333333 7
1747197899927 80.26666666666667 7
1747197899944 80.3 7
1747197899961 80.33333333333333 7
1747197899976 80.36666666666666 7
1747197899992 80.4 7
1747197900008 80.43333333333334 7
1747197900028 80.46666666666667 7
1747197900044 80.5 7
1747197900058 80.53333333333333 7
1747197900074 80.56666666666666 7
1747197900094 80.6 7
1747197900107 80.63333333333334 7
1747197900124 80.66666666666667 7
1747197900142 80.7 7
1747197900159 80.73333333333333 7
1747197900175 80.76666666666667 7
1747197900192 80.8 7
1747197900208 80.83333333333333 7
1747197900224 80.86666666666666 7
1747197900241 80.9 7
1747197900258 80.93333333333334 7
1747197900274 80.96666666666667 7
1747197900290 81.0 7
1747197900308 81.03333333333333 7
1747197900322 81.06666666666666 7
1747197900339 81.1 7
1747197900353 81.13333333333334 7
1747197900371 81.16666666666667 7
1747197900387 81.2 7
1747197900402 81.23333333333333 7
1747197900420 81.26666666666667 7
1747197900436 81.3 7
1747197900452 81.33333333333333 7
1747197900471 81.36666666666666 7
1747197900487 81.4 7
1747197900502 81.43333333333334 7
1747197900520 81.46666666666667 7
1747197900539 81.5 7
1747197900555 81.53333333333333 7
1747197900571 81.56666666666666 7
1747197900588 81.6 7
1747197900605 81.63333333333334 7
1747197900621 81.66666666666667 7
1747197900637 81.7 7
1747197900654 81.73333333333333 7
1747197900670 81.76666666666667 7
1747197900686 81.8 7
1747197900702 81.83333333333333 7
1747197900723 81.86666666666666 7
1747197900737 81.9 7
1747197900751 81.93333333333334 7
1747197900769 81.96666666666667 7
1747197900785 82.0 7
1747197900802 82.03333333333333 7
1747197900820 82.06666666666666 7
1747197900836 82.1 7
1747197900852 82.13333333333334 7
1747197900868 82.16666666666667 7
1747197900882 82.2 7
1747197900899 82.23333333333333 7
1747197900915 82.26666666666667 7
1747197900931 82.3 7
1747197900947 82.33333333333333 7
1747197900964 82.36666666666666 7
1747197900980 82.4 7
1747197900996 82.43333333333334 7
1747197901012 82.46666666666667 7
1747197901029 82.5 7
1747197901046 82.53333333333333 7
1747197901061 82.56666666666666 7
1747197901077 82.6 7
1747197901094 82.63333333333334 7
1747197901113 82.66666666666667 7
1747197901129 82.7 7
1747197901146 82.73333333333333 7
1747197901164 82.76666666666667 7
1747197901181 82.8 7
1747197901195 82.83333333333333 7
1747197901212 82.86666666666666 7
1747197901227 82.9 7
1747197901245 82.93333333333334 7
1747197901261 82.96666666666667 7
1747197901281 83.0 7
1747197901294 83.03333333333333 7
1747197901313 83.06666666666666 7
1747197901330 83.1 7
1747197901346 83.13333333333334 7
1747197901363 83.16666666666667 7
1747197901380 83.2 7
1747197901397 83.23333333333333 7
1747197901412 83.26666666666667 7
1747197901427 83.3 7
1747197901444 83.33333333333333 7
1747197901461 83.36666666666666 7
1747197901479 83.4 7
1747197901495 83.43333333333334 7
1747197901512 83.46666666666667 7
1747197901529 83.5 7
1747197901545 83.53333333333333 7
1747197901562 83.56666666666666 7
1747197901579 83.6 7
1747197901596 83.63333333333334 7
1747197901611 83.66666666666667 7
1747197901631 83.7 7
1747197901646 83.73333333333333 7
1747197901664 83.76666666666667 7
1747197901683 83.8 7
1747197901698 83.83333333333333 7
1747197901714 83.86666666666666 7
1747197901732 83.9 7
1747197901747 83.93333333333334 7
1747197901772 83.96666666666667 7
1747197901797 84.0 7
1747197901812 84.03333333333333 7
1747197901827 84.06666666666666 7
1747197901843 84.1 7
1747197901860 84.13333333333334 7
1747197901877 84.16666666666667 7
1747197901894 84.2 7
1747197901911 84.23333333333333 7
1747197901927 84.26666666666667 7
1747197901943 84.3 7
1747197901961 84.33333333333333 7
1747197901976 84.36666666666666 7
1747197901994 84.4 7
1747197902008 84.43333333333334 7
1747197902026 84.46666666666667 7
1747197902046 84.5 7
1747197902072 84.53333333333333 7
1747197902086 84.56666666666666 7
1747197902106 84.6 7
1747197902120 84.63333333333334 7
1747197902136 84.66666666666667 7
1747197902154 84.7 7
1747197902170 84.73333333333333 7
1747197902185 84.76666666666667 7
1747197902203 84.8 7
1747197902219 84.83333333333333 7
1747197902236 84.86666666666666 7
1747197902251 84.9 7
1747197902268 84.93333333333334 7
1747197902285 84.96666666666667 7
1747197902303 85.0 7
1747197902319 85.03333333333333 7
1747197902336 85.06666666666666 7
1747197902352 85.1 7
1747197902370 85.13333333333334 7
1747197902386 85.16666666666667 7
1747197902401 85.2 7
1747197902419 85.23333333333333 7
1747197902435 85.26666666666667 7
1747197902452 85.3 7
1747197902469 85.33333333333333 7
1747197902486 85.36666666666666 7
1747197902695 1.0 8
1747197902717 2.0 8
1747197902741 3.0 8
1747197902762 4.0 8
1747197902786 5.0 8
1747197902808 5.833333333333333 8
1747197902829 6.566666666666666 8
1747197902854 7.3 8
1747197902877 8.033333333333333 8
1747197902908 8.766666666666667 8
1747197902932 9.5 8
1747197902953 10.233333333333333 8
1747197902975 10.966666666666667 8
1747197902996 11.7 8
1747197903017 12.433333333333334 8
1747197903043 13.133333333333333 8
1747197903071 13.833333333333334 8
1747197903094 14.533333333333333 8
1747197903116 15.2 8
1747197903138 15.866666666666667 8
1747197903158 16.533333333333335 8
1747197903189 17.2 8
1747197903218 17.833333333333332 8
1747197903240 18.466666666666665 8
1747197903260 19.1 8
1747197903281 19.733333333333334 8
1747197903301 20.366666666666667 8
1747197903324 21.0 8
1747197903344 21.633333333333333 8
1747197903364 22.233333333333334 8
1747197903382 22.766666666666666 8
1747197903402 23.3 8
1747197903420 23.833333333333332 8
1747197903445 24.366666666666667 8
1747197903464 24.9 8
1747197903484 25.433333333333334 8
1747197903504 25.966666666666665 8
1747197903524 26.5 8
1747197903544 27.033333333333335 8
1747197903564 27.566666666666666 8
1747197903583 28.1 8
1747197903602 28.633333333333333 8
1747197903622 29.166666666666668 8
1747197903641 29.7 8
1747197903663 30.233333333333334 8
1747197903684 30.766666666666666 8
1747197903704 31.3 8
1747197903722 31.833333333333332 8
1747197903741 32.333333333333336 8
1747197903760 32.833333333333336 8
1747197903779 33.333333333333336 8
1747197903798 33.8 8
1747197903818 34.266666666666666 8
1747197903835 34.7 8
1747197903852 35.13333333333333 8
1747197903869 35.56666666666667 8
1747197903886 36.0 8
1747197903903 36.43333333333333 8
1747197903920 36.86666666666667 8
1747197903937 37.3 8
1747197903954 37.733333333333334 8
1747197903977 38.166666666666664 8
1747197904000 38.6 8
1747197904072 39.03333333333333 8
1747197904102 39.43333333333333 8
1747197904122 39.833333333333336 8
1747197904141 40.2 8
1747197904160 40.56666666666667 8
1747197904178 40.9 8
1747197904195 41.233333333333334 8
1747197904212 41.56666666666667 8
1747197904228 41.9 8
1747197904246 42.233333333333334 8
1747197904262 42.56666666666667 8
1747197904279 42.9 8
1747197904296 43.233333333333334 8
1747197904313 43.56666666666667 8
1747197904329 43.9 8
1747197904346 44.233333333333334 8
1747197904363 44.56666666666667 8
1747197904380 44.9 8
1747197904396 45.233333333333334 8
1747197904412 45.56666666666667 8
1747197904428 45.9 8
1747197904445 46.233333333333334 8
1747197904461 46.56666666666667 8
1747197904478 46.9 8
1747197904494 47.233333333333334 8
1747197904511 47.56666666666667 8
1747197904528 47.9 8
1747197904544 48.233333333333334 8
1747197904561 48.56666666666667 8
1747197904579 48.9 8
1747197904594 49.233333333333334 8
1747197904612 49.56666666666667 8
1747197904628 49.9 8
1747197904645 50.233333333333334 8
1747197904662 50.56666666666667 8
1747197904681 50.9 8
1747197904699 51.233333333333334 8
1747197904717 51.56666666666667 8
1747197904734 51.9 8
1747197904751 52.233333333333334 8
1747197904767 52.56666666666667 8
1747197904795 52.9 8
1747197904813 53.233333333333334 8
1747197904829 53.56666666666667 8
1747197904845 53.9 8
1747197904862 54.233333333333334 8
1747197904878 54.56666666666667 8
1747197904896 54.9 8
1747197904912 55.233333333333334 8
1747197904928 55.56666666666667 8
1747197904945 55.9 8
1747197904961 56.233333333333334 8
1747197904978 56.56666666666667 8
1747197904992 56.9 8
1747197905009 57.233333333333334 8
1747197905026 57.56666666666667 8
1747197905042 57.9 8
1747197905059 58.233333333333334 8
1747197905075 58.56666666666667 8
1747197905091 58.9 8
1747197905106 59.233333333333334 8
1747197905124 59.56666666666667 8
1747197905139 59.86666666666667 8
1747197905155 60.166666666666664 8
1747197905172 60.46666666666667 8
1747197905189 60.766666666666666 8
1747197905206 61.06666666666667 8
1747197905223 61.36666666666667 8
1747197905239 61.666666666666664 8
1747197905257 61.96666666666667 8
1747197905274 62.266666666666666 8
1747197905291 62.56666666666667 8
1747197905308 62.86666666666667 8
1747197905325 63.166666666666664 8
1747197905341 63.46666666666667 8
1747197905358 63.766666666666666 8
1747197905373 64.06666666666666 8
1747197905390 64.36666666666666 8
1747197905407 64.66666666666667 8
1747197905423 64.96666666666667 8
1747197905441 65.26666666666667 8
1747197905456 65.56666666666666 8
1747197905474 65.86666666666666 8
1747197905490 66.16666666666667 8
1747197905507 66.46666666666667 8
1747197905524 66.76666666666667 8
1747197905540 67.06666666666666 8
1747197905556 67.36666666666666 8
1747197905572 67.66666666666667 8
1747197905589 67.96666666666667 8
1747197905605 68.26666666666667 8
1747197905621 68.56666666666666 8
1747197905638 68.86666666666666 8
1747197905655 69.16666666666667 8
1747197905672 69.46666666666667 8
1747197905687 69.76666666666667 8
1747197905704 70.06666666666666 8
1747197905720 70.36666666666666 8
1747197905737 70.66666666666667 8
1747197905752 70.96666666666667 8
1747197905770 71.26666666666667 8
1747197905785 71.56666666666666 8
1747197905802 71.86666666666666 8
1747197905818 72.16666666666667 8
1747197905834 72.43333333333334 8
1747197905851 72.7 8
1747197905867 72.96666666666667 8
1747197905884 73.23333333333333 8
1747197905902 73.5 8
1747197905917 73.76666666666667 8
1747197905934 74.03333333333333 8
1747197905950 74.3 8
1747197905969 74.56666666666666 8
1747197905984 74.83333333333333 8
1747197906001 75.1 8
1747197906017 75.36666666666666 8
1747197906033 75.63333333333334 8
1747197906051 75.9 8
1747197906068 76.16666666666667 8
1747197906084 76.43333333333334 8
1747197906101 76.7 8
1747197906117 76.96666666666667 8
1747197906134 77.23333333333333 8
1747197906162 77.5 8
1747197906176 77.76666666666667 8
1747197906193 78.03333333333333 8
1747197906210 78.3 8
1747197906226 78.56666666666666 8
1747197906242 78.83333333333333 8
1747197906259 79.1 8
1747197906276 79.36666666666666 8
1747197906292 79.63333333333334 8
1747197906309 79.9 8
1747197906325 80.16666666666667 8
1747197906342 80.43333333333334 8
1747197906359 80.7 8
1747197906377 80.96666666666667 8
1747197906393 81.23333333333333 8
1747197906409 81.5 8
1747197906426 81.76666666666667 8
1747197906442 82.03333333333333 8
1747197906459 82.3 8
1747197906476 82.56666666666666 8
1747197906494 82.83333333333333 8
1747197906510 83.1 8
1747197906526 83.36666666666666 8
1747197906541 83.63333333333334 8
1747197906559 83.9 8
1747197906575 84.16666666666667 8
1747197906592 84.43333333333334 8
1747197906607 84.7 8
1747197906624 84.96666666666667 8
1747197906639 85.23333333333333 8
1747197906658 85.5 8
1747197906674 85.73333333333333 8
1747197906690 85.96666666666667 8
1747197906705 86.2 8
1747197906723 86.4 8
1747197906738 86.6 8
1747197906754 86.8 8
1747197906771 87.0 8
1747197906788 87.2 8
1747197906804 87.4 8
1747197906821 87.6 8
1747197906837 87.8 8
1747197906855 88.0 8
1747197906870 88.2 8
1747197906887 88.4 8
1747197906904 88.6 8
1747197906921 88.8 8
1747197906940 89.0 8
1747197906956 89.2 8
1747197906972 89.4 8
1747197906988 89.6 8
1747197907004 89.8 8
1747197907019 90.0 8
1747197907035 90.2 8
1747197907052 90.4 8
1747197907069 90.6 8
1747197907087 90.8 8
1747197907102 91.0 8
1747197907119 91.2 8
1747197907134 91.4 8
1747197907151 91.6 8
1747197907169 91.8 8
1747197907184 92.0 8
1747197907200 92.2 8
1747197907216 92.4 8
1747197907233 92.6 8
1747197907249 92.8 8
1747197907267 93.0 8
1747197907282 93.2 8
1747197907300 93.4 8
1747197907315 93.6 8
1747197907332 93.8 8
1747197907349 94.0 8
1747197907366 94.2 8
1747197907384 94.4 8
1747197907399 94.6 8
1747197907415 94.8 8
1747197907431 95.0 8
1747197907448 95.2 8
1747197907464 95.4 8
1747197907480 95.6 8
1747197907497 95.8 8
1747197907512 96.0 8
1747197907533 96.2 8
1747197907547 96.4 8
1747197907564 96.6 8
1747197907581 96.8 8
1747197907598 97.0 8
1747197907615 97.2 8
1747197907631 97.4 8
1747197907647 97.6 8
1747197907664 97.8 8
1747197907680 98.0 8
1747197907698 98.2 8
1747197907712 98.4 8
1747197907730 98.6 8
1747197907747 98.8 8
1747197907762 99.0 8
1747197907779 99.2 8
1747197907799 99.4 8
1747197907815 99.6 8
1747197907831 99.8 8
1747197907847 100.0 8
1747197907864 100.2 8
1747197907879 100.4 8
1747197907896 100.6 8
1747197907912 100.8 8
1747197907930 101.0 8
1747197907946 101.2 8
1747197907962 101.4 8
1747197907980 101.6 8
1747197907996 101.8 8
1747197908012 102.0 8
1747197908030 102.2 8
1747197908046 102.4 8
1747197908062 102.6 8
1747197908079 102.8 8
1747197908096 103.0 8
1747197908112 103.2 8
1747197908128 103.4 8
1747197908146 103.6 8
1747197908163 103.8 8
1747197908178 104.0 8
1747197908194 104.2 8
1747197908211 104.4 8
1747197908228 104.6 8
1747197908245 104.8 8
1747197908261 105.0 8
1747197908277 105.2 8
1747197908294 105.4 8
1747197908310 105.6 8
1747197908327 105.8 8
1747197908344 106.0 8
1747197908361 106.2 8
1747197908377 106.4 8
1747197908394 106.6 8
1747197908411 106.8 8
1747197908427 107.0 8
1747197908442 107.2 8
1747197908461 107.4 8
1747197908478 107.6 8
1747197908495 107.8 8
1747197908514 108.0 8
1747197908529 108.2 8
1747197908546 108.4 8
1747197908562 108.6 8
1747197908579 108.8 8
1747197908596 109.0 8
1747197908612 109.2 8
1747197908630 109.4 8
1747197908647 109.6 8
1747197908664 109.8 8
1747197908681 110.0 8
1747197908697 110.2 8
1747197908714 110.4 8
1747197908730 110.6 8
1747197908746 110.8 8
1747197908762 111.0 8
1747197908781 111.2 8
1747197908797 111.4 8
1747197908814 111.6 8
1747197908831 111.8 8
1747197908848 112.0 8
1747197908865 112.2 8
1747197908881 112.4 8
1747197908904 112.6 8
1747197908921 112.8 8
1747197908938 113.0 8
1747197908954 113.2 8
1747197908971 113.4 8
1747197908987 113.6 8
1747197909004 113.8 8
1747197909019 114.0 8
1747197909036 114.2 8
1747197909053 114.4 8
1747197909069 114.6 8
1747197909086 114.76666666666667 8
1747197909102 114.9 8
1747197909118 115.03333333333333 8
1747197909134 115.16666666666667 8
1747197909151 115.3 8
1747197909168 115.43333333333334 8
1747197909184 115.56666666666666 8
1747197909201 115.7 8
1747197909218 115.83333333333333 8
1747197909234 115.96666666666667 8
1747197909251 116.1 8
1747197909267 116.23333333333333 8
1747197909284 116.36666666666666 8
1747197909301 116.5 8
1747197909317 116.63333333333334 8
1747197909334 116.73333333333333 8
1747197909350 116.83333333333333 8
1747197909367 116.93333333333334 8
1747197909382 117.03333333333333 8
1747197909399 117.13333333333334 8
1747197909415 117.23333333333333 8
1747197909432 117.33333333333333 8
1747197909449 117.43333333333334 8
1747197909467 117.53333333333333 8
1747197909482 117.63333333333334 8
1747197909498 117.73333333333333 8
1747197909515 117.83333333333333 8
1747197909532 117.93333333333334 8
1747197909550 118.03333333333333 8
1747197909567 118.13333333333334 8
1747197909582 118.23333333333333 8
1747197909599 118.33333333333333 8
1747197909614 118.43333333333334 8
1747197909631 118.53333333333333 8
1747197909648 118.63333333333334 8
1747197909666 118.73333333333333 8
1747197909681 118.83333333333333 8
1747197909697 118.93333333333334 8
1747197909712 119.03333333333333 8
1747197909730 119.13333333333334 8
1747197909747 119.23333333333333 8
1747197909764 119.33333333333333 8
1747197909782 119.43333333333334 8
1747197909797 119.53333333333333 8
1747197909813 119.63333333333334 8
1747197909830 119.73333333333333 8
1747197909847 119.83333333333333 8
1747197909863 119.93333333333334 8
1747197909879 120.03333333333333 8
1747197909896 120.13333333333334 8
1747197909912 120.23333333333333 8
1747197909928 120.33333333333333 8
1747197909944 120.43333333333334 8
1747197909961 120.53333333333333 8
1747197909978 120.63333333333334 8
1747197909995 120.73333333333333 8
1747197910011 120.83333333333333 8
1747197910028 120.93333333333334 8
1747197910044 121.03333333333333 8
1747197910060 121.13333333333334 8
1747197910076 121.23333333333333 8
1747197910094 121.33333333333333 8
1747197910110 121.43333333333334 8
1747197910128 121.5 8
1747197910143 121.56666666666666 8
1747197910158 121.63333333333334 8
1747197910174 121.7 8
1747197910191 121.76666666666667 8
1747197910207 121.83333333333333 8
1747197910222 121.9 8
1747197910250 121.96666666666667 8
1747197910264 122.03333333333333 8
1747197910281 122.1 8
1747197910296 122.16666666666667 8
1747197910312 122.23333333333333 8
1747197910329 122.3 8
1747197910346 122.36666666666666 8
1747197910362 122.43333333333334 8
1747197910379 122.5 8
1747197910395 122.56666666666666 8
1747197910411 122.63333333333334 8
1747197910429 122.7 8
1747197910446 122.76666666666667 8
1747197910460 122.83333333333333 8
1747197910477 122.9 8
1747197910495 122.96666666666667 8
1747197910511 123.03333333333333 8
1747197910529 123.1 8
1747197910546 123.16666666666667 8
1747197910562 123.23333333333333 8
1747197910578 123.3 8
1747197910594 123.36666666666666 8
1747197910610 123.43333333333334 8
1747197910627 123.5 8
1747197910644 123.56666666666666 8
1747197910661 123.63333333333334 8
1747197910677 123.7 8
1747197910694 123.76666666666667 8
1747197910712 123.83333333333333 8
1747197910728 123.9 8
1747197910744 123.96666666666667 8
1747197910759 124.03333333333333 8
1747197910776 124.1 8
1747197910791 124.16666666666667 8
1747197910811 124.23333333333333 8
1747197910830 124.3 8
1747197910852 124.36666666666666 8
1747197910867 124.43333333333334 8
1747197910883 124.5 8
1747197910899 124.56666666666666 8
1747197910916 124.63333333333334 8
1747197910933 124.7 8
1747197910948 124.76666666666667 8
1747197910965 124.83333333333333 8
1747197910981 124.9 8
1747197910998 124.96666666666667 8
1747197911015 125.03333333333333 8
1747197911033 125.1 8
1747197911049 125.16666666666667 8
1747197911064 125.23333333333333 8
1747197911080 125.3 8
1747197911096 125.36666666666666 8
1747197911113 125.43333333333334 8
1747197911130 125.5 8
1747197911148 125.56666666666666 8
1747197911164 125.63333333333334 8
1747197911178 125.7 8
1747197911194 125.76666666666667 8
1747197911210 125.83333333333333 8
1747197911228 125.9 8
1747197911244 125.96666666666667 8
1747197911259 126.03333333333333 8
1747197911275 126.1 8
1747197911293 126.16666666666667 8
1747197911309 126.23333333333333 8
1747197911326 126.3 8
1747197911342 126.36666666666666 8
1747197911358 126.43333333333334 8
1747197911376 126.5 8
1747197911391 126.56666666666666 8
1747197911407 126.63333333333334 8
1747197911424 126.7 8
1747197911441 126.76666666666667 8
1747197911457 126.83333333333333 8
1747197911472 126.9 8
1747197911489 126.96666666666667 8
1747197911505 127.03333333333333 8
1747197911522 127.1 8
1747197911538 127.16666666666667 8
1747197911554 127.23333333333333 8
1747197911571 127.3 8
1747197911588 127.36666666666666 8
1747197911606 127.43333333333334 8
1747197911622 127.5 8
1747197911639 127.56666666666666 8
1747197911655 127.63333333333334 8
1747197911671 127.7 8
1747197911688 127.76666666666667 8
1747197911705 127.83333333333333 8
1747197911721 127.9 8
1747197911739 127.96666666666667 8
1747197911754 128.03333333333333 8
1747197911771 128.1 8
1747197911787 128.16666666666666 8
1747197911803 128.23333333333332 8
1747197911821 128.3 8
1747197911838 128.36666666666667 8
1747197911854 128.43333333333334 8
1747197911870 128.5 8
1747197911887 128.56666666666666 8
1747197911903 128.63333333333333 8
1747197911920 128.7 8
1747197911936 128.76666666666668 8
1747197911954 128.83333333333334 8
1747197911970 128.9 8
1747197911986 128.96666666666667 8
1747197912002 129.03333333333333 8
1747197912019 129.1 8
1747197912034 129.16666666666666 8
1747197912050 129.23333333333332 8
1747197912068 129.3 8
1747197912084 129.36666666666667 8
1747197912101 129.43333333333334 8
1747197912118 129.5 8
1747197912135 129.56666666666666 8
1747197912152 129.63333333333333 8
1747197912168 129.7 8
1747197912184 129.76666666666668 8
1747197912201 129.83333333333334 8
1747197912217 129.9 8
1747197912235 129.96666666666667 8
1747197912252 130.03333333333333 8
1747197912268 130.1 8
1747197912285 130.16666666666666 8
1747197912302 130.23333333333332 8
1747197912319 130.3 8
1747197912336 130.36666666666667 8
1747197912351 130.43333333333334 8
1747197912369 130.5 8
1747197912385 130.56666666666666 8
1747197912401 130.63333333333333 8
1747197912418 130.7 8
1747197912434 130.76666666666668 8
1747197912450 130.83333333333334 8
1747197912467 130.9 8
1747197912722 1.0 9
1747197912747 2.0 9
1747197912772 3.0 9
1747197912796 4.0 9
1747197912821 4.966666666666667 9
1747197912843 5.933333333333334 9
1747197912868 6.833333333333333 9
1747197912892 7.733333333333333 9
1747197912916 8.6 9
1747197912938 9.433333333333334 9
1747197912961 10.266666666666667 9
1747197912989 11.1 9
1747197913013 11.933333333333334 9
1747197913040 12.766666666666667 9
1747197913066 13.6 9
1747197913090 14.433333333333334 9
1747197913118 15.233333333333333 9
1747197913146 16.033333333333335 9
1747197913171 16.833333333333332 9
1747197913196 17.633333333333333 9
1747197913218 18.4 9
1747197913240 19.1 9
1747197913264 19.8 9
1747197913288 20.5 9
1747197913311 21.2 9
1747197913333 21.866666666666667 9
1747197913354 22.533333333333335 9
1747197913376 23.166666666666668 9
1747197913398 23.8 9
1747197913419 24.433333333333334 9
1747197913439 25.033333333333335 9
1747197913461 25.633333333333333 9
1747197913483 26.233333333333334 9
1747197913505 26.833333333333332 9
1747197913527 27.433333333333334 9
1747197913548 28.0 9
1747197913568 28.566666666666666 9
1747197913589 29.1 9
1747197913609 29.633333333333333 9
1747197913630 30.166666666666668 9
1747197913651 30.7 9
1747197913671 31.233333333333334 9
1747197913692 31.766666666666666 9
1747197913715 32.3 9
1747197913735 32.833333333333336 9
1747197913757 33.36666666666667 9
1747197913778 33.9 9
1747197913800 34.43333333333333 9
1747197913824 34.96666666666667 9
1747197913846 35.5 9
1747197913866 36.03333333333333 9
1747197913884 36.53333333333333 9
1747197913904 37.03333333333333 9
1747197913924 37.5 9
1747197913942 37.96666666666667 9
1747197913963 38.43333333333333 9
1747197913992 38.9 9
1747197914011 39.36666666666667 9
1747197914030 39.833333333333336 9
1747197914050 40.3 9
1747197914068 40.766666666666666 9
1747197914086 41.2 9
1747197914104 41.63333333333333 9
1747197914121 42.06666666666667 9
1747197914140 42.5 9
1747197914159 42.93333333333333 9
1747197914175 43.36666666666667 9
1747197914192 43.8 9
1747197914210 44.233333333333334 9
1747197914228 44.666666666666664 9
1747197914247 45.1 9
1747197914265 45.53333333333333 9
1747197914282 45.96666666666667 9
1747197914302 46.4 9
1747197914322 46.833333333333336 9
1747197914349 47.266666666666666 9
1747197914368 47.7 9
1747197914385 48.13333333333333 9
1747197914407 48.56666666666667 9
1747197914426 49.0 9
1747197914447 49.43333333333333 9
1747197914464 49.86666666666667 9
1747197914483 50.3 9
1747197914503 50.733333333333334 9
1747197914521 51.166666666666664 9
1747197914539 51.6 9
1747197914557 52.03333333333333 9
1747197914575 52.46666666666667 9
1747197914592 52.9 9
1747197914610 53.333333333333336 9
1747197914629 53.766666666666666 9
1747197914648 54.2 9
1747197914668 54.63333333333333 9
1747197914687 55.06666666666667 9
1747197914705 55.5 9
1747197914723 55.93333333333333 9
1747197914741 56.36666666666667 9
1747197914758 56.8 9
1747197914775 57.233333333333334 9
1747197914792 57.666666666666664 9
1747197914809 58.1 9
1747197914827 58.53333333333333 9
1747197914846 58.96666666666667 9
1747197914865 59.4 9
1747197914882 59.833333333333336 9
1747197914901 60.266666666666666 9
1747197914919 60.7 9
1747197914938 61.13333333333333 9
1747197914957 61.56666666666667 9
1747197914976 62.0 9
1747197914994 62.43333333333333 9
1747197915012 62.86666666666667 9
1747197915031 63.3 9
1747197915049 63.733333333333334 9
1747197915067 64.16666666666667 9
1747197915084 64.6 9
1747197915103 65.03333333333333 9
1747197915120 65.46666666666667 9
1747197915138 65.9 9
1747197915157 66.33333333333333 9
1747197915175 66.76666666666667 9
1747197915192 67.2 9
1747197915210 67.63333333333334 9
1747197915227 68.06666666666666 9
1747197915246 68.5 9
1747197915264 68.93333333333334 9
1747197915280 69.36666666666666 9
1747197915299 69.8 9
1747197915317 70.23333333333333 9
1747197915336 70.66666666666667 9
1747197915353 71.1 9
1747197915372 71.53333333333333 9
1747197915389 71.96666666666667 9
1747197915409 72.4 9
1747197915426 72.83333333333333 9
1747197915444 73.26666666666667 9
1747197915461 73.7 9
1747197915480 74.13333333333334 9
1747197915495 74.56666666666666 9
1747197915513 75.0 9
1747197915530 75.43333333333334 9
1747197915547 75.86666666666666 9
1747197915564 76.3 9
1747197915581 76.73333333333333 9
1747197915598 77.16666666666667 9
1747197915614 77.6 9
1747197915632 78.03333333333333 9
1747197915649 78.46666666666667 9
1747197915667 78.9 9
1747197915685 79.33333333333333 9
1747197915713 79.76666666666667 9
1747197915731 80.2 9
1747197915749 80.63333333333334 9
1747197915769 81.06666666666666 9
1747197915789 81.5 9
1747197915809 81.93333333333334 9
1747197915830 82.36666666666666 9
1747197915848 82.8 9
1747197915869 83.23333333333333 9
1747197915887 83.63333333333334 9
1747197915907 84.03333333333333 9
1747197915924 84.43333333333334 9
1747197915942 84.83333333333333 9
1747197915960 85.23333333333333 9
1747197915977 85.63333333333334 9
1747197915995 86.03333333333333 9
1747197916012 86.4 9
1747197916030 86.76666666666667 9
1747197916048 87.13333333333334 9
1747197916066 87.5 9
1747197916084 87.86666666666666 9
1747197916101 88.23333333333333 9
1747197916120 88.6 9
1747197916138 88.96666666666667 9
1747197916165 89.33333333333333 9
1747197916182 89.7 9
1747197916200 90.06666666666666 9
1747197916218 90.43333333333334 9
1747197916236 90.8 9
1747197916255 91.16666666666667 9
1747197916272 91.53333333333333 9
1747197916289 91.9 9
1747197916307 92.26666666666667 9
1747197916322 92.63333333333334 9
1747197916341 93.0 9
1747197916358 93.36666666666666 9
1747197916375 93.73333333333333 9
1747197916392 94.1 9
1747197916410 94.46666666666667 9
1747197916426 94.83333333333333 9
1747197916443 95.2 9
1747197916459 95.56666666666666 9
1747197916475 95.93333333333334 9
1747197916492 96.3 9
1747197916509 96.66666666666667 9
1747197916525 97.03333333333333 9
1747197916542 97.4 9
1747197916559 97.76666666666667 9
1747197916576 98.13333333333334 9
1747197916592 98.5 9
1747197916609 98.86666666666666 9
1747197916627 99.23333333333333 9
1747197916644 99.6 9
1747197916662 99.96666666666667 9
1747197916678 100.33333333333333 9
1747197916694 100.7 9
1747197916710 101.06666666666666 9
1747197916727 101.43333333333334 9
1747197916742 101.8 9
1747197916758 102.16666666666667 9
1747197916774 102.53333333333333 9
1747197916790 102.86666666666666 9
1747197916807 103.2 9
1747197916824 103.53333333333333 9
1747197916844 103.86666666666666 9
1747197916862 104.2 9
1747197916879 104.53333333333333 9
1747197916897 104.86666666666666 9
1747197916912 105.2 9
1747197916929 105.53333333333333 9
1747197916946 105.86666666666666 9
1747197916962 106.2 9
1747197916979 106.53333333333333 9
1747197916996 106.86666666666666 9
1747197917013 107.2 9
1747197917030 107.53333333333333 9
1747197917047 107.86666666666666 9
1747197917065 108.16666666666667 9
1747197917080 108.46666666666667 9
1747197917096 108.76666666666667 9
1747197917112 109.03333333333333 9
1747197917129 109.3 9
1747197917147 109.56666666666666 9
1747197917162 109.83333333333333 9
1747197917179 110.1 9
1747197917195 110.36666666666666 9
1747197917210 110.63333333333334 9
1747197917227 110.9 9
1747197917243 111.16666666666667 9
1747197917258 111.43333333333334 9
1747197917274 111.7 9
1747197917291 111.96666666666667 9
1747197917308 112.23333333333333 9
1747197917324 112.5 9
1747197917342 112.76666666666667 9
1747197917358 113.03333333333333 9
1747197917374 113.3 9
1747197917391 113.56666666666666 9
1747197917407 113.83333333333333 9
1747197917424 114.1 9
1747197917439 114.33333333333333 9
1747197917456 114.56666666666666 9
1747197917472 114.8 9
1747197917489 115.03333333333333 9
1747197917506 115.26666666666667 9
1747197917522 115.5 9
1747197917538 115.73333333333333 9
1747197917554 115.96666666666667 9
1747197917571 116.2 9
1747197917588 116.43333333333334 9
1747197917605 116.66666666666667 9
1747197917621 116.9 9
1747197917637 117.13333333333334 9
1747197917654 117.36666666666666 9
1747197917670 117.6 9
1747197917686 117.83333333333333 9
1747197917704 118.06666666666666 9
1747197917722 118.3 9
1747197917738 118.53333333333333 9
1747197917754 118.76666666666667 9
1747197917771 119.0 9
1747197917787 119.23333333333333 9
1747197917804 119.46666666666667 9
1747197917821 119.7 9
1747197917838 119.93333333333334 9
1747197917855 120.16666666666667 9
1747197917871 120.4 9
1747197917889 120.63333333333334 9
1747197917905 120.86666666666666 9
1747197917923 121.1 9
1747197917941 121.33333333333333 9
1747197917957 121.56666666666666 9
1747197917986 121.8 9
1747197918035 122.03333333333333 9
1747197918064 122.26666666666667 9
1747197918087 122.5 9
1747197918110 122.73333333333333 9
1747197918132 122.96666666666667 9
1747197918152 123.2 9
1747197918176 123.43333333333334 9
1747197918215 123.66666666666667 9
1747197918243 123.9 9
1747197918271 124.13333333333334 9
1747197918286 124.36666666666666 9
1747197918304 124.6 9
1747197918339 124.83333333333333 9
1747197918363 125.06666666666666 9
1747197918377 125.3 9
1747197918392 125.53333333333333 9
1747197918409 125.76666666666667 9
1747197918425 126.0 9
1747197918441 126.23333333333333 9
1747197918459 126.46666666666667 9
1747197918475 126.7 9
1747197918492 126.93333333333334 9
1747197918509 127.16666666666667 9
1747197918531 127.4 9
1747197918548 127.63333333333334 9
1747197918564 127.86666666666666 9
1747197918579 128.1 9
1747197918595 128.33333333333334 9
1747197918613 128.56666666666666 9
1747197918630 128.8 9
1747197918647 129.03333333333333 9
1747197918664 129.26666666666668 9
1747197918680 129.5 9
1747197918696 129.73333333333332 9
1747197918713 129.96666666666667 9
1747197918730 130.2 9
1747197918747 130.43333333333334 9
1747197918765 130.66666666666666 9
1747197918781 130.9 9
1747197918796 131.13333333333333 9
1747197918813 131.36666666666667 9
1747197918829 131.6 9
1747197918847 131.83333333333334 9
1747197918863 132.06666666666666 9
1747197918882 132.3 9
1747197918898 132.53333333333333 9
1747197918915 132.76666666666668 9
1747197918931 133.0 9
1747197918949 133.23333333333332 9
1747197918967 133.46666666666667 9
1747197918984 133.7 9
1747197919001 133.93333333333334 9
1747197919017 134.16666666666666 9
1747197919033 134.4 9
1747197919051 134.63333333333333 9
1747197919067 134.86666666666667 9
1747197919082 135.1 9
1747197919101 135.33333333333334 9
1747197919118 135.56666666666666 9
1747197919142 135.8 9
1747197919155 136.03333333333333 9
1747197919172 136.26666666666668 9
1747197919188 136.5 9
1747197919202 136.73333333333332 9
1747197919220 136.96666666666667 9
1747197919238 137.2 9
1747197919252 137.43333333333334 9
1747197919270 137.66666666666666 9
1747197919288 137.9 9
1747197919305 138.13333333333333 9
1747197919324 138.36666666666667 9
1747197919337 138.6 9
1747197919352 138.83333333333334 9
1747197919371 139.06666666666666 9
1747197919388 139.3 9
1747197919404 139.53333333333333 9
1747197919420 139.76666666666668 9
1747197919436 140.0 9
1747197919453 140.23333333333332 9
1747197919469 140.46666666666667 9
1747197919485 140.7 9
1747197919502 140.93333333333334 9
1747197919520 141.16666666666666 9
1747197919536 141.4 9
1747197919554 141.63333333333333 9
1747197919571 141.86666666666667 9
1747197919586 142.1 9
1747197919604 142.33333333333334 9
1747197919620 142.56666666666666 9
1747197919638 142.8 9
1747197919654 143.03333333333333 9
1747197919672 143.26666666666668 9
1747197919689 143.5 9
1747197919707 143.73333333333332 9
1747197919726 143.96666666666667 9
1747197919741 144.2 9
1747197919757 144.43333333333334 9
1747197919774 144.66666666666666 9
1747197919798 144.9 9
1747197919810 145.13333333333333 9
1747197919826 145.36666666666667 9
1747197919845 145.6 9
1747197919861 145.83333333333334 9
1747197919877 146.06666666666666 9
1747197919892 146.3 9
1747197919908 146.53333333333333 9
1747197919925 146.76666666666668 9
1747197919942 147.0 9
1747197919959 147.23333333333332 9
1747197919975 147.46666666666667 9
1747197919991 147.7 9
1747197920008 147.93333333333334 9
1747197920024 148.16666666666666 9
1747197920040 148.4 9
1747197920056 148.63333333333333 9
1747197920076 148.86666666666667 9
1747197920099 149.1 9
1747197920123 149.33333333333334 9
1747197920142 149.56666666666666 9
1747197920159 149.8 9
1747197920175 150.03333333333333 9
1747197920191 150.26666666666668 9
1747197920208 150.5 9
1747197920226 150.73333333333332 9
1747197920240 150.96666666666667 9
1747197920257 151.2 9
1747197920274 151.43333333333334 9
1747197920292 151.66666666666666 9
1747197920314 151.9 9
1747197920336 152.13333333333333 9
1747197920351 152.36666666666667 9
1747197920367 152.6 9
1747197920383 152.83333333333334 9
1747197920402 153.06666666666666 9
1747197920418 153.3 9
1747197920435 153.53333333333333 9
1747197920451 153.76666666666668 9
1747197920468 154.0 9
1747197920485 154.23333333333332 9
1747197920501 154.46666666666667 9
1747197920518 154.7 9
1747197920535 154.93333333333334 9
1747197920552 155.13333333333333 9
1747197920567 155.33333333333334 9
1747197920584 155.53333333333333 9
1747197920601 155.73333333333332 9
1747197920618 155.93333333333334 9
1747197920635 156.13333333333333 9
1747197920654 156.33333333333334 9
1747197920668 156.53333333333333 9
1747197920684 156.73333333333332 9
1747197920702 156.93333333333334 9
1747197920717 157.13333333333333 9
1747197920734 157.33333333333334 9
1747197920751 157.53333333333333 9
1747197920767 157.73333333333332 9
1747197920786 157.93333333333334 9
1747197920803 158.13333333333333 9
1747197920820 158.33333333333334 9
1747197920835 158.53333333333333 9
1747197920851 158.73333333333332 9
1747197920869 158.93333333333334 9
1747197920883 159.13333333333333 9
1747197920900 159.33333333333334 9
1747197920916 159.53333333333333 9
1747197920932 159.73333333333332 9
1747197920949 159.93333333333334 9
1747197920966 160.13333333333333 9
1747197920982 160.33333333333334 9
1747197920999 160.53333333333333 9
1747197921015 160.73333333333332 9
1747197921033 160.93333333333334 9
1747197921056 161.13333333333333 9
1747197921075 161.33333333333334 9
1747197921098 161.53333333333333 9
1747197921117 161.73333333333332 9
1747197921136 161.93333333333334 9
1747197921163 162.13333333333333 9
1747197921180 162.33333333333334 9
1747197921200 162.53333333333333 9
1747197921218 162.73333333333332 9
1747197921236 162.93333333333334 9
1747197921252 163.13333333333333 9
1747197921271 163.33333333333334 9
1747197921291 163.53333333333333 9
1747197921308 163.73333333333332 9
1747197921326 163.93333333333334 9
1747197921340 164.13333333333333 9
1747197921357 164.33333333333334 9
1747197921375 164.53333333333333 9
1747197921394 164.73333333333332 9
1747197921412 164.93333333333334 9
1747197921431 165.13333333333333 9
1747197921456 165.33333333333334 9
1747197921473 165.53333333333333 9
1747197921488 165.73333333333332 9
1747197921505 165.93333333333334 9
1747197921521 166.13333333333333 9
1747197921538 166.33333333333334 9
1747197921554 166.53333333333333 9
1747197921572 166.73333333333332 9
1747197921589 166.93333333333334 9
1747197921605 167.13333333333333 9
1747197921622 167.33333333333334 9
1747197921640 167.53333333333333 9
1747197921656 167.73333333333332 9
1747197921672 167.93333333333334 9
1747197921688 168.13333333333333 9
1747197921704 168.33333333333334 9
1747197921721 168.53333333333333 9
1747197921737 168.73333333333332 9
1747197921754 168.93333333333334 9
1747197921770 169.13333333333333 9
1747197921787 169.33333333333334 9
1747197921803 169.53333333333333 9
1747197921820 169.73333333333332 9
1747197921836 169.93333333333334 9
1747197921854 170.13333333333333 9
1747197921868 170.33333333333334 9
1747197921887 170.53333333333333 9
1747197921904 170.73333333333332 9
1747197921919 170.93333333333334 9
1747197921937 171.13333333333333 9
1747197921953 171.33333333333334 9
1747197921969 171.53333333333333 9
1747197921984 171.73333333333332 9
1747197922000 171.93333333333334 9
1747197922018 172.13333333333333 9
1747197922040 172.33333333333334 9
1747197922070 172.53333333333333 9
1747197922085 172.73333333333332 9
1747197922101 172.93333333333334 9
1747197922117 173.13333333333333 9
1747197922132 173.33333333333334 9
1747197922152 173.53333333333333 9
1747197922167 173.73333333333332 9
1747197922185 173.93333333333334 9
1747197922203 174.13333333333333 9
1747197922217 174.33333333333334 9
1747197922233 174.53333333333333 9
1747197922248 174.73333333333332 9
1747197922264 174.93333333333334 9
1747197922281 175.13333333333333 9
1747197922298 175.33333333333334 9
1747197922317 175.53333333333333 9
1747197922335 175.73333333333332 9
1747197922357 175.93333333333334 9
1747197922371 176.13333333333333 9
1747197922386 176.33333333333334 9
1747197922404 176.53333333333333 9
1747197922420 176.73333333333332 9
1747197922436 176.93333333333334 9
1747197922452 177.13333333333333 9
1747197922469 177.33333333333334 9
1747197922486 177.53333333333333 9
1747197922502 177.73333333333332 9
1747197922526 177.93333333333334 9
1747197922537 178.13333333333333 9
1747197922554 178.33333333333334 9
1747197922570 178.53333333333333 9
1747197922588 178.73333333333332 9
1747197922605 178.93333333333334 9
1747197922620 179.13333333333333 9
1747197922636 179.33333333333334 9
1747197922653 179.53333333333333 9
1747197922669 179.73333333333332 9
1747197922689 179.93333333333334 9
1747197922701 180.13333333333333 9
1747197922718 180.33333333333334 9
1747197922734 180.53333333333333 9
1747197922751 180.73333333333332 9
1747197922767 180.93333333333334 9
1747197922783 181.13333333333333 9
1747197922799 181.33333333333334 9
1747197922817 181.53333333333333 9
1747197922834 181.73333333333332 9
1747197922852 181.93333333333334 9
1747197922871 182.13333333333333 9
1747197922886 182.33333333333334 9
1747197922902 182.53333333333333 9
1747197922920 182.73333333333332 9
1747197922936 182.93333333333334 9
1747197922952 183.13333333333333 9
1747197922968 183.33333333333334 9
1747197922986 183.46666666666667 9
1747197923001 183.6 9
1747197923018 183.73333333333332 9
1747197923035 183.86666666666667 9
1747197923054 184.0 9
1747197923068 184.1 9
1747197923085 184.2 9
1747197923101 184.26666666666668 9
1747197923120 184.33333333333334 9
1747197923136 184.4 9
1747197923154 184.46666666666667 9
1747197923168 184.53333333333333 9
1747197923184 184.6 9
1747197923202 184.63333333333333 9
1747197923219 184.66666666666666 9
1747197923237 184.7 9
1747197923251 184.73333333333332 9
1747197923266 184.76666666666668 9
1747197923479 1.0 10
1747197923502 2.0 10
1747197923527 3.0 10
1747197923549 4.0 10
1747197923569 4.9 10
1747197923591 5.8 10
1747197923612 6.633333333333334 10
1747197923635 7.466666666666667 10
1747197923656 8.3 10
1747197923677 9.133333333333333 10
1747197923697 9.966666666666667 10
1747197923719 10.8 10
1747197923741 11.633333333333333 10
1747197923762 12.466666666666667 10
1747197923784 13.3 10
1747197923805 14.133333333333333 10
1747197923829 14.966666666666667 10
1747197923852 15.8 10
1747197923875 16.6 10
1747197923898 17.4 10
1747197923921 18.2 10
1747197923947 19.0 10
1747197923969 19.8 10
1747197923992 20.6 10
1747197924016 21.4 10
1747197924037 22.166666666666668 10
1747197924057 22.833333333333332 10
1747197924079 23.5 10
1747197924100 24.166666666666668 10
1747197924121 24.8 10
1747197924141 25.433333333333334 10
