1747197880845 1.0 1
1747197880872 2.0 1
1747197880899 3.0 1
1747197880922 4.0 1
1747197880946 5.0 1
1747197880967 6.0 1
1747197880984 7.0 1
1747197881001 8.0 1
1747197881016 9.0 1
1747197881034 10.0 1
1747197881050 11.0 1
1747197881067 12.0 1
1747197881084 13.0 1
1747197881099 14.0 1
1747197881117 15.0 1
1747197881132 16.0 1
1747197881150 17.0 1
1747197881168 18.0 1
1747197881185 19.0 1
1747197881200 20.0 1
1747197881217 21.0 1
1747197881235 22.0 1
1747197881251 23.0 1
1747197881267 24.0 1
1747197881284 25.0 1
1747197881300 26.0 1
1747197881318 27.0 1
1747197881334 28.0 1
1747197881351 29.0 1
1747197881369 30.0 1
1747197881385 31.0 1
1747197881403 32.0 1
1747197881419 33.0 1
1747197881436 34.0 1
1747197881452 35.0 1
1747197881468 36.0 1
1747197881485 37.0 1
1747197881501 38.0 1
1747197881518 39.0 1
1747197881536 40.0 1
1747197881552 41.0 1
1747197881569 42.0 1
1747197881586 43.0 1
1747197881602 44.0 1
1747197881619 45.0 1
1747197881870 1.0 2
1747197881895 2.0 2
1747197881921 3.0 2
1747197881944 4.0 2
1747197881966 5.0 2
1747197881987 6.0 2
1747197882008 7.0 2
1747197882027 8.0 2
1747197882045 9.0 2
1747197882061 10.0 2
1747197882078 11.0 2
1747197882095 12.0 2
1747197882113 13.0 2
1747197882131 14.0 2
1747197882148 15.0 2
1747197882167 16.0 2
1747197882185 17.0 2
1747197882203 18.0 2
1747197882221 19.0 2
1747197882240 20.0 2
1747197882258 21.0 2
1747197882276 22.0 2
1747197882294 23.0 2
1747197882311 24.0 2
1747197882328 25.0 2
1747197882344 26.0 2
1747197882362 27.0 2
1747197882379 28.0 2
1747197882395 29.0 2
1747197882411 30.0 2
1747197882426 31.0 2
1747197882444 32.0 2
1747197882459 33.0 2
1747197882475 34.0 2
1747197882491 35.0 2
1747197882508 36.0 2
1747197882524 37.0 2
1747197882541 38.0 2
1747197882557 39.0 2
1747197882574 40.0 2
1747197882590 41.0 2
1747197882605 42.0 2
1747197882622 43.0 2
1747197882639 44.0 2
1747197882656 45.0 2
1747197882672 46.0 2
1747197882689 47.0 2
1747197882705 48.0 2
1747197882722 49.0 2
1747197882739 50.0 2
1747197882755 51.0 2
1747197882772 52.0 2
1747197882788 53.0 2
1747197882804 54.0 2
1747197882821 55.0 2
1747197883076 1.0 3
1747197883100 2.0 3
1747197883125 3.0 3
1747197883148 4.0 3
1747197883171 5.0 3
1747197883194 6.0 3
1747197883215 7.0 3
1747197883236 8.0 3
1747197883252 9.0 3
1747197883269 10.0 3
1747197883286 11.0 3
1747197883303 12.0 3
1747197883319 13.0 3
1747197883335 14.0 3
1747197883351 15.0 3
1747197883368 16.0 3
1747197883390 17.0 3
1747197883412 18.0 3
1747197883430 19.0 3
1747197883447 20.0 3
1747197883464 21.0 3
1747197883480 22.0 3
1747197883497 23.0 3
1747197883516 24.0 3
1747197883532 25.0 3
1747197883549 26.0 3
1747197883564 27.0 3
1747197883581 28.0 3
1747197883597 29.0 3
1747197883614 30.0 3
1747197883631 31.0 3
1747197883649 32.0 3
1747197883666 33.0 3
1747197883685 34.0 3
1747197883701 35.0 3
1747197883717 36.0 3
1747197883732 37.0 3
1747197883749 38.0 3
1747197883766 39.0 3
1747197883783 40.0 3
1747197883800 41.0 3
1747197883816 42.0 3
1747197883833 43.0 3
1747197883849 44.0 3
1747197883867 45.0 3
1747197883882 46.0 3
1747197883899 47.0 3
1747197883915 48.0 3
1747197883933 49.0 3
1747197883949 50.0 3
1747197883966 51.0 3
1747197883982 52.0 3
1747197883998 53.0 3
1747197884015 54.0 3
1747197884032 55.0 3
1747197884048 56.0 3
1747197884064 57.0 3
1747197884082 58.0 3
1747197884098 59.0 3
1747197884115 60.0 3
1747197884131 61.0 3
1747197884147 62.0 3
1747197884162 63.0 3
1747197884179 64.0 3
1747197884196 65.0 3
1747197884210 66.0 3
1747197884227 67.0 3
1747197884245 68.0 3
1747197884504 1.0 4
1747197884529 2.0 4
1747197884553 3.0 4
1747197884576 4.0 4
1747197884600 5.0 4
1747197884622 6.0 4
1747197884643 7.0 4
1747197884665 8.0 4
1747197884685 9.0 4
1747197884702 10.0 4
1747197884721 11.0 4
1747197884739 12.0 4
1747197884756 13.0 4
1747197884774 14.0 4
1747197884790 15.0 4
1747197884807 16.0 4
1747197884824 17.0 4
1747197884840 18.0 4
1747197884855 19.0 4
1747197884871 20.0 4
1747197884888 21.0 4
1747197884903 22.0 4
1747197884920 23.0 4
1747197884938 24.0 4
1747197884954 25.0 4
1747197884971 26.0 4
1747197884987 27.0 4
1747197885006 28.0 4
1747197885022 29.0 4
1747197885038 30.0 4
1747197885055 31.0 4
1747197885072 32.0 4
1747197885090 33.0 4
1747197885106 34.0 4
1747197885123 35.0 4
1747197885139 36.0 4
1747197885155 37.0 4
1747197885171 38.0 4
1747197885187 39.0 4
1747197885202 40.0 4
1747197885218 41.0 4
1747197885235 42.0 4
1747197885250 43.0 4
1747197885267 44.0 4
1747197885282 45.0 4
1747197885300 46.0 4
1747197885316 47.0 4
1747197885332 48.0 4
1747197885349 49.0 4
1747197885365 50.0 4
1747197885382 51.0 4
1747197885398 52.0 4
1747197885414 53.0 4
1747197885432 54.0 4
1747197885447 55.0 4
1747197885462 56.0 4
1747197885479 57.0 4
1747197885496 58.0 4
1747197885512 59.0 4
1747197885528 60.0 4
1747197885546 61.0 4
1747197885562 62.0 4
1747197885578 63.0 4
1747197885595 64.0 4
1747197885612 65.0 4
1747197885628 66.0 4
1747197885644 67.0 4
1747197885661 68.0 4
1747197885909 1.0 5
1747197885937 2.0 5
1747197885961 3.0 5
1747197885983 4.0 5
1747197886006 5.0 5
1747197886027 6.0 5
1747197886047 7.0 5
1747197886068 8.0 5
1747197886088 9.0 5
1747197886108 10.0 5
1747197886128 11.0 5
1747197886149 12.0 5
1747197886171 13.0 5
1747197886192 14.0 5
1747197886215 15.0 5
1747197886235 16.0 5
1747197886257 17.0 5
1747197886281 18.0 5
1747197886301 19.0 5
1747197886324 20.0 5
1747197886347 21.0 5
1747197886370 22.0 5
1747197886390 23.0 5
1747197886412 24.0 5
1747197886434 25.0 5
1747197886455 26.0 5
1747197886475 27.0 5
1747197886498 28.0 5
1747197886517 29.0 5
1747197886538 30.0 5
1747197886558 31.0 5
1747197886577 32.0 5
1747197886597 33.0 5
1747197886616 34.0 5
1747197886635 35.0 5
1747197886652 36.0 5
1747197886672 37.0 5
1747197886689 38.0 5
1747197886707 39.0 5
1747197886730 40.0 5
1747197886749 41.0 5
1747197886767 42.0 5
1747197886782 43.0 5
1747197886800 44.0 5
1747197886817 45.0 5
1747197886832 46.0 5
1747197886851 47.0 5
1747197886867 48.0 5
1747197886884 49.0 5
1747197886901 50.0 5
1747197886917 51.0 5
1747197886935 52.0 5
1747197886951 53.0 5
1747197886967 54.0 5
1747197886983 55.0 5
1747197887000 56.0 5
1747197887016 57.0 5
1747197887031 58.0 5
1747197887048 59.0 5
1747197887066 60.0 5
1747197887082 61.0 5
1747197887100 62.0 5
1747197887116 63.0 5
1747197887132 64.0 5
1747197887148 65.0 5
1747197887164 66.0 5
1747197887180 67.0 5
1747197887197 68.0 5
1747197887213 69.0 5
1747197887230 70.0 5
1747197887247 71.0 5
1747197887263 72.0 5
1747197887280 73.0 5
1747197887297 74.0 5
1747197887313 75.0 5
1747197887330 76.0 5
1747197887346 77.0 5
1747197887362 78.0 5
1747197887379 79.0 5
1747197887395 80.0 5
1747197887412 81.0 5
1747197887428 82.0 5
1747197887443 83.0 5
1747197887461 84.0 5
1747197887477 85.0 5
1747197887494 86.0 5
1747197887511 87.0 5
1747197887527 88.0 5
1747197887543 89.0 5
1747197887559 90.0 5
1747197887576 91.0 5
1747197887592 92.0 5
1747197887609 93.0 5
1747197887625 94.0 5
1747197887642 95.0 5
1747197887658 96.0 5
1747197887674 97.0 5
1747197887691 98.0 5
1747197887707 99.0 5
1747197887722 100.0 5
1747197887739 101.0 5
1747197887755 102.0 5
1747197887773 103.0 5
1747197887789 104.0 5
1747197887805 105.0 5
1747197887823 106.0 5
1747197887839 107.0 5
1747197887854 108.0 5
1747197887871 109.0 5
1747197887887 110.0 5
1747197887902 111.0 5
1747197887921 112.0 5
1747197887939 113.0 5
1747197887954 114.0 5
1747197887988 115.0 5
1747197888015 116.0 5
1747197888047 117.0 5
1747197888072 118.0 5
1747197888093 119.0 5
1747197888110 120.0 5
1747197888127 121.0 5
1747197888143 122.0 5
1747197888158 123.0 5
1747197888176 124.0 5
1747197888221 125.0 5
1747197888239 126.0 5
1747197888255 127.0 5
1747197888280 128.0 5
1747197888304 129.0 5
1747197888318 130.0 5
1747197888335 131.0 5
1747197888352 132.0 5
1747197888369 133.0 5
1747197888387 134.0 5
1747197888402 135.0 5
1747197888420 136.0 5
1747197888436 137.0 5
1747197888642 1.0 6
1747197888665 2.0 6
1747197888687 3.0 6
1747197888708 4.0 6
1747197888729 5.0 6
1747197888748 6.0 6
1747197888766 7.0 6
1747197888786 8.0 6
1747197888804 9.0 6
1747197888822 10.0 6
1747197888840 11.0 6
1747197888858 12.0 6
1747197888875 13.0 6
1747197888892 14.0 6
1747197888910 15.0 6
1747197888927 16.0 6
1747197888945 17.0 6
1747197888964 18.0 6
1747197888982 19.0 6
1747197889000 20.0 6
1747197889019 21.0 6
1747197889036 22.0 6
1747197889054 23.0 6
1747197889072 24.0 6
1747197889091 25.0 6
1747197889109 26.0 6
1747197889129 27.0 6
1747197889148 28.0 6
1747197889165 29.0 6
1747197889184 30.0 6
1747197889201 31.0 6
1747197889219 32.0 6
1747197889237 33.0 6
1747197889255 34.0 6
1747197889273 35.0 6
1747197889289 36.0 6
1747197889306 37.0 6
1747197889323 38.0 6
1747197889339 39.0 6
1747197889356 40.0 6
1747197889373 41.0 6
1747197889389 42.0 6
1747197889405 43.0 6
1747197889421 44.0 6
1747197889437 45.0 6
1747197889454 46.0 6
1747197889470 47.0 6
1747197889486 48.0 6
1747197889504 49.0 6
1747197889521 50.0 6
1747197889537 51.0 6
1747197889552 52.0 6
1747197889569 53.0 6
1747197889587 54.0 6
1747197889603 55.0 6
1747197889619 56.0 6
1747197889641 57.0 6
1747197889681 58.0 6
1747197889700 59.0 6
1747197889717 60.0 6
1747197889741 61.0 6
1747197889759 62.0 6
1747197889776 63.0 6
1747197889795 64.0 6
1747197889812 65.0 6
1747197889829 66.0 6
1747197889847 67.0 6
1747197889862 68.0 6
1747197889880 69.0 6
1747197889897 70.0 6
1747197889914 71.0 6
1747197889933 72.0 6
1747197889952 73.0 6
1747197889972 74.0 6
1747197889989 75.0 6
1747197890004 76.0 6
1747197890021 77.0 6
1747197890037 78.0 6
1747197890054 79.0 6
1747197890070 80.0 6
1747197890086 81.0 6
1747197890103 82.0 6
1747197890121 83.0 6
1747197890140 84.0 6
1747197890160 85.0 6
1747197890180 86.0 6
1747197890197 87.0 6
1747197890214 88.0 6
1747197890230 89.0 6
1747197890247 90.0 6
1747197890263 91.0 6
1747197890278 92.0 6
1747197890296 93.0 6
1747197890310 94.0 6
1747197890328 95.0 6
1747197890346 96.0 6
1747197890364 97.0 6
1747197890382 98.0 6
1747197890403 99.0 6
1747197890421 100.0 6
1747197890438 101.0 6
1747197890454 102.0 6
1747197890472 103.0 6
1747197890488 104.0 6
1747197890503 105.0 6
1747197890520 106.0 6
1747197890536 107.0 6
1747197890553 108.0 6
1747197890570 109.0 6
1747197890586 110.0 6
1747197890603 111.0 6
1747197890620 112.0 6
1747197890637 113.0 6
1747197890654 114.0 6
1747197890670 115.0 6
1747197890686 116.0 6
1747197890702 117.0 6
1747197890720 118.0 6
1747197890735 119.0 6
1747197890752 120.0 6
1747197890768 121.0 6
1747197890784 122.0 6
1747197890801 123.0 6
1747197890818 124.0 6
1747197890834 125.0 6
1747197890851 126.0 6
1747197890875 127.0 6
1747197890894 128.0 6
1747197890911 129.0 6
1747197890929 130.0 6
1747197890946 131.0 6
1747197890964 132.0 6
1747197890980 133.0 6
1747197890997 134.0 6
1747197891014 135.0 6
1747197891031 136.0 6
1747197891048 137.0 6
1747197891063 138.0 6
1747197891079 139.0 6
1747197891100 140.0 6
1747197891121 141.0 6
1747197891141 142.0 6
1747197891159 143.0 6
1747197891175 144.0 6
1747197891191 145.0 6
1747197891207 146.0 6
1747197891224 147.0 6
1747197891240 148.0 6
1747197891257 149.0 6
1747197891276 150.0 6
1747197891294 151.0 6
1747197891310 152.0 6
1747197891325 153.0 6
1747197891342 154.0 6
1747197891360 155.0 6
1747197891375 156.0 6
1747197891392 157.0 6
1747197891408 158.0 6
1747197891426 159.0 6
1747197891442 160.0 6
1747197891458 161.0 6
1747197891475 162.0 6
1747197891491 163.0 6
1747197891508 164.0 6
1747197891524 165.0 6
1747197891542 166.0 6
1747197891558 167.0 6
1747197891575 168.0 6
1747197891596 169.0 6
1747197891610 170.0 6
1747197891627 171.0 6
1747197891642 172.0 6
1747197891658 173.0 6
1747197891675 174.0 6
1747197891692 175.0 6
1747197891708 176.0 6
1747197891725 177.0 6
1747197891789 178.0 6
1747197891811 179.0 6
1747197891828 180.0 6
1747197891846 181.0 6
1747197891862 182.0 6
1747197891878 183.0 6
1747197891894 184.0 6
1747197891911 185.0 6
1747197891927 186.0 6
1747197891942 187.0 6
1747197891960 188.0 6
1747197891976 189.0 6
1747197891994 190.0 6
1747197892011 191.0 6
1747197892027 192.0 6
1747197892042 193.0 6
1747197892060 194.0 6
1747197892077 195.0 6
1747197892094 196.0 6
1747197892110 197.0 6
1747197892127 198.0 6
1747197892144 199.0 6
1747197892160 200.0 6
1747197892178 201.0 6
1747197892195 202.0 6
1747197892211 203.0 6
1747197892227 204.0 6
1747197892242 205.0 6
1747197892259 206.0 6
1747197892277 207.0 6
1747197892294 208.0 6
1747197892310 209.0 6
1747197892327 210.0 6
1747197892344 211.0 6
1747197892361 212.0 6
1747197892378 213.0 6
1747197892642 1.0 7
1747197892669 2.0 7
1747197892696 3.0 7
1747197892719 4.0 7
1747197892745 5.0 7
1747197892780 6.0 7
1747197892802 7.0 7
1747197892825 8.0 7
1747197892848 9.0 7
1747197892870 10.0 7
1747197892891 11.0 7
1747197892913 12.0 7
1747197892936 13.0 7
1747197892960 14.0 7
1747197892984 15.0 7
1747197893007 16.0 7
1747197893029 17.0 7
1747197893052 18.0 7
1747197893071 19.0 7
1747197893093 20.0 7
1747197893115 21.0 7
1747197893135 22.0 7
1747197893155 23.0 7
1747197893175 24.0 7
1747197893195 25.0 7
1747197893214 26.0 7
1747197893231 27.0 7
1747197893250 28.0 7
1747197893268 29.0 7
1747197893288 30.0 7
1747197893307 31.0 7
1747197893325 32.0 7
1747197893344 33.0 7
1747197893362 34.0 7
1747197893379 35.0 7
1747197893396 36.0 7
1747197893414 37.0 7
1747197893433 38.0 7
1747197893450 39.0 7
1747197893468 40.0 7
1747197893484 41.0 7
1747197893503 42.0 7
1747197893520 43.0 7
1747197893615 44.0 7
1747197893648 45.0 7
1747197893675 46.0 7
1747197893694 47.0 7
1747197893710 48.0 7
1747197893726 49.0 7
1747197893742 50.0 7
1747197893760 51.0 7
1747197893776 52.0 7
1747197893797 53.0 7
1747197893815 54.0 7
1747197893835 55.0 7
1747197893854 56.0 7
1747197893873 57.0 7
1747197893902 58.0 7
1747197893918 59.0 7
1747197893935 60.0 7
1747197893952 61.0 7
1747197893968 62.0 7
1747197893986 63.0 7
1747197894003 64.0 7
1747197894019 65.0 7
1747197894036 66.0 7
1747197894052 67.0 7
1747197894068 68.0 7
1747197894084 69.0 7
1747197894101 70.0 7
1747197894117 71.0 7
1747197894133 72.0 7
1747197894153 73.0 7
1747197894171 74.0 7
1747197894190 75.0 7
1747197894208 76.0 7
1747197894225 77.0 7
1747197894242 78.0 7
1747197894259 79.0 7
1747197894277 80.0 7
1747197894293 81.0 7
1747197894309 82.0 7
1747197894324 83.0 7
1747197894341 84.0 7
1747197894356 85.0 7
1747197894373 86.0 7
1747197894390 87.0 7
1747197894407 88.0 7
1747197894423 89.0 7
1747197894440 90.0 7
1747197894457 91.0 7
1747197894473 92.0 7
1747197894492 93.0 7
1747197894507 94.0 7
1747197894524 95.0 7
1747197894540 96.0 7
1747197894557 97.0 7
1747197894572 98.0 7
1747197894590 99.0 7
1747197894606 100.0 7
1747197894624 101.0 7
1747197894640 102.0 7
1747197894656 103.0 7
1747197894672 104.0 7
1747197894690 105.0 7
1747197894706 106.0 7
1747197894721 107.0 7
1747197894738 108.0 7
1747197894756 109.0 7
1747197894772 110.0 7
1747197894789 111.0 7
1747197894807 112.0 7
1747197894824 113.0 7
1747197894840 114.0 7
1747197894859 115.0 7
1747197894877 116.0 7
1747197894894 117.0 7
1747197894911 118.0 7
1747197894927 119.0 7
1747197894942 120.0 7
1747197894960 121.0 7
1747197894977 122.0 7
1747197894994 123.0 7
1747197895009 124.0 7
1747197895025 125.0 7
1747197895042 126.0 7
1747197895059 127.0 7
1747197895075 128.0 7
1747197895092 129.0 7
1747197895108 130.0 7
1747197895125 131.0 7
1747197895142 132.0 7
1747197895162 133.0 7
1747197895184 134.0 7
1747197895206 135.0 7
1747197895225 136.0 7
1747197895241 137.0 7
1747197895264 138.0 7
1747197895277 139.0 7
1747197895294 140.0 7
1747197895311 141.0 7
1747197895327 142.0 7
1747197895343 143.0 7
1747197895360 144.0 7
1747197895375 145.0 7
1747197895392 146.0 7
1747197895408 147.0 7
1747197895425 148.0 7
1747197895441 149.0 7
1747197895462 150.0 7
1747197895485 151.0 7
1747197895508 152.0 7
1747197895525 153.0 7
1747197895542 154.0 7
1747197895559 155.0 7
1747197895575 156.0 7
1747197895592 157.0 7
1747197895609 158.0 7
1747197895626 159.0 7
1747197895642 160.0 7
1747197895658 161.0 7
1747197895676 162.0 7
1747197895690 163.0 7
1747197895707 164.0 7
1747197895724 165.0 7
1747197895741 166.0 7
1747197895765 167.0 7
1747197895780 168.0 7
1747197895797 169.0 7
1747197895814 170.0 7
1747197895830 171.0 7
1747197895846 172.0 7
1747197895861 173.0 7
1747197895878 174.0 7
1747197895896 175.0 7
1747197895912 176.0 7
1747197895928 177.0 7
1747197895946 178.0 7
1747197895963 179.0 7
1747197895979 180.0 7
1747197895997 181.0 7
1747197896014 182.0 7
1747197896029 183.0 7
1747197896046 184.0 7
1747197896062 185.0 7
1747197896079 186.0 7
1747197896096 187.0 7
1747197896112 188.0 7
1747197896129 189.0 7
1747197896145 190.0 7
1747197896161 191.0 7
1747197896178 192.0 7
1747197896196 193.0 7
1747197896211 194.0 7
1747197896227 195.0 7
1747197896242 196.0 7
1747197896260 197.0 7
1747197896276 198.0 7
1747197896291 199.0 7
1747197896308 200.0 7
1747197896326 201.0 7
1747197896343 202.0 7
1747197896360 203.0 7
1747197896375 204.0 7
1747197896392 205.0 7
1747197896409 206.0 7
1747197896427 207.0 7
1747197896442 208.0 7
1747197896459 209.0 7
1747197896475 210.0 7
1747197896491 211.0 7
1747197896508 212.0 7
1747197896525 213.0 7
1747197896543 214.0 7
1747197896561 215.0 7
1747197896577 216.0 7
1747197896593 217.0 7
1747197896608 218.0 7
1747197896625 219.0 7
1747197896644 220.0 7
1747197896659 221.0 7
1747197896677 222.0 7
1747197896694 223.0 7
1747197896711 224.0 7
1747197896728 225.0 7
1747197896744 226.0 7
1747197896763 227.0 7
1747197896779 228.0 7
1747197896796 229.0 7
1747197896814 230.0 7
1747197896830 231.0 7
1747197896847 232.0 7
1747197896863 233.0 7
1747197896881 234.0 7
1747197896897 235.0 7
1747197896913 236.0 7
1747197896930 237.0 7
1747197896947 238.0 7
1747197896962 239.0 7
1747197896979 240.0 7
1747197896997 241.0 7
1747197897014 242.0 7
1747197897031 243.0 7
1747197897047 244.0 7
1747197897064 245.0 7
1747197897080 246.0 7
1747197897096 247.0 7
1747197897112 248.0 7
1747197897128 249.0 7
1747197897144 250.0 7
1747197897161 251.0 7
1747197897178 252.0 7
1747197897194 253.0 7
1747197897211 254.0 7
1747197897228 255.0 7
1747197897245 256.0 7
1747197897261 257.0 7
1747197897278 258.0 7
1747197897295 259.0 7
1747197897312 260.0 7
1747197897328 261.0 7
1747197897346 262.0 7
1747197897362 263.0 7
1747197897379 264.0 7
1747197897394 265.0 7
1747197897410 266.0 7
1747197897427 267.0 7
1747197897444 268.0 7
1747197897461 269.0 7
1747197897478 270.0 7
1747197897494 271.0 7
1747197897511 272.0 7
1747197897528 273.0 7
1747197897544 274.0 7
1747197897561 275.0 7
1747197897578 276.0 7
1747197897594 277.0 7
1747197897611 278.0 7
1747197897629 279.0 7
1747197897644 280.0 7
1747197897661 281.0 7
1747197897678 282.0 7
1747197897694 283.0 7
1747197897710 284.0 7
1747197897726 285.0 7
1747197897744 286.0 7
1747197897761 287.0 7
1747197897778 288.0 7
1747197897795 289.0 7
1747197897813 290.0 7
1747197897828 291.0 7
1747197897845 292.0 7
1747197897861 293.0 7
1747197897880 294.0 7
1747197897897 295.0 7
1747197897912 296.0 7
1747197897930 297.0 7
1747197897947 298.0 7
1747197897962 299.0 7
1747197897979 300.0 7
1747197898005 301.0 7
1747197898023 302.0 7
1747197898039 303.0 7
1747197898056 304.0 7
1747197898073 305.0 7
1747197898089 306.0 7
1747197898104 307.0 7
1747197898121 308.0 7
1747197898139 309.0 7
1747197898154 310.0 7
1747197898170 311.0 7
1747197898186 312.0 7
1747197898205 313.0 7
1747197898221 314.0 7
1747197898237 315.0 7
1747197898255 316.0 7
1747197898271 317.0 7
1747197898286 318.0 7
1747197898302 319.0 7
1747197898321 320.0 7
1747197898336 321.0 7
1747197898354 322.0 7
1747197898372 323.0 7
1747197898392 324.0 7
1747197898409 325.0 7
1747197898424 326.0 7
1747197898441 327.0 7
1747197898457 328.0 7
1747197898475 329.0 7
1747197898491 330.0 7
1747197898507 331.0 7
1747197898524 332.0 7
1747197898540 333.0 7
1747197898556 334.0 7
1747197898572 335.0 7
1747197898589 336.0 7
1747197898605 337.0 7
1747197898623 338.0 7
1747197898640 339.0 7
1747197898656 340.0 7
1747197898672 341.0 7
1747197898688 342.0 7
1747197898704 343.0 7
1747197898721 344.0 7
1747197898736 345.0 7
1747197898756 346.0 7
1747197898774 347.0 7
1747197898790 348.0 7
1747197898806 349.0 7
1747197898824 350.0 7
1747197898840 351.0 7
1747197898857 352.0 7
1747197898873 353.0 7
1747197898889 354.0 7
1747197898905 355.0 7
1747197898921 356.0 7
1747197898958 357.0 7
1747197898975 358.0 7
1747197898993 359.0 7
1747197899008 360.0 7
1747197899027 361.0 7
1747197899047 362.0 7
1747197899065 363.0 7
1747197899082 364.0 7
1747197899098 365.0 7
1747197899114 366.0 7
1747197899130 367.0 7
1747197899147 368.0 7
1747197899162 369.0 7
1747197899179 370.0 7
1747197899196 371.0 7
1747197899213 372.0 7
1747197899229 373.0 7
1747197899243 374.0 7
1747197899260 375.0 7
1747197899275 376.0 7
1747197899291 377.0 7
1747197899308 378.0 7
1747197899330 379.0 7
1747197899350 380.0 7
1747197899367 381.0 7
1747197899385 382.0 7
1747197899401 383.0 7
1747197899417 384.0 7
1747197899434 385.0 7
1747197899451 386.0 7
1747197899467 387.0 7
1747197899484 388.0 7
1747197899503 389.0 7
1747197899521 390.0 7
1747197899537 391.0 7
1747197899553 392.0 7
1747197899570 393.0 7
1747197899586 394.0 7
1747197899604 395.0 7
1747197899620 396.0 7
1747197899637 397.0 7
1747197899653 398.0 7
1747197899671 399.0 7
1747197899687 400.0 7
1747197899704 401.0 7
1747197899721 402.0 7
1747197899737 403.0 7
1747197899754 404.0 7
1747197899771 405.0 7
1747197899787 406.0 7
1747197899803 407.0 7
1747197899820 408.0 7
1747197899838 409.0 7
1747197899854 410.0 7
1747197899870 411.0 7
1747197899887 412.0 7
1747197899905 413.0 7
1747197899919 414.0 7
1747197899937 415.0 7
1747197899954 416.0 7
1747197899970 417.0 7
1747197899986 418.0 7
1747197900002 419.0 7
1747197900018 420.0 7
1747197900035 421.0 7
1747197900052 422.0 7
1747197900067 423.0 7
1747197900085 424.0 7
1747197900101 425.0 7
1747197900118 426.0 7
1747197900134 427.0 7
1747197900151 428.0 7
1747197900168 429.0 7
1747197900185 430.0 7
1747197900202 431.0 7
1747197900218 432.0 7
1747197900235 433.0 7
1747197900251 434.0 7
1747197900267 435.0 7
1747197900284 436.0 7
1747197900301 437.0 7
1747197900316 438.0 7
1747197900332 439.0 7
1747197900347 440.0 7
1747197900365 441.0 7
1747197900380 442.0 7
1747197900396 443.0 7
1747197900414 444.0 7
1747197900430 445.0 7
1747197900446 446.0 7
1747197900463 447.0 7
1747197900481 448.0 7
1747197900496 449.0 7
1747197900512 450.0 7
1747197900531 451.0 7
1747197900547 452.0 7
1747197900562 453.0 7
1747197900580 454.0 7
1747197900597 455.0 7
1747197900614 456.0 7
1747197900630 457.0 7
1747197900646 458.0 7
1747197900662 459.0 7
1747197900678 460.0 7
1747197900692 461.0 7
1747197900714 462.0 7
1747197900728 463.0 7
1747197900744 464.0 7
1747197900761 465.0 7
1747197900777 466.0 7
1747197900792 467.0 7
1747197900810 468.0 7
1747197900827 469.0 7
1747197900844 470.0 7
1747197900860 471.0 7
1747197900875 472.0 7
1747197900892 473.0 7
1747197900909 474.0 7
1747197900925 475.0 7
1747197900940 476.0 7
1747197900957 477.0 7
1747197900974 478.0 7
1747197900989 479.0 7
1747197901006 480.0 7
1747197901022 481.0 7
1747197901038 482.0 7
1747197901055 483.0 7
1747197901072 484.0 7
1747197901087 485.0 7
1747197901105 486.0 7
1747197901121 487.0 7
1747197901139 488.0 7
1747197901156 489.0 7
1747197901172 490.0 7
1747197901188 491.0 7
1747197901205 492.0 7
1747197901220 493.0 7
1747197901238 494.0 7
1747197901254 495.0 7
1747197901272 496.0 7
1747197901289 497.0 7
1747197901306 498.0 7
1747197901322 499.0 7
1747197901339 500.0 7
1747197901356 501.0 7
1747197901372 502.0 7
1747197901389 503.0 7
1747197901406 504.0 7
1747197901421 505.0 7
1747197901439 506.0 7
1747197901455 507.0 7
1747197901473 508.0 7
1747197901489 509.0 7
1747197901505 510.0 7
1747197901522 511.0 7
1747197901539 512.0 7
1747197901555 513.0 7
1747197901573 514.0 7
1747197901589 515.0 7
1747197901605 516.0 7
1747197901623 517.0 7
1747197901639 518.0 7
1747197901656 519.0 7
1747197901674 520.0 7
1747197901690 521.0 7
1747197901706 522.0 7
1747197901723 523.0 7
1747197901739 524.0 7
1747197901758 525.0 7
1747197901789 526.0 7
1747197901804 527.0 7
1747197901821 528.0 7
1747197901836 529.0 7
1747197901854 530.0 7
1747197901870 531.0 7
1747197901886 532.0 7
1747197901904 533.0 7
1747197901920 534.0 7
1747197901936 535.0 7
1747197901952 536.0 7
1747197901970 537.0 7
1747197901985 538.0 7
1747197902002 539.0 7
1747197902018 540.0 7
1747197902036 541.0 7
1747197902053 542.0 7
1747197902079 543.0 7
1747197902095 544.0 7
1747197902111 545.0 7
1747197902127 546.0 7
1747197902145 547.0 7
1747197902162 548.0 7
1747197902179 549.0 7
1747197902196 550.0 7
1747197902212 551.0 7
1747197902229 552.0 7
1747197902245 553.0 7
1747197902262 554.0 7
1747197902279 555.0 7
1747197902296 556.0 7
1747197902312 557.0 7
1747197902329 558.0 7
1747197902346 559.0 7
1747197902362 560.0 7
1747197902378 561.0 7
1747197902395 562.0 7
1747197902412 563.0 7
1747197902428 564.0 7
1747197902445 565.0 7
1747197902461 566.0 7
1747197902478 567.0 7
1747197902688 1.0 8
1747197902711 2.0 8
1747197902734 3.0 8
1747197902755 4.0 8
1747197902779 5.0 8
1747197902800 6.0 8
1747197902821 7.0 8
1747197902846 8.0 8
1747197902869 9.0 8
1747197902894 10.0 8
1747197902924 11.0 8
1747197902946 12.0 8
1747197902968 13.0 8
1747197902989 14.0 8
1747197903010 15.0 8
1747197903034 16.0 8
1747197903062 17.0 8
1747197903086 18.0 8
1747197903108 19.0 8
1747197903130 20.0 8
1747197903151 21.0 8
1747197903177 22.0 8
1747197903208 23.0 8
1747197903232 24.0 8
1747197903253 25.0 8
1747197903274 26.0 8
1747197903294 27.0 8
1747197903314 28.0 8
1747197903337 29.0 8
1747197903356 30.0 8
1747197903374 31.0 8
1747197903392 32.0 8
1747197903414 33.0 8
1747197903438 34.0 8
1747197903456 35.0 8
1747197903477 36.0 8
1747197903497 37.0 8
1747197903518 38.0 8
1747197903537 39.0 8
1747197903557 40.0 8
1747197903576 41.0 8
1747197903596 42.0 8
1747197903615 43.0 8
1747197903633 44.0 8
1747197903654 45.0 8
1747197903676 46.0 8
1747197903696 47.0 8
1747197903716 48.0 8
1747197903735 49.0 8
1747197903754 50.0 8
1747197903771 51.0 8
1747197903790 52.0 8
1747197903809 53.0 8
1747197903828 54.0 8
1747197903845 55.0 8
1747197903862 56.0 8
1747197903879 57.0 8
1747197903896 58.0 8
1747197903914 59.0 8
1747197903931 60.0 8
1747197903947 61.0 8
1747197903966 62.0 8
1747197903990 63.0 8
1747197904062 64.0 8
1747197904093 65.0 8
1747197904114 66.0 8
1747197904132 67.0 8
1747197904152 68.0 8
1747197904169 69.0 8
1747197904187 70.0 8
1747197904204 71.0 8
1747197904222 72.0 8
1747197904238 73.0 8
1747197904255 74.0 8
1747197904272 75.0 8
1747197904289 76.0 8
1747197904305 77.0 8
1747197904322 78.0 8
1747197904339 79.0 8
1747197904355 80.0 8
1747197904372 81.0 8
1747197904389 82.0 8
1747197904405 83.0 8
1747197904420 84.0 8
1747197904438 85.0 8
1747197904454 86.0 8
1747197904471 87.0 8
1747197904488 88.0 8
1747197904502 89.0 8
1747197904519 90.0 8
1747197904537 91.0 8
1747197904552 92.0 8
1747197904570 93.0 8
1747197904587 94.0 8
1747197904604 95.0 8
1747197904620 96.0 8
1747197904636 97.0 8
1747197904655 98.0 8
1747197904672 99.0 8
1747197904691 100.0 8
1747197904708 101.0 8
1747197904726 102.0 8
1747197904744 103.0 8
1747197904760 104.0 8
1747197904778 105.0 8
1747197904806 106.0 8
1747197904822 107.0 8
1747197904838 108.0 8
1747197904855 109.0 8
1747197904871 110.0 8
1747197904888 111.0 8
1747197904905 112.0 8
1747197904921 113.0 8
1747197904937 114.0 8
1747197904954 115.0 8
1747197904970 116.0 8
1747197904986 117.0 8
1747197905002 118.0 8
1747197905017 119.0 8
1747197905035 120.0 8
1747197905052 121.0 8
1747197905069 122.0 8
1747197905084 123.0 8
1747197905099 124.0 8
1747197905116 125.0 8
1747197905132 126.0 8
1747197905148 127.0 8
1747197905165 128.0 8
1747197905182 129.0 8
1747197905199 130.0 8
1747197905215 131.0 8
1747197905233 132.0 8
1747197905250 133.0 8
1747197905268 134.0 8
1747197905284 135.0 8
1747197905301 136.0 8
1747197905317 137.0 8
1747197905334 138.0 8
1747197905351 139.0 8
1747197905366 140.0 8
1747197905382 141.0 8
1747197905400 142.0 8
1747197905416 143.0 8
1747197905434 144.0 8
1747197905448 145.0 8
1747197905467 146.0 8
1747197905482 147.0 8
1747197905500 148.0 8
1747197905517 149.0 8
1747197905533 150.0 8
1747197905549 151.0 8
1747197905566 152.0 8
1747197905583 153.0 8
1747197905597 154.0 8
1747197905615 155.0 8
1747197905630 156.0 8
1747197905648 157.0 8
1747197905665 158.0 8
1747197905680 159.0 8
1747197905697 160.0 8
1747197905713 161.0 8
1747197905731 162.0 8
1747197905746 163.0 8
1747197905762 164.0 8
1747197905778 165.0 8
1747197905795 166.0 8
1747197905811 167.0 8
1747197905827 168.0 8
1747197905845 169.0 8
1747197905861 170.0 8
1747197905878 171.0 8
1747197905895 172.0 8
1747197905911 173.0 8
1747197905928 174.0 8
1747197905944 175.0 8
1747197905962 176.0 8
1747197905977 177.0 8
1747197905994 178.0 8
1747197906011 179.0 8
1747197906026 180.0 8
1747197906044 181.0 8
1747197906060 182.0 8
1747197906077 183.0 8
1747197906094 184.0 8
1747197906109 185.0 8
1747197906128 186.0 8
1747197906142 187.0 8
1747197906169 188.0 8
1747197906186 189.0 8
1747197906202 190.0 8
1747197906219 191.0 8
1747197906235 192.0 8
1747197906252 193.0 8
1747197906269 194.0 8
1747197906285 195.0 8
1747197906303 196.0 8
1747197906318 197.0 8
1747197906335 198.0 8
1747197906351 199.0 8
1747197906370 200.0 8
1747197906386 201.0 8
1747197906403 202.0 8
1747197906420 203.0 8
1747197906435 204.0 8
1747197906452 205.0 8
1747197906469 206.0 8
1747197906486 207.0 8
1747197906503 208.0 8
1747197906518 209.0 8
1747197906534 210.0 8
1747197906551 211.0 8
1747197906568 212.0 8
1747197906585 213.0 8
1747197906600 214.0 8
1747197906617 215.0 8
1747197906632 216.0 8
1747197906649 217.0 8
1747197906665 218.0 8
1747197906683 219.0 8
1747197906698 220.0 8
1747197906715 221.0 8
1747197906732 222.0 8
1747197906748 223.0 8
1747197906764 224.0 8
1747197906782 225.0 8
1747197906797 226.0 8
1747197906814 227.0 8
1747197906830 228.0 8
1747197906848 229.0 8
1747197906864 230.0 8
1747197906881 231.0 8
1747197906898 232.0 8
1747197906914 233.0 8
1747197906931 234.0 8
1747197906947 235.0 8
1747197906964 236.0 8
1747197906981 237.0 8
1747197906997 238.0 8
1747197907012 239.0 8
1747197907028 240.0 8
1747197907045 241.0 8
1747197907061 242.0 8
1747197907079 243.0 8
1747197907095 244.0 8
1747197907110 245.0 8
1747197907127 246.0 8
1747197907143 247.0 8
1747197907161 248.0 8
1747197907177 249.0 8
1747197907192 250.0 8
1747197907210 251.0 8
1747197907227 252.0 8
1747197907241 253.0 8
1747197907260 254.0 8
1747197907275 255.0 8
1747197907293 256.0 8
1747197907309 257.0 8
1747197907326 258.0 8
1747197907342 259.0 8
1747197907358 260.0 8
1747197907375 261.0 8
1747197907392 262.0 8
1747197907407 263.0 8
1747197907424 264.0 8
1747197907441 265.0 8
1747197907456 266.0 8
1747197907473 267.0 8
1747197907489 268.0 8
1747197907506 269.0 8
1747197907526 270.0 8
1747197907539 271.0 8
1747197907557 272.0 8
1747197907574 273.0 8
1747197907591 274.0 8
1747197907609 275.0 8
1747197907624 276.0 8
1747197907641 277.0 8
1747197907658 278.0 8
1747197907672 279.0 8
1747197907691 280.0 8
1747197907705 281.0 8
1747197907722 282.0 8
1747197907740 283.0 8
1747197907755 284.0 8
1747197907772 285.0 8
1747197907790 286.0 8
1747197907806 287.0 8
1747197907824 288.0 8
1747197907840 289.0 8
1747197907857 290.0 8
1747197907873 291.0 8
1747197907888 292.0 8
1747197907906 293.0 8
1747197907922 294.0 8
1747197907938 295.0 8
1747197907956 296.0 8
1747197907972 297.0 8
1747197907989 298.0 8
1747197908006 299.0 8
1747197908022 300.0 8
1747197908039 301.0 8
1747197908055 302.0 8
1747197908072 303.0 8
1747197908089 304.0 8
1747197908105 305.0 8
1747197908122 306.0 8
1747197908138 307.0 8
1747197908156 308.0 8
1747197908172 309.0 8
1747197908187 310.0 8
1747197908204 311.0 8
1747197908221 312.0 8
1747197908239 313.0 8
1747197908255 314.0 8
1747197908271 315.0 8
1747197908287 316.0 8
1747197908302 317.0 8
1747197908319 318.0 8
1747197908337 319.0 8
1747197908354 320.0 8
1747197908371 321.0 8
1747197908388 322.0 8
1747197908403 323.0 8
1747197908420 324.0 8
1747197908435 325.0 8
1747197908454 326.0 8
1747197908472 327.0 8
1747197908487 328.0 8
1747197908506 329.0 8
1747197908523 330.0 8
1747197908539 331.0 8
1747197908556 332.0 8
1747197908572 333.0 8
1747197908589 334.0 8
1747197908606 335.0 8
1747197908624 336.0 8
1747197908640 337.0 8
1747197908657 338.0 8
1747197908672 339.0 8
1747197908690 340.0 8
1747197908707 341.0 8
1747197908723 342.0 8
1747197908740 343.0 8
1747197908756 344.0 8
1747197908774 345.0 8
1747197908790 346.0 8
1747197908807 347.0 8
1747197908825 348.0 8
1747197908841 349.0 8
1747197908858 350.0 8
1747197908874 351.0 8
1747197908897 352.0 8
1747197908915 353.0 8
1747197908931 354.0 8
1747197908948 355.0 8
1747197908964 356.0 8
1747197908981 357.0 8
1747197908997 358.0 8
1747197909012 359.0 8
1747197909028 360.0 8
1747197909046 361.0 8
1747197909062 362.0 8
1747197909079 363.0 8
1747197909094 364.0 8
1747197909111 365.0 8
1747197909128 366.0 8
1747197909144 367.0 8
1747197909162 368.0 8
1747197909178 369.0 8
1747197909194 370.0 8
1747197909212 371.0 8
1747197909228 372.0 8
1747197909244 373.0 8
1747197909261 374.0 8
1747197909278 375.0 8
1747197909294 376.0 8
1747197909311 377.0 8
1747197909326 378.0 8
1747197909344 379.0 8
1747197909360 380.0 8
1747197909375 381.0 8
1747197909392 382.0 8
1747197909409 383.0 8
1747197909426 384.0 8
1747197909443 385.0 8
1747197909459 386.0 8
1747197909475 387.0 8
1747197909492 388.0 8
1747197909508 389.0 8
1747197909525 390.0 8
1747197909543 391.0 8
1747197909560 392.0 8
1747197909575 393.0 8
1747197909591 394.0 8
1747197909607 395.0 8
1747197909624 396.0 8
1747197909642 397.0 8
1747197909659 398.0 8
1747197909674 399.0 8
1747197909691 400.0 8
1747197909707 401.0 8
1747197909724 402.0 8
1747197909741 403.0 8
1747197909757 404.0 8
1747197909775 405.0 8
1747197909790 406.0 8
1747197909806 407.0 8
1747197909823 408.0 8
1747197909839 409.0 8
1747197909857 410.0 8
1747197909872 411.0 8
1747197909889 412.0 8
1747197909905 413.0 8
1747197909922 414.0 8
1747197909937 415.0 8
1747197909955 416.0 8
1747197909971 417.0 8
1747197909989 418.0 8
1747197910004 419.0 8
1747197910021 420.0 8
1747197910037 421.0 8
1747197910054 422.0 8
1747197910070 423.0 8
1747197910087 424.0 8
1747197910103 425.0 8
1747197910120 426.0 8
1747197910136 427.0 8
1747197910152 428.0 8
1747197910168 429.0 8
1747197910184 430.0 8
1747197910200 431.0 8
1747197910215 432.0 8
1747197910233 433.0 8
1747197910256 434.0 8
1747197910274 435.0 8
1747197910290 436.0 8
1747197910305 437.0 8
1747197910323 438.0 8
1747197910339 439.0 8
1747197910356 440.0 8
1747197910372 441.0 8
1747197910388 442.0 8
1747197910404 443.0 8
1747197910422 444.0 8
1747197910438 445.0 8
1747197910454 446.0 8
1747197910470 447.0 8
1747197910488 448.0 8
1747197910504 449.0 8
1747197910521 450.0 8
1747197910538 451.0 8
1747197910555 452.0 8
1747197910571 453.0 8
1747197910587 454.0 8
1747197910602 455.0 8
1747197910620 456.0 8
1747197910637 457.0 8
1747197910653 458.0 8
1747197910670 459.0 8
1747197910688 460.0 8
1747197910704 461.0 8
1747197910721 462.0 8
1747197910736 463.0 8
1747197910753 464.0 8
1747197910769 465.0 8
1747197910784 466.0 8
1747197910802 467.0 8
1747197910817 468.0 8
1747197910837 469.0 8
1747197910858 470.0 8
1747197910876 471.0 8
1747197910892 472.0 8
1747197910909 473.0 8
1747197910926 474.0 8
1747197910942 475.0 8
1747197910957 476.0 8
1747197910974 477.0 8
1747197910992 478.0 8
1747197911008 479.0 8
1747197911025 480.0 8
1747197911041 481.0 8
1747197911057 482.0 8
1747197911074 483.0 8
1747197911089 484.0 8
1747197911105 485.0 8
1747197911122 486.0 8
1747197911139 487.0 8
1747197911155 488.0 8
1747197911171 489.0 8
1747197911187 490.0 8
1747197911203 491.0 8
1747197911221 492.0 8
1747197911236 493.0 8
1747197911253 494.0 8
1747197911269 495.0 8
1747197911286 496.0 8
1747197911303 497.0 8
1747197911320 498.0 8
1747197911336 499.0 8
1747197911352 500.0 8
1747197911368 501.0 8
1747197911384 502.0 8
1747197911401 503.0 8
1747197911417 504.0 8
1747197911433 505.0 8
1747197911450 506.0 8
1747197911465 507.0 8
1747197911482 508.0 8
1747197911499 509.0 8
1747197911515 510.0 8
1747197911531 511.0 8
1747197911548 512.0 8
1747197911564 513.0 8
1747197911581 514.0 8
1747197911597 515.0 8
1747197911616 516.0 8
1747197911633 517.0 8
1747197911649 518.0 8
1747197911665 519.0 8
1747197911682 520.0 8
1747197911699 521.0 8
1747197911715 522.0 8
1747197911732 523.0 8
1747197911748 524.0 8
1747197911764 525.0 8
1747197911781 526.0 8
1747197911797 527.0 8
1747197911814 528.0 8
1747197911831 529.0 8
1747197911847 530.0 8
1747197911864 531.0 8
1747197911880 532.0 8
1747197911897 533.0 8
1747197911913 534.0 8
1747197911930 535.0 8
1747197911947 536.0 8
1747197911962 537.0 8
1747197911978 538.0 8
1747197911996 539.0 8
1747197912012 540.0 8
1747197912028 541.0 8
1747197912044 542.0 8
1747197912061 543.0 8
1747197912076 544.0 8
1747197912094 545.0 8
1747197912111 546.0 8
1747197912128 547.0 8
1747197912145 548.0 8
1747197912161 549.0 8
1747197912178 550.0 8
1747197912194 551.0 8
1747197912211 552.0 8
1747197912228 553.0 8
1747197912244 554.0 8
1747197912262 555.0 8
1747197912278 556.0 8
1747197912296 557.0 8
1747197912312 558.0 8
1747197912329 559.0 8
1747197912345 560.0 8
1747197912361 561.0 8
1747197912378 562.0 8
1747197912394 563.0 8
1747197912411 564.0 8
1747197912428 565.0 8
1747197912444 566.0 8
1747197912461 567.0 8
1747197912714 1.0 9
1747197912738 2.0 9
1747197912765 3.0 9
1747197912788 4.0 9
1747197912814 5.0 9
1747197912837 6.0 9
1747197912861 7.0 9
1747197912886 8.0 9
1747197912909 9.0 9
1747197912931 10.0 9
1747197912954 11.0 9
1747197912983 12.0 9
1747197913005 13.0 9
1747197913031 14.0 9
1747197913057 15.0 9
1747197913083 16.0 9
1747197913108 17.0 9
1747197913137 18.0 9
1747197913164 19.0 9
1747197913187 20.0 9
1747197913211 21.0 9
1747197913233 22.0 9
1747197913256 23.0 9
1747197913281 24.0 9
1747197913303 25.0 9
1747197913325 26.0 9
1747197913347 27.0 9
1747197913369 28.0 9
1747197913390 29.0 9
1747197913411 30.0 9
1747197913431 31.0 9
1747197913453 32.0 9
1747197913475 33.0 9
1747197913497 34.0 9
1747197913519 35.0 9
1747197913539 36.0 9
1747197913561 37.0 9
1747197913582 38.0 9
1747197913602 39.0 9
1747197913622 40.0 9
1747197913644 41.0 9
1747197913664 42.0 9
1747197913685 43.0 9
1747197913706 44.0 9
1747197913729 45.0 9
1747197913748 46.0 9
1747197913771 47.0 9
1747197913792 48.0 9
1747197913814 49.0 9
1747197913837 50.0 9
1747197913859 51.0 9
1747197913877 52.0 9
1747197913896 53.0 9
1747197913916 54.0 9
1747197913935 55.0 9
1747197913955 56.0 9
1747197913975 57.0 9
1747197914003 58.0 9
1747197914023 59.0 9
1747197914042 60.0 9
1747197914061 61.0 9
1747197914078 62.0 9
1747197914096 63.0 9
1747197914113 64.0 9
1747197914134 65.0 9
1747197914152 66.0 9
1747197914169 67.0 9
1747197914186 68.0 9
1747197914203 69.0 9
1747197914220 70.0 9
1747197914239 71.0 9
1747197914256 72.0 9
1747197914274 73.0 9
1747197914293 74.0 9
1747197914314 75.0 9
1747197914332 76.0 9
1747197914360 77.0 9
1747197914378 78.0 9
1747197914397 79.0 9
1747197914418 80.0 9
1747197914437 81.0 9
1747197914456 82.0 9
1747197914475 83.0 9
1747197914495 84.0 9
1747197914512 85.0 9
1747197914531 86.0 9
1747197914549 87.0 9
1747197914567 88.0 9
1747197914585 89.0 9
1747197914603 90.0 9
1747197914622 91.0 9
1747197914640 92.0 9
1747197914658 93.0 9
1747197914678 94.0 9
1747197914699 95.0 9
1747197914716 96.0 9
1747197914733 97.0 9
1747197914750 98.0 9
1747197914768 99.0 9
1747197914785 100.0 9
1747197914803 101.0 9
1747197914821 102.0 9
1747197914839 103.0 9
1747197914857 104.0 9
1747197914875 105.0 9
1747197914892 106.0 9
1747197914912 107.0 9
1747197914930 108.0 9
1747197914949 109.0 9
1747197914968 110.0 9
1747197914987 111.0 9
1747197915005 112.0 9
1747197915024 113.0 9
1747197915042 114.0 9
1747197915058 115.0 9
1747197915077 116.0 9
1747197915096 117.0 9
1747197915113 118.0 9
1747197915131 119.0 9
1747197915150 120.0 9
1747197915168 121.0 9
1747197915185 122.0 9
1747197915203 123.0 9
1747197915219 124.0 9
1747197915238 125.0 9
1747197915255 126.0 9
1747197915273 127.0 9
1747197915291 128.0 9
1747197915309 129.0 9
1747197915328 130.0 9
1747197915346 131.0 9
1747197915364 132.0 9
1747197915381 133.0 9
1747197915400 134.0 9
1747197915418 135.0 9
1747197915436 136.0 9
1747197915454 137.0 9
1747197915471 138.0 9
1747197915489 139.0 9
1747197915505 140.0 9
1747197915522 141.0 9
1747197915540 142.0 9
1747197915557 143.0 9
1747197915574 144.0 9
1747197915590 145.0 9
1747197915608 146.0 9
1747197915625 147.0 9
1747197915641 148.0 9
1747197915659 149.0 9
1747197915678 150.0 9
1747197915696 151.0 9
1747197915724 152.0 9
1747197915742 153.0 9
1747197915760 154.0 9
1747197915779 155.0 9
1747197915801 156.0 9
1747197915822 157.0 9
1747197915841 158.0 9
1747197915859 159.0 9
1747197915879 160.0 9
1747197915898 161.0 9
1747197915917 162.0 9
1747197915934 163.0 9
1747197915952 164.0 9
1747197915970 165.0 9
1747197915988 166.0 9
1747197916005 167.0 9
1747197916023 168.0 9
1747197916041 169.0 9
1747197916059 170.0 9
1747197916077 171.0 9
1747197916094 172.0 9
1747197916113 173.0 9
1747197916131 174.0 9
1747197916157 175.0 9
1747197916175 176.0 9
1747197916192 177.0 9
1747197916210 178.0 9
1747197916229 179.0 9
1747197916246 180.0 9
1747197916265 181.0 9
1747197916282 182.0 9
1747197916299 183.0 9
1747197916316 184.0 9
1747197916334 185.0 9
1747197916351 186.0 9
1747197916368 187.0 9
1747197916385 188.0 9
1747197916402 189.0 9
1747197916419 190.0 9
1747197916436 191.0 9
1747197916452 192.0 9
1747197916468 193.0 9
1747197916485 194.0 9
1747197916501 195.0 9
1747197916518 196.0 9
1747197916535 197.0 9
1747197916552 198.0 9
1747197916569 199.0 9
1747197916585 200.0 9
1747197916602 201.0 9
1747197916619 202.0 9
1747197916637 203.0 9
1747197916654 204.0 9
1747197916670 205.0 9
1747197916686 206.0 9
1747197916703 207.0 9
1747197916720 208.0 9
1747197916735 209.0 9
1747197916752 210.0 9
1747197916767 211.0 9
1747197916783 212.0 9
1747197916800 213.0 9
1747197916817 214.0 9
1747197916835 215.0 9
1747197916855 216.0 9
1747197916872 217.0 9
1747197916890 218.0 9
1747197916906 219.0 9
1747197916922 220.0 9
1747197916939 221.0 9
1747197916956 222.0 9
1747197916971 223.0 9
1747197916989 224.0 9
1747197917007 225.0 9
1747197917024 226.0 9
1747197917039 227.0 9
1747197917057 228.0 9
1747197917072 229.0 9
1747197917089 230.0 9
1747197917106 231.0 9
1747197917121 232.0 9
1747197917139 233.0 9
1747197917155 234.0 9
1747197917172 235.0 9
1747197917189 236.0 9
1747197917203 237.0 9
1747197917220 238.0 9
1747197917235 239.0 9
1747197917251 240.0 9
1747197917267 241.0 9
1747197917284 242.0 9
1747197917301 243.0 9
1747197917316 244.0 9
1747197917335 245.0 9
1747197917351 246.0 9
1747197917368 247.0 9
1747197917384 248.0 9
1747197917401 249.0 9
1747197917416 250.0 9
1747197917433 251.0 9
1747197917448 252.0 9
1747197917465 253.0 9
1747197917482 254.0 9
1747197917498 255.0 9
1747197917515 256.0 9
1747197917532 257.0 9
1747197917548 258.0 9
1747197917565 259.0 9
1747197917580 260.0 9
1747197917598 261.0 9
1747197917615 262.0 9
1747197917630 263.0 9
1747197917646 264.0 9
1747197917664 265.0 9
1747197917679 266.0 9
1747197917697 267.0 9
1747197917714 268.0 9
1747197917732 269.0 9
1747197917747 270.0 9
1747197917764 271.0 9
1747197917780 272.0 9
1747197917797 273.0 9
1747197917814 274.0 9
1747197917831 275.0 9
1747197917848 276.0 9
1747197917864 277.0 9
1747197917881 278.0 9
1747197917899 279.0 9
1747197917915 280.0 9
1747197917932 281.0 9
1747197917949 282.0 9
1747197917975 283.0 9
1747197918015 284.0 9
1747197918050 285.0 9
1747197918074 286.0 9
1747197918097 287.0 9
1747197918121 288.0 9
1747197918142 289.0 9
1747197918164 290.0 9
1747197918206 291.0 9
1747197918224 292.0 9
1747197918260 293.0 9
1747197918279 294.0 9
1747197918295 295.0 9
1747197918324 296.0 9
1747197918349 297.0 9
1747197918369 298.0 9
1747197918385 299.0 9
1747197918402 300.0 9
1747197918417 301.0 9
1747197918435 302.0 9
1747197918452 303.0 9
1747197918469 304.0 9
1747197918486 305.0 9
1747197918501 306.0 9
1747197918519 307.0 9
1747197918539 308.0 9
1747197918556 309.0 9
1747197918572 310.0 9
1747197918589 311.0 9
1747197918606 312.0 9
1747197918622 313.0 9
1747197918641 314.0 9
1747197918657 315.0 9
1747197918672 316.0 9
1747197918690 317.0 9
1747197918707 318.0 9
1747197918722 319.0 9
1747197918740 320.0 9
1747197918758 321.0 9
1747197918773 322.0 9
1747197918790 323.0 9
1747197918806 324.0 9
1747197918822 325.0 9
1747197918839 326.0 9
1747197918856 327.0 9
1747197918875 328.0 9
1747197918891 329.0 9
1747197918908 330.0 9
1747197918924 331.0 9
1747197918942 332.0 9
1747197918960 333.0 9
1747197918977 334.0 9
1747197918994 335.0 9
1747197919011 336.0 9
1747197919027 337.0 9
1747197919043 338.0 9
1747197919061 339.0 9
1747197919076 340.0 9
1747197919094 341.0 9
1747197919112 342.0 9
1747197919136 343.0 9
1747197919149 344.0 9
1747197919166 345.0 9
1747197919181 346.0 9
1747197919197 347.0 9
1747197919213 348.0 9
1747197919231 349.0 9
1747197919247 350.0 9
1747197919264 351.0 9
1747197919282 352.0 9
1747197919298 353.0 9
1747197919316 354.0 9
1747197919332 355.0 9
1747197919346 356.0 9
1747197919364 357.0 9
1747197919381 358.0 9
1747197919398 359.0 9
1747197919414 360.0 9
1747197919431 361.0 9
1747197919446 362.0 9
1747197919462 363.0 9
1747197919478 364.0 9
1747197919495 365.0 9
1747197919512 366.0 9
1747197919529 367.0 9
1747197919548 368.0 9
1747197919564 369.0 9
1747197919580 370.0 9
1747197919597 371.0 9
1747197919614 372.0 9
1747197919631 373.0 9
1747197919648 374.0 9
1747197919666 375.0 9
1747197919682 376.0 9
1747197919701 377.0 9
1747197919717 378.0 9
1747197919735 379.0 9
1747197919751 380.0 9
1747197919768 381.0 9
1747197919790 382.0 9
1747197919804 383.0 9
1747197919819 384.0 9
1747197919836 385.0 9
1747197919854 386.0 9
1747197919870 387.0 9
1747197919885 388.0 9
1747197919902 389.0 9
1747197919918 390.0 9
1747197919935 391.0 9
1747197919952 392.0 9
1747197919968 393.0 9
1747197919985 394.0 9
1747197920002 395.0 9
1747197920018 396.0 9
1747197920034 397.0 9
1747197920050 398.0 9
1747197920068 399.0 9
1747197920087 400.0 9
1747197920117 401.0 9
1747197920135 402.0 9
1747197920152 403.0 9
1747197920168 404.0 9
1747197920183 405.0 9
1747197920200 406.0 9
1747197920218 407.0 9
1747197920234 408.0 9
1747197920250 409.0 9
1747197920266 410.0 9
1747197920283 411.0 9
1747197920302 412.0 9
1747197920327 413.0 9
1747197920343 414.0 9
1747197920360 415.0 9
1747197920377 416.0 9
1747197920394 417.0 9
1747197920411 418.0 9
1747197920426 419.0 9
1747197920444 420.0 9
1747197920460 421.0 9
1747197920477 422.0 9
1747197920494 423.0 9
1747197920510 424.0 9
1747197920527 425.0 9
1747197920544 426.0 9
1747197920559 427.0 9
1747197920575 428.0 9
1747197920592 429.0 9
1747197920610 430.0 9
1747197920627 431.0 9
1747197920645 432.0 9
1747197920661 433.0 9
1747197920678 434.0 9
1747197920694 435.0 9
1747197920710 436.0 9
1747197920725 437.0 9
1747197920741 438.0 9
1747197920757 439.0 9
1747197920776 440.0 9
1747197920794 441.0 9
1747197920811 442.0 9
1747197920827 443.0 9
1747197920842 444.0 9
1747197920860 445.0 9
1747197920876 446.0 9
1747197920893 447.0 9
1747197920909 448.0 9
1747197920924 449.0 9
1747197920941 450.0 9
1747197920958 451.0 9
1747197920974 452.0 9
1747197920990 453.0 9
1747197921007 454.0 9
1747197921024 455.0 9
1747197921042 456.0 9
1747197921068 457.0 9
1747197921084 458.0 9
1747197921105 459.0 9
1747197921124 460.0 9
1747197921143 461.0 9
1747197921170 462.0 9
1747197921189 463.0 9
1747197921208 464.0 9
1747197921225 465.0 9
1747197921243 466.0 9
1747197921262 467.0 9
1747197921280 468.0 9
1747197921300 469.0 9
1747197921317 470.0 9
1747197921333 471.0 9
1747197921351 472.0 9
1747197921368 473.0 9
1747197921385 474.0 9
1747197921401 475.0 9
1747197921421 476.0 9
1747197921440 477.0 9
1747197921466 478.0 9
1747197921481 479.0 9
1747197921498 480.0 9
1747197921514 481.0 9
1747197921531 482.0 9
1747197921547 483.0 9
1747197921566 484.0 9
1747197921582 485.0 9
1747197921598 486.0 9
1747197921615 487.0 9
1747197921632 488.0 9
1747197921649 489.0 9
1747197921665 490.0 9
1747197921682 491.0 9
1747197921698 492.0 9
1747197921714 493.0 9
1747197921730 494.0 9
1747197921748 495.0 9
1747197921764 496.0 9
1747197921780 497.0 9
1747197921797 498.0 9
1747197921812 499.0 9
1747197921829 500.0 9
1747197921847 501.0 9
1747197921863 502.0 9
1747197921879 503.0 9
1747197921896 504.0 9
1747197921913 505.0 9
1747197921929 506.0 9
1747197921946 507.0 9
1747197921962 508.0 9
1747197921978 509.0 9
1747197921994 510.0 9
1747197922012 511.0 9
1747197922029 512.0 9
1747197922062 513.0 9
1747197922078 514.0 9
1747197922094 515.0 9
1747197922111 516.0 9
1747197922127 517.0 9
1747197922144 518.0 9
1747197922161 519.0 9
1747197922178 520.0 9
1747197922194 521.0 9
1747197922209 522.0 9
1747197922226 523.0 9
1747197922242 524.0 9
1747197922258 525.0 9
1747197922274 526.0 9
1747197922291 527.0 9
1747197922307 528.0 9
1747197922324 529.0 9
1747197922344 530.0 9
1747197922363 531.0 9
1747197922380 532.0 9
1747197922397 533.0 9
1747197922414 534.0 9
1747197922430 535.0 9
1747197922446 536.0 9
1747197922463 537.0 9
1747197922479 538.0 9
1747197922495 539.0 9
1747197922518 540.0 9
1747197922532 541.0 9
1747197922547 542.0 9
1747197922564 543.0 9
1747197922581 544.0 9
1747197922597 545.0 9
1747197922614 546.0 9
1747197922630 547.0 9
1747197922646 548.0 9
1747197922661 549.0 9
1747197922680 550.0 9
1747197922694 551.0 9
1747197922712 552.0 9
1747197922728 553.0 9
1747197922745 554.0 9
1747197922761 555.0 9
1747197922777 556.0 9
1747197922792 557.0 9
1747197922810 558.0 9
1747197922826 559.0 9
1747197922844 560.0 9
1747197922863 561.0 9
1747197922879 562.0 9
1747197922896 563.0 9
1747197922912 564.0 9
1747197922928 565.0 9
1747197922946 566.0 9
1747197922962 567.0 9
1747197922979 568.0 9
1747197922995 569.0 9
1747197923012 570.0 9
1747197923029 571.0 9
1747197923048 572.0 9
1747197923062 573.0 9
1747197923079 574.0 9
1747197923094 575.0 9
1747197923112 576.0 9
1747197923128 577.0 9
1747197923147 578.0 9
1747197923162 579.0 9
1747197923178 580.0 9
1747197923194 581.0 9
1747197923211 582.0 9
1747197923228 583.0 9
1747197923244 584.0 9
1747197923260 585.0 9
1747197923472 1.0 10
1747197923495 2.0 10
1747197923520 3.0 10
1747197923542 4.0 10
1747197923564 5.0 10
1747197923584 6.0 10
1747197923606 7.0 10
1747197923628 8.0 10
1747197923649 9.0 10
1747197923671 10.0 10
1747197923692 11.0 10
1747197923713 12.0 10
1747197923735 13.0 10
1747197923756 14.0 10
1747197923778 15.0 10
1747197923799 16.0 10
1747197923822 17.0 10
1747197923845 18.0 10
1747197923868 19.0 10
1747197923891 20.0 10
1747197923914 21.0 10
1747197923938 22.0 10
1747197923961 23.0 10
1747197923986 24.0 10
1747197924008 25.0 10
1747197924030 26.0 10
1747197924051 27.0 10
1747197924071 28.0 10
1747197924091 29.0 10
1747197924112 30.0 10
1747197924135 31.0 10
