1747197880849 0.36666666666666664 1
1747197880876 1.1666666666666667 1
1747197880903 2.466666666666667 1
1747197880926 4.333333333333334 1
1747197880949 6.833333333333334 1
1747197880970 10.033333333333335 1
1747197880987 12.133333333333333 1
1747197881004 16.0 1
1747197881019 20.566666666666666 1
1747197881037 25.833333333333332 1
1747197881052 31.799999999999997 1
1747197881069 38.46666666666666 1
1747197881087 42.900000000000006 1
1747197881102 50.7 1
1747197881120 59.333333333333336 1
1747197881136 68.86666666666667 1
1747197881154 79.36666666666667 1
1747197881171 79.36666666666667 1
1747197881189 79.36666666666667 1
1747197881204 79.36666666666667 1
1747197881221 84.7 1
1747197881238 92.76666666666667 1
1747197881255 101.2 1
1747197881270 110.0 1
1747197881287 119.16666666666667 1
1747197881305 128.70000000000002 1
1747197881321 138.60000000000002 1
1747197881337 148.8666666666667 1
1747197881354 159.50000000000003 1
1747197881372 170.50000000000003 1
1747197881388 181.8666666666667 1
1747197881405 193.60000000000002 1
1747197881421 205.70000000000002 1
1747197881439 218.16666666666669 1
1747197881455 231.0666666666667 1
1747197881470 244.40000000000003 1
1747197881488 258.1666666666667 1
1747197881504 272.3666666666667 1
1747197881521 287.0 1
1747197881538 302.06666666666666 1
1747197881556 317.56666666666666 1
1747197881572 333.5 1
1747197881589 350.6 1
1747197881605 368.6 1
1747197881622 387.5 1
1747197881874 0.36666666666666664 2
1747197881898 1.1666666666666667 2
1747197881923 2.466666666666667 2
1747197881947 4.333333333333334 2
1747197881969 6.833333333333334 2
1747197881990 10.033333333333335 2
1747197882011 14.000000000000002 2
1747197882030 18.8 2
1747197882048 21.433333333333334 2
1747197882065 26.833333333333336 2
1747197882080 32.86666666666667 2
1747197882098 39.53333333333333 2
1747197882116 46.83333333333333 2
1747197882133 54.766666666666666 2
1747197882151 63.33333333333333 2
1747197882170 72.53333333333333 2
1747197882189 82.36666666666666 2
1747197882206 92.83333333333333 2
1747197882226 103.93333333333332 2
1747197882242 115.66666666666666 2
1747197882261 128.03333333333333 2
1747197882280 141.03333333333333 2
1747197882297 154.66666666666666 2
1747197882315 168.86666666666665 2
1747197882331 183.56666666666663 2
1747197882347 198.69999999999996 2
1747197882366 214.26666666666662 2
1747197882382 230.26666666666662 2
1747197882399 246.69999999999996 2
1747197882415 263.5666666666666 2
1747197882429 280.8666666666666 2
1747197882448 298.59999999999997 2
1747197882463 316.76666666666665 2
1747197882479 335.3666666666667 2
1747197882496 354.40000000000003 2
1747197882511 373.8666666666667 2
1747197882528 393.76666666666665 2
1747197882545 414.09999999999997 2
1747197882560 434.8666666666666 2
1747197882576 456.0666666666666 2
1747197882593 477.69999999999993 2
1747197882608 477.69999999999993 2
1747197882625 477.69999999999993 2
1747197882642 477.69999999999993 2
1747197882659 477.69999999999993 2
1747197882675 477.69999999999993 2
1747197882692 477.69999999999993 2
1747197882708 477.69999999999993 2
1747197882726 477.69999999999993 2
1747197882742 477.69999999999993 2
1747197882758 486.20000000000005 2
1747197882774 505.2666666666667 2
1747197882791 524.7 2
1747197882807 544.5 2
1747197882823 564.6666666666666 2
1747197883079 0.36666666666666664 3
1747197883104 1.1666666666666667 3
1747197883127 2.466666666666667 3
1747197883151 4.333333333333334 3
1747197883175 6.833333333333334 3
1747197883196 10.033333333333335 3
1747197883218 14.000000000000002 3
1747197883238 18.8 3
1747197883256 22.03333333333333 3
1747197883272 27.9 3
1747197883289 34.53333333333333 3
1747197883307 41.93333333333333 3
1747197883322 46.83333333333333 3
1747197883339 54.766666666666666 3
1747197883355 63.33333333333333 3
1747197883372 72.53333333333333 3
1747197883394 82.36666666666666 3
1747197883416 92.83333333333333 3
1747197883432 103.93333333333332 3
1747197883450 115.66666666666666 3
1747197883466 128.03333333333333 3
1747197883484 141.03333333333333 3
1747197883501 154.66666666666666 3
1747197883519 168.86666666666665 3
1747197883535 183.56666666666663 3
1747197883551 198.69999999999996 3
1747197883568 214.26666666666662 3
1747197883584 230.26666666666662 3
1747197883600 246.69999999999996 3
1747197883617 263.5666666666666 3
1747197883635 280.8666666666666 3
1747197883652 298.59999999999997 3
1747197883670 316.76666666666665 3
1747197883688 335.3666666666667 3
1747197883704 354.40000000000003 3
1747197883720 373.8666666666667 3
1747197883736 393.76666666666665 3
1747197883751 414.09999999999997 3
1747197883769 434.8666666666666 3
1747197883785 456.0666666666666 3
1747197883803 477.69999999999993 3
1747197883819 477.69999999999993 3
1747197883835 477.69999999999993 3
1747197883852 477.69999999999993 3
1747197883869 477.69999999999993 3
1747197883884 477.69999999999993 3
1747197883903 477.69999999999993 3
1747197883918 477.69999999999993 3
1747197883936 477.69999999999993 3
1747197883952 477.69999999999993 3
1747197883969 486.20000000000005 3
1747197883985 505.2666666666667 3
1747197884000 524.7 3
1747197884018 544.5 3
1747197884034 564.6666666666666 3
1747197884051 585.1999999999999 3
1747197884067 606.0999999999999 3
1747197884085 627.3666666666666 3
1747197884101 648.9999999999999 3
1747197884118 670.9999999999999 3
1747197884133 693.3666666666666 3
1747197884150 716.0999999999999 3
1747197884167 739.1999999999999 3
1747197884182 762.6666666666666 3
1747197884198 786.5 3
1747197884214 810.7 3
1747197884230 835.2666666666668 3
1747197884248 860.2 3
1747197884507 0.36666666666666664 4
1747197884532 1.1666666666666667 4
1747197884556 2.466666666666667 4
1747197884579 4.333333333333334 4
1747197884602 6.833333333333334 4
1747197884626 10.033333333333335 4
1747197884647 13.0 4
1747197884669 17.4 4
1747197884688 22.633333333333333 4
1747197884706 28.766666666666666 4
1747197884725 32.86666666666667 4
1747197884742 39.53333333333333 4
1747197884759 46.83333333333333 4
1747197884777 54.766666666666666 4
1747197884794 63.33333333333333 4
1747197884810 72.53333333333333 4
1747197884827 82.36666666666666 4
1747197884843 92.83333333333333 4
1747197884858 103.93333333333332 4
1747197884873 115.66666666666666 4
1747197884891 128.03333333333333 4
1747197884906 141.03333333333333 4
1747197884922 154.66666666666666 4
1747197884941 168.86666666666665 4
1747197884956 183.56666666666663 4
1747197884975 198.69999999999996 4
1747197884989 214.26666666666662 4
1747197885009 230.26666666666662 4
1747197885024 246.69999999999996 4
1747197885040 263.5666666666666 4
1747197885058 280.8666666666666 4
1747197885075 298.59999999999997 4
1747197885092 316.76666666666665 4
1747197885108 335.3666666666667 4
1747197885126 354.40000000000003 4
1747197885142 373.8666666666667 4
1747197885158 393.76666666666665 4
1747197885173 414.09999999999997 4
1747197885190 434.8666666666666 4
1747197885205 456.0666666666666 4
1747197885221 477.69999999999993 4
1747197885238 477.69999999999993 4
1747197885253 477.69999999999993 4
1747197885269 477.69999999999993 4
1747197885286 477.69999999999993 4
1747197885303 477.69999999999993 4
1747197885319 477.69999999999993 4
1747197885335 477.69999999999993 4
1747197885352 477.69999999999993 4
1747197885369 477.69999999999993 4
1747197885385 486.20000000000005 4
1747197885401 505.2666666666667 4
1747197885417 524.7 4
1747197885435 544.5 4
1747197885450 564.6666666666666 4
1747197885466 585.1999999999999 4
1747197885482 606.0999999999999 4
1747197885499 627.3666666666666 4
1747197885516 648.9999999999999 4
1747197885532 670.9999999999999 4
1747197885549 693.3666666666666 4
1747197885566 716.0999999999999 4
1747197885581 739.1999999999999 4
1747197885599 762.6666666666666 4
1747197885614 786.5 4
1747197885631 810.7 4
1747197885647 835.2666666666668 4
1747197885664 860.2 4
1747197885913 0.36666666666666664 5
1747197885940 1.1666666666666667 5
1747197885964 2.466666666666667 5
1747197885986 4.333333333333334 5
1747197886009 6.833333333333334 5
1747197886030 10.033333333333335 5
1747197886050 12.533333333333333 5
1747197886072 16.666666666666668 5
1747197886091 21.433333333333334 5
1747197886111 26.833333333333336 5
1747197886131 32.86666666666667 5
1747197886152 39.53333333333333 5
1747197886174 46.83333333333333 5
1747197886196 54.766666666666666 5
1747197886218 63.33333333333333 5
1747197886238 72.53333333333333 5
1747197886261 82.36666666666666 5
1747197886284 92.83333333333333 5
1747197886304 103.93333333333332 5
1747197886328 115.66666666666666 5
1747197886351 128.03333333333333 5
1747197886372 141.03333333333333 5
1747197886393 154.66666666666666 5
1747197886416 168.86666666666665 5
1747197886436 183.56666666666663 5
1747197886458 198.69999999999996 5
1747197886479 214.26666666666662 5
1747197886500 230.26666666666662 5
1747197886520 246.69999999999996 5
1747197886541 263.5666666666666 5
1747197886561 280.8666666666666 5
1747197886581 298.59999999999997 5
1747197886600 316.76666666666665 5
1747197886618 335.3666666666667 5
1747197886637 354.40000000000003 5
1747197886657 373.8666666666667 5
1747197886674 393.76666666666665 5
1747197886692 414.09999999999997 5
1747197886711 434.8666666666666 5
1747197886734 456.0666666666666 5
1747197886752 477.69999999999993 5
1747197886770 477.69999999999993 5
1747197886786 477.69999999999993 5
1747197886803 477.69999999999993 5
1747197886819 477.69999999999993 5
1747197886836 477.69999999999993 5
1747197886853 477.69999999999993 5
1747197886870 477.69999999999993 5
1747197886887 477.69999999999993 5
1747197886903 477.69999999999993 5
1747197886921 486.20000000000005 5
1747197886938 505.2666666666667 5
1747197886954 524.7 5
1747197886970 544.5 5
1747197886987 564.7333333333333 5
1747197887003 585.4666666666667 5
1747197887019 606.7666666666667 5
1747197887035 628.6999999999999 5
1747197887050 651.3333333333333 5
1747197887069 670.9999999999999 5
1747197887085 693.3666666666666 5
1747197887103 716.0999999999999 5
1747197887118 739.1999999999999 5
1747197887134 762.6666666666666 5
1747197887151 786.5 5
1747197887167 810.7 5
1747197887182 835.2666666666668 5
1747197887200 860.2 5
1747197887216 885.5 5
1747197887234 911.1666666666666 5
1747197887250 937.1999999999999 5
1747197887268 963.5999999999999 5
1747197887282 990.3666666666666 5
1747197887300 1017.4999999999999 5
1747197887316 1045.0 5
1747197887332 1072.8666666666666 5
1747197887348 1101.1 5
1747197887365 1129.6999999999998 5
1747197887382 1158.6666666666665 5
1747197887398 1187.9999999999998 5
1747197887414 1217.6999999999998 5
1747197887431 1247.7666666666664 5
1747197887446 1278.1999999999998 5
1747197887464 1308.9999999999998 5
1747197887479 1340.1666666666665 5
1747197887496 1371.6999999999998 5
1747197887514 1403.6 5
1747197887530 1435.8666666666666 5
1747197887546 1468.5 5
1747197887563 1501.5 5
1747197887579 1534.8666666666666 5
1747197887595 1568.6 5
1747197887611 1602.6999999999998 5
1747197887628 1637.1666666666665 5
1747197887644 1671.9999999999998 5
1747197887661 1707.1999999999998 5
1747197887677 1742.7666666666664 5
1747197887694 1778.6999999999998 5
1747197887709 1814.9999999999998 5
1747197887725 1851.6666666666665 5
1747197887742 1888.6999999999998 5
1747197887758 1926.1 5
1747197887775 1963.8666666666666 5
1747197887792 2002.0 5
1747197887808 2040.5 5
1747197887825 2079.366666666667 5
1747197887841 2118.6 5
1747197887857 2158.2 5
1747197887874 2198.1666666666665 5
1747197887890 2238.5 5
1747197887906 2279.2 5
1747197887925 2320.2666666666664 5
1747197887942 2361.7 5
1747197887957 2403.5 5
1747197887991 2445.6666666666665 5
1747197888019 2488.2 5
1747197888052 2531.1 5
1747197888075 2574.366666666667 5
1747197888096 2618.0 5
1747197888114 2662.0 5
1747197888131 2706.366666666667 5
1747197888147 2751.1 5
1747197888162 2796.2 5
1747197888181 2841.6666666666665 5
1747197888224 2887.5 5
1747197888243 2933.7 5
1747197888258 2980.2666666666664 5
1747197888289 3027.2 5
1747197888307 3074.5 5
1747197888322 3122.1666666666665 5
1747197888338 3170.2 5
1747197888355 3218.6 5
1747197888372 3267.366666666667 5
1747197888391 3316.5 5
1747197888406 3366.0 5
1747197888422 3415.866666666667 5
1747197888440 3466.1 5
1747197888646 0.36666666666666664 6
1747197888668 1.1666666666666667 6
1747197888690 2.466666666666667 6
1747197888711 4.333333333333334 6
1747197888732 6.833333333333334 6
1747197888750 9.966666666666667 6
1747197888769 10.266666666666667 6
1747197888789 13.200000000000001 6
1747197888807 16.5 6
1747197888824 20.166666666666668 6
1747197888844 24.200000000000003 6
1747197888860 28.6 6
1747197888878 33.36666666666667 6
1747197888895 38.5 6
1747197888913 44.0 6
1747197888930 49.86666666666667 6
1747197888947 56.1 6
1747197888966 62.7 6
1747197888985 69.66666666666667 6
1747197889003 77.0 6
1747197889021 84.7 6
1747197889039 92.76666666666667 6
1747197889057 101.2 6
1747197889075 110.0 6
1747197889095 119.16666666666667 6
1747197889112 128.70000000000002 6
1747197889131 138.60000000000002 6
1747197889151 148.8666666666667 6
1747197889168 159.50000000000003 6
1747197889187 170.50000000000003 6
1747197889205 181.93333333333337 6
1747197889222 193.8666666666667 6
1747197889240 206.3666666666667 6
1747197889258 218.16666666666669 6
1747197889275 231.00000000000003 6
1747197889292 244.20000000000002 6
1747197889309 257.7666666666667 6
1747197889326 271.70000000000005 6
1747197889342 286.00000000000006 6
1747197889359 300.66666666666674 6
1747197889375 315.7000000000001 6
1747197889392 331.1000000000001 6
1747197889407 346.86666666666673 6
1747197889424 363.00000000000006 6
1747197889440 379.50000000000006 6
1747197889457 396.36666666666673 6
1747197889473 413.6000000000001 6
1747197889489 431.2000000000001 6
1747197889507 449.16666666666674 6
1747197889524 467.50000000000006 6
1747197889540 486.20000000000005 6
1747197889555 505.2666666666667 6
1747197889571 524.7 6
1747197889589 544.5 6
1747197889605 564.6666666666666 6
1747197889623 585.1999999999999 6
1747197889646 606.0999999999999 6
1747197889684 627.3666666666666 6
1747197889703 648.9999999999999 6
1747197889723 670.9999999999999 6
1747197889744 693.3666666666666 6
1747197889762 716.0999999999999 6
1747197889779 739.2666666666665 6
1747197889799 762.9333333333332 6
1747197889816 786.5 6
1747197889832 810.7 6
1747197889850 835.2666666666668 6
1747197889867 860.2 6
1747197889883 885.5 6
1747197889900 911.1666666666666 6
1747197889917 937.1999999999999 6
1747197889937 963.5999999999999 6
1747197889955 990.3666666666666 6
1747197889976 1017.4999999999999 6
1747197889992 1045.0 6
1747197890007 1072.8666666666666 6
1747197890024 1101.1 6
1747197890040 1129.6999999999998 6
1747197890056 1158.6666666666665 6
1747197890073 1187.9999999999998 6
1747197890089 1217.6999999999998 6
1747197890106 1247.7666666666664 6
1747197890125 1278.1999999999998 6
1747197890145 1308.9999999999998 6
1747197890166 1340.1666666666665 6
1747197890183 1371.6999999999998 6
1747197890201 1403.6 6
1747197890217 1435.8666666666666 6
1747197890233 1468.5 6
1747197890250 1501.5 6
1747197890266 1534.8666666666666 6
1747197890282 1568.6 6
1747197890299 1602.6999999999998 6
1747197890314 1637.1666666666665 6
1747197890332 1671.9999999999998 6
1747197890349 1707.1999999999998 6
1747197890368 1742.7666666666664 6
1747197890387 1778.6999999999998 6
1747197890406 1814.9999999999998 6
1747197890424 1851.6666666666665 6
1747197890442 1888.6999999999998 6
1747197890457 1926.1 6
1747197890474 1963.8666666666666 6
1747197890491 2002.0 6
1747197890506 2040.5666666666666 6
1747197890523 2079.5666666666666 6
1747197890539 2119.0 6
1747197890555 2158.866666666667 6
1747197890572 2199.166666666667 6
1747197890589 2239.966666666667 6
1747197890606 2281.2666666666673 6
1747197890622 2323.0666666666675 6
1747197890639 2365.3666666666677 6
1747197890657 2408.166666666668 6
1747197890673 2451.5333333333347 6
1747197890688 2495.466666666668 6
1747197890705 2539.966666666668 6
1747197890723 2585.0333333333347 6
1747197890738 2630.666666666668 6
1747197890754 2676.8666666666677 6
1747197890771 2723.6333333333346 6
1747197890786 2770.966666666668 6
1747197890805 2818.866666666668 6
1747197890820 2867.333333333335 6
1747197890838 2916.366666666668 6
1747197890854 2965.966666666668 6
1747197890880 3016.1333333333346 6
1747197890897 3066.8666666666677 6
1747197890917 3118.166666666668 6
1747197890932 3170.0333333333347 6
1747197890949 3222.466666666668 6
1747197890968 3275.466666666668 6
1747197890984 3329.0333333333347 6
1747197891000 3383.166666666668 6
1747197891016 3437.9333333333348 6
1747197891034 3493.4000000000015 6
1747197891051 3549.566666666668 6
1747197891067 3606.4333333333348 6
1747197891085 3664.0000000000014 6
1747197891104 3722.2666666666682 6
1747197891128 3781.233333333335 6
1747197891144 3781.233333333335 6
1747197891162 3781.233333333335 6
1747197891177 3828.0 6
1747197891195 3881.1666666666665 6
1747197891210 3934.7 6
1747197891227 3988.6 6
1747197891244 4042.866666666667 6
1747197891260 4097.5 6
1747197891278 4152.5 6
1747197891298 4207.866666666667 6
1747197891314 4263.6 6
1747197891328 4319.700000000001 6
1747197891348 4376.166666666667 6
1747197891364 4433.0 6
1747197891378 4490.2 6
1747197891395 4547.766666666666 6
1747197891410 4605.7 6
1747197891428 4664.0 6
1747197891445 4722.666666666667 6
1747197891461 4781.700000000001 6
1747197891478 4841.1 6
1747197891494 4900.866666666667 6
1747197891511 4961.0 6
1747197891527 5021.5 6
1747197891544 5082.366666666667 6
1747197891562 5143.6 6
1747197891579 5205.200000000001 6
1747197891600 5267.166666666667 6
1747197891613 5329.5 6
1747197891630 5392.2 6
1747197891645 5455.266666666666 6
1747197891660 5518.7 6
1747197891678 5582.5 6
1747197891694 5646.666666666667 6
1747197891712 5711.200000000001 6
1747197891728 5776.1 6
1747197891796 5841.366666666667 6
1747197891815 5907.0 6
1747197891831 5973.0 6
1747197891849 6039.366666666667 6
1747197891865 6106.1 6
1747197891881 6173.200000000001 6
1747197891897 6240.666666666667 6
1747197891914 6308.5 6
1747197891930 6376.7 6
1747197891946 6445.266666666666 6
1747197891964 6514.2 6
1747197891979 6583.5 6
1747197891996 6653.166666666667 6
1747197892014 6723.200000000001 6
1747197892030 6793.6 6
1747197892047 6864.366666666667 6
1747197892063 6935.5 6
1747197892080 7007.0 6
1747197892097 7078.866666666667 6
1747197892113 7151.1 6
1747197892131 7223.700000000001 6
1747197892147 7296.666666666667 6
1747197892164 7370.0 6
1747197892182 7443.7 6
1747197892198 7517.766666666666 6
1747197892213 7592.2 6
1747197892230 7667.0 6
1747197892245 7742.166666666667 6
1747197892262 7817.700000000001 6
1747197892280 7893.6 6
1747197892297 7969.866666666667 6
1747197892314 8046.5 6
1747197892330 8123.5 6
1747197892348 8200.866666666667 6
1747197892365 8278.6 6
1747197892381 8356.7 6
1747197892647 0.36666666666666664 7
1747197892672 1.1666666666666667 7
1747197892699 2.466666666666667 7
1747197892721 4.333333333333334 7
1747197892749 6.833333333333334 7
1747197892782 10.033333333333335 7
1747197892805 10.466666666666667 7
1747197892829 13.666666666666668 7
1747197892851 17.366666666666667 7
1747197892874 21.566666666666666 7
1747197892894 26.266666666666666 7
1747197892917 31.466666666666665 7
1747197892940 37.166666666666664 7
1747197892964 43.36666666666667 7
1747197892988 50.06666666666667 7
1747197893010 57.26666666666667 7
1747197893033 64.96666666666667 7
1747197893055 73.1 7
1747197893075 73.13333333333334 7
1747197893097 81.66666666666667 7
1747197893118 90.76666666666667 7
1747197893138 100.43333333333334 7
1747197893158 110.66666666666667 7
1747197893179 121.46666666666667 7
1747197893199 132.83333333333334 7
1747197893217 144.76666666666668 7
1747197893234 157.26666666666668 7
1747197893252 170.33333333333334 7
1747197893272 184.03333333333333 7
1747197893291 199.5 7
1747197893310 215.73333333333335 7
1747197893329 232.66666666666669 7
1747197893347 250.23333333333335 7
1747197893365 268.3666666666667 7
1747197893382 287.0 7
1747197893400 295.2666666666667 7
1747197893418 313.4333333333334 7
1747197893436 332.16666666666674 7
1747197893454 351.46666666666675 7
1747197893470 371.3333333333334 7
1747197893488 391.76666666666677 7
1747197893505 412.76666666666677 7
1747197893528 434.3333333333334 7
1747197893621 456.46666666666675 7
1747197893655 456.46666666666675 7
1747197893678 456.46666666666675 7
1747197893697 456.46666666666675 7
1747197893714 456.46666666666675 7
1747197893729 456.46666666666675 7
1747197893746 467.50000000000006 7
1747197893764 486.20000000000005 7
1747197893780 505.2666666666667 7
1747197893800 524.7 7
1747197893819 544.5 7
1747197893838 564.6666666666666 7
1747197893857 585.1999999999999 7
1747197893876 606.0999999999999 7
1747197893904 627.3666666666666 7
1747197893922 648.9999999999999 7
1747197893938 670.9999999999999 7
1747197893954 693.3666666666666 7
1747197893971 716.0999999999999 7
1747197893989 739.1999999999999 7
1747197894006 762.6666666666666 7
1747197894022 786.5 7
1747197894038 810.7 7
1747197894056 835.2666666666668 7
1747197894071 860.2 7
1747197894087 885.5 7
1747197894104 911.1666666666666 7
1747197894120 937.1999999999999 7
1747197894137 963.5999999999999 7
1747197894156 990.3666666666666 7
1747197894174 1017.4999999999999 7
1747197894194 1045.0 7
1747197894211 1072.8666666666666 7
1747197894229 1101.1 7
1747197894245 1129.6999999999998 7
1747197894263 1158.6666666666665 7
1747197894280 1187.9999999999998 7
1747197894297 1217.6999999999998 7
1747197894312 1247.7666666666664 7
1747197894327 1278.1999999999998 7
1747197894344 1308.9999999999998 7
1747197894359 1340.1666666666665 7
1747197894376 1371.6999999999998 7
1747197894393 1403.6 7
1747197894410 1435.8666666666666 7
1747197894425 1468.5 7
1747197894444 1501.5 7
1747197894460 1534.8666666666666 7
1747197894477 1568.6 7
1747197894494 1602.6999999999998 7
1747197894510 1637.1666666666665 7
1747197894526 1671.9999999999998 7
1747197894543 1707.1999999999998 7
1747197894560 1742.7666666666664 7
1747197894575 1778.6999999999998 7
1747197894593 1814.9999999999998 7
1747197894609 1851.6666666666665 7
1747197894626 1888.6999999999998 7
1747197894642 1926.1 7
1747197894659 1963.8666666666666 7
1747197894676 2002.0 7
1747197894692 2040.5666666666666 7
1747197894709 2079.5666666666666 7
1747197894724 2119.0 7
1747197894741 2158.866666666667 7
1747197894758 2199.166666666667 7
1747197894775 2239.966666666667 7
1747197894791 2281.2666666666673 7
1747197894809 2323.0666666666675 7
1747197894828 2365.3666666666677 7
1747197894842 2408.166666666668 7
1747197894863 2451.5333333333347 7
1747197894880 2495.466666666668 7
1747197894897 2539.966666666668 7
1747197894914 2585.0333333333347 7
1747197894930 2630.666666666668 7
1747197894946 2676.8666666666677 7
1747197894962 2723.6333333333346 7
1747197894980 2770.966666666668 7
1747197894997 2818.866666666668 7
1747197895012 2867.333333333335 7
1747197895028 2916.366666666668 7
1747197895046 2965.966666666668 7
1747197895062 3016.1333333333346 7
1747197895077 3066.8666666666677 7
1747197895095 3118.166666666668 7
1747197895111 3170.0333333333347 7
1747197895127 3222.466666666668 7
1747197895149 3275.466666666668 7
1747197895166 3329.0333333333347 7
1747197895189 3383.166666666668 7
1747197895210 3437.9333333333348 7
1747197895227 3493.4000000000015 7
1747197895244 3549.566666666668 7
1747197895267 3606.4333333333348 7
1747197895280 3664.0000000000014 7
1747197895297 3722.2666666666682 7
1747197895313 3781.233333333335 7
1747197895330 3781.233333333335 7
1747197895345 3781.233333333335 7
1747197895363 3828.0 7
1747197895378 3881.1666666666665 7
1747197895396 3934.7 7
1747197895411 3988.6 7
1747197895429 4042.866666666667 7
1747197895447 4097.5 7
1747197895466 4152.5 7
1747197895492 4207.866666666667 7
1747197895512 4263.6 7
1747197895527 4319.700000000001 7
1747197895546 4376.166666666667 7
1747197895562 4433.0 7
1747197895578 4490.2 7
1747197895595 4547.766666666666 7
1747197895611 4605.7 7
1747197895628 4664.0 7
1747197895645 4722.666666666667 7
1747197895661 4781.700000000001 7
1747197895678 4841.1 7
1747197895694 4900.866666666667 7
1747197895710 4961.0 7
1747197895727 5021.5 7
1747197895749 5082.366666666667 7
1747197895769 5143.6 7
1747197895784 5205.200000000001 7
1747197895799 5267.166666666667 7
1747197895816 5329.5 7
1747197895832 5392.2 7
1747197895848 5455.266666666666 7
1747197895864 5518.7 7
1747197895881 5582.5 7
1747197895899 5646.666666666667 7
1747197895916 5711.200000000001 7
1747197895931 5776.1 7
1747197895949 5841.366666666667 7
1747197895965 5907.0 7
1747197895983 5973.0 7
1747197896000 6039.366666666667 7
1747197896017 6106.1 7
1747197896032 6173.200000000001 7
1747197896049 6240.666666666667 7
1747197896065 6308.5 7
1747197896081 6376.7 7
1747197896099 6445.266666666666 7
1747197896115 6514.2 7
1747197896132 6583.5 7
1747197896147 6653.166666666667 7
1747197896164 6723.200000000001 7
1747197896180 6793.6 7
1747197896199 6864.366666666667 7
1747197896213 6935.5 7
1747197896229 7007.0 7
1747197896246 7078.866666666667 7
1747197896263 7151.1 7
1747197896279 7223.700000000001 7
1747197896294 7296.666666666667 7
1747197896311 7370.0 7
1747197896329 7443.7 7
1747197896346 7517.766666666666 7
1747197896364 7592.2 7
1747197896378 7667.0 7
1747197896395 7742.166666666667 7
1747197896411 7817.700000000001 7
1747197896429 7893.6 7
1747197896444 7969.866666666667 7
1747197896462 8046.5 7
1747197896478 8123.5 7
1747197896495 8200.866666666667 7
1747197896511 8278.6 7
1747197896528 8356.7 7
1747197896547 8435.166666666668 7
1747197896564 8514.000000000002 7
1747197896580 8593.200000000003 7
1747197896596 8672.76666666667 7
1747197896612 8752.700000000003 7
1747197896628 8833.000000000002 7
1747197896647 8913.666666666668 7
1747197896662 8994.7 7
1747197896680 9076.1 7
1747197896696 9157.866666666667 7
1747197896714 9240.0 7
1747197896731 9322.5 7
1747197896747 9405.366666666667 7
1747197896766 9488.6 7
1747197896782 9572.2 7
1747197896798 9656.166666666668 7
1747197896817 9740.500000000002 7
1747197896832 9825.200000000003 7
1747197896850 9910.26666666667 7
1747197896866 9995.700000000003 7
1747197896883 10081.500000000002 7
1747197896899 10167.666666666668 7
1747197896917 10254.2 7
1747197896932 10341.1 7
1747197896949 10428.366666666667 7
1747197896965 10516.0 7
1747197896982 10604.0 7
1747197896999 10692.366666666667 7
1747197897017 10781.1 7
1747197897033 10870.2 7
1747197897049 10959.666666666668 7
1747197897067 11049.500000000002 7
1747197897082 11139.700000000003 7
1747197897099 11230.26666666667 7
1747197897115 11321.200000000003 7
1747197897131 11412.500000000002 7
1747197897147 11504.166666666668 7
1747197897165 11596.2 7
1747197897180 11688.6 7
1747197897197 11781.366666666667 7
1747197897215 11874.5 7
1747197897231 11968.0 7
1747197897248 12061.866666666667 7
1747197897265 12156.1 7
1747197897281 12250.7 7
1747197897298 12345.666666666668 7
1747197897314 12441.000000000002 7
1747197897330 12536.700000000003 7
1747197897348 12632.76666666667 7
1747197897365 12729.200000000003 7
1747197897381 12826.000000000002 7
1747197897397 12923.166666666668 7
1747197897413 13020.7 7
1747197897429 13118.6 7
1747197897446 13216.866666666667 7
1747197897464 13315.5 7
1747197897480 13414.5 7
1747197897496 13513.866666666667 7
1747197897514 13613.6 7
1747197897531 13713.7 7
1747197897547 13814.166666666668 7
1747197897564 13915.000000000002 7
1747197897581 14016.200000000003 7
1747197897597 14117.76666666667 7
1747197897614 14219.700000000003 7
1747197897631 14322.000000000002 7
1747197897647 14424.666666666668 7
1747197897665 14527.7 7
1747197897681 14631.1 7
1747197897697 14734.866666666667 7
1747197897714 14839.0 7
1747197897729 14943.5 7
1747197897746 15048.366666666667 7
1747197897764 15153.6 7
1747197897780 15259.2 7
1747197897798 15365.166666666668 7
1747197897815 15471.500000000002 7
1747197897831 15578.200000000003 7
1747197897847 15685.26666666667 7
1747197897864 15792.700000000003 7
1747197897883 15900.500000000002 7
1747197897899 16008.666666666668 7
1747197897916 16117.2 7
1747197897932 16226.1 7
1747197897949 16335.366666666667 7
1747197897965 16445.0 7
1747197897982 16555.0 7
1747197898008 16665.366666666665 7
1747197898026 16776.1 7
1747197898041 16887.199999999997 7
1747197898058 16998.666666666664 7
1747197898075 17110.499999999996 7
1747197898091 17222.699999999997 7
1747197898107 17335.266666666663 7
1747197898124 17448.199999999997 7
1747197898141 17561.499999999996 7
1747197898157 17675.166666666664 7
1747197898173 17789.199999999997 7
1747197898189 17903.6 7
1747197898207 18018.366666666665 7
1747197898223 18133.5 7
1747197898239 18249.0 7
1747197898258 18364.866666666665 7
1747197898274 18481.1 7
1747197898289 18597.699999999997 7
1747197898306 18714.666666666664 7
1747197898325 18831.999999999996 7
1747197898339 18949.699999999997 7
1747197898357 19067.766666666663 7
1747197898379 19186.199999999997 7
1747197898397 19304.999999999996 7
1747197898412 19424.166666666664 7
1747197898427 19543.699999999997 7
1747197898443 19663.6 7
1747197898460 19783.866666666665 7
1747197898479 19904.5 7
1747197898495 20025.5 7
1747197898511 20146.866666666665 7
1747197898530 20268.6 7
1747197898544 20390.699999999997 7
1747197898559 20513.166666666664 7
1747197898575 20635.999999999996 7
1747197898592 20759.199999999997 7
1747197898609 20882.766666666663 7
1747197898626 21006.699999999997 7
1747197898643 21130.999999999996 7
1747197898660 21255.666666666664 7
1747197898676 21380.699999999997 7
1747197898691 21506.1 7
1747197898707 21631.866666666665 7
1747197898724 21758.0 7
1747197898740 21884.5 7
1747197898760 22011.366666666665 7
1747197898777 22138.6 7
1747197898794 22266.199999999997 7
1747197898810 22394.166666666664 7
1747197898827 22522.499999999996 7
1747197898843 22651.199999999997 7
1747197898860 22780.266666666663 7
1747197898875 22909.699999999997 7
1747197898892 23039.499999999996 7
1747197898908 23169.666666666664 7
1747197898930 23300.199999999997 7
1747197898963 23431.1 7
1747197898980 23562.366666666665 7
1747197898996 23694.0 7
1747197899011 23826.0 7
1747197899034 23958.366666666665 7
1747197899051 24091.1 7
1747197899068 24224.199999999997 7
1747197899085 24357.666666666664 7
1747197899101 24491.499999999996 7
1747197899117 24625.699999999997 7
1747197899132 24760.266666666663 7
1747197899150 24895.199999999997 7
1747197899166 25030.499999999996 7
1747197899182 25166.166666666664 7
1747197899199 25302.199999999997 7
1747197899217 25438.6 7
1747197899232 25575.366666666665 7
1747197899247 25712.5 7
1747197899265 25850.0 7
1747197899282 25987.866666666665 7
1747197899298 26126.1 7
1747197899314 26264.699999999997 7
1747197899335 26403.666666666664 7
1747197899355 26542.999999999996 7
1747197899371 26682.699999999997 7
1747197899388 26822.766666666663 7
1747197899404 26963.199999999997 7
1747197899420 27103.999999999996 7
1747197899437 27245.166666666664 7
1747197899454 27386.699999999997 7
1747197899470 27528.6 7
1747197899487 27670.866666666665 7
1747197899508 27813.5 7
1747197899523 27956.5 7
1747197899540 28099.866666666665 7
1747197899556 28243.6 7
1747197899572 28387.699999999997 7
1747197899589 28532.166666666664 7
1747197899607 28676.999999999996 7
1747197899622 28822.199999999997 7
1747197899640 28967.766666666663 7
1747197899656 29113.699999999997 7
1747197899673 29259.999999999996 7
1747197899689 29406.666666666664 7
1747197899706 29553.699999999997 7
1747197899724 29701.1 7
1747197899739 29848.866666666665 7
1747197899756 29997.0 7
1747197899774 30145.5 7
1747197899789 30294.366666666665 7
1747197899807 30443.6 7
1747197899822 30593.199999999997 7
1747197899841 30743.166666666664 7
1747197899857 30893.499999999996 7
1747197899872 31044.199999999997 7
1747197899890 31195.266666666663 7
1747197899908 31346.699999999997 7
1747197899922 31498.566666666662 7
1747197899939 31650.86666666666 7
1747197899957 31803.599999999995 7
1747197899972 31956.766666666663 7
1747197899988 32110.36666666666 7
1747197900004 32264.399999999994 7
1747197900022 32418.86666666666 7
1747197900039 32573.766666666663 7
1747197900054 32729.099999999995 7
1747197900070 32884.86666666666 7
1747197900088 33041.06666666666 7
1747197900104 33197.69999999999 7
1747197900120 33354.766666666656 7
1747197900137 33512.266666666656 7
1747197900155 33670.19999999999 7
1747197900171 33828.56666666666 7
1747197900188 33987.36666666666 7
1747197900204 34146.59999999999 7
1747197900221 34306.266666666656 7
1747197900237 34466.366666666654 7
1747197900254 34626.89999999999 7
1747197900270 34787.866666666654 7
1747197900286 34949.266666666656 7
1747197900304 35111.09999999999 7
1747197900319 35273.36666666666 7
1747197900335 35436.06666666666 7
1747197900350 35599.19999999999 7
1747197900367 35762.766666666656 7
1747197900384 35926.766666666656 7
1747197900399 36091.19999999999 7
1747197900417 36256.06666666666 7
1747197900433 36421.36666666666 7
1747197900449 36587.09999999999 7
1747197900466 36753.266666666656 7
1747197900483 36919.866666666654 7
1747197900499 37086.89999999999 7
1747197900515 37254.366666666654 7
1747197900534 37422.266666666656 7
1747197900551 37590.59999999999 7
1747197900566 37759.36666666666 7
1747197900583 37928.56666666666 7
1747197900601 38098.19999999999 7
1747197900616 38268.266666666656 7
1747197900632 38438.766666666656 7
1747197900649 38609.69999999999 7
1747197900666 38781.06666666666 7
1747197900682 38952.86666666666 7
1747197900697 39125.09999999999 7
1747197900717 39297.766666666656 7
1747197900732 39470.866666666654 7
1747197900747 39644.39999999999 7
1747197900765 39818.366666666654 7
1747197900780 39992.766666666656 7
1747197900797 40167.59999999999 7
1747197900814 40342.86666666666 7
1747197900831 40518.56666666666 7
1747197900848 40694.69999999999 7
1747197900863 40871.266666666656 7
1747197900878 41048.266666666656 7
1747197900894 41225.69999999999 7
1747197900912 41403.56666666666 7
1747197900928 41581.86666666666 7
1747197900943 41760.59999999999 7
1747197900960 41939.766666666656 7
1747197900976 42119.366666666654 7
1747197900992 42299.39999999999 7
1747197901008 42479.866666666654 7
1747197901025 42660.766666666656 7
1747197901042 42842.09999999999 7
1747197901057 43023.86666666666 7
1747197901074 43206.06666666666 7
1747197901090 43388.69999999999 7
1747197901108 43571.766666666656 7
1747197901125 43755.266666666656 7
1747197901141 43939.19999999999 7
1747197901159 44123.56666666666 7
1747197901176 44308.36666666666 7
1747197901190 44493.59999999999 7
1747197901207 44679.266666666656 7
1747197901222 44865.366666666654 7
1747197901241 45051.89999999999 7
1747197901256 45238.866666666654 7
1747197901276 45426.266666666656 7
1747197901291 45614.09999999999 7
1747197901309 45802.36666666666 7
1747197901326 45991.06666666666 7
1747197901342 46180.19999999999 7
1747197901359 46369.766666666656 7
1747197901376 46559.766666666656 7
1747197901392 46750.19999999999 7
1747197901408 46941.06666666666 7
1747197901422 47132.36666666666 7
1747197901441 47324.09999999999 7
1747197901457 47516.266666666656 7
1747197901475 47708.866666666654 7
1747197901491 47901.89999999999 7
1747197901508 48095.366666666654 7
1747197901525 48289.266666666656 7
1747197901541 48483.59999999999 7
1747197901558 48678.36666666666 7
1747197901575 48873.56666666666 7
1747197901592 49069.19999999999 7
1747197901607 49265.266666666656 7
1747197901626 49461.766666666656 7
1747197901642 49658.69999999999 7
1747197901659 49856.06666666666 7
1747197901677 50053.86666666666 7
1747197901693 50252.09999999999 7
1747197901709 50450.766666666656 7
1747197901727 50649.866666666654 7
1747197901742 50849.39999999999 7
1747197901766 51049.366666666654 7
1747197901793 51249.766666666656 7
1747197901807 51450.59999999999 7
1747197901823 51651.86666666666 7
1747197901839 51853.56666666666 7
1747197901856 52055.69999999999 7
1747197901873 52258.266666666656 7
1747197901889 52461.266666666656 7
1747197901907 52664.69999999999 7
1747197901923 52868.56666666666 7
1747197901939 53072.86666666666 7
1747197901956 53277.59999999999 7
1747197901972 53482.766666666656 7
1747197901989 53688.366666666654 7
1747197902004 53894.39999999999 7
1747197902021 54100.866666666654 7
1747197902041 54307.766666666656 7
1747197902056 54515.09999999999 7
1747197902083 54722.86666666666 7
1747197902100 54931.06666666666 7
1747197902115 55139.69999999999 7
1747197902131 55348.766666666656 7
1747197902149 55558.266666666656 7
1747197902166 55768.19999999999 7
1747197902182 55978.56666666666 7
1747197902199 56189.36666666666 7
1747197902215 56400.59999999999 7
1747197902232 56612.266666666656 7
1747197902248 56824.366666666654 7
1747197902264 57036.89999999999 7
1747197902282 57249.866666666654 7
1747197902299 57463.266666666656 7
1747197902315 57677.09999999999 7
1747197902332 57891.36666666666 7
1747197902349 58106.06666666666 7
1747197902365 58321.19999999999 7
1747197902382 58536.766666666656 7
1747197902397 58752.766666666656 7
1747197902414 58969.19999999999 7
1747197902430 59186.06666666666 7
1747197902448 59403.36666666666 7
1747197902464 59621.09999999999 7
1747197902481 59839.266666666656 7
1747197902692 0.36666666666666664 8
1747197902713 1.1666666666666667 8
1747197902737 2.466666666666667 8
1747197902758 4.333333333333334 8
1747197902781 6.833333333333334 8
1747197902804 10.033333333333335 8
1747197902824 10.666666666666668 8
1747197902848 13.933333333333334 8
1747197902873 17.7 8
1747197902900 22.03333333333333 8
1747197902927 26.93333333333333 8
1747197902949 32.46666666666666 8
1747197902971 38.633333333333326 8
1747197902992 45.43333333333332 8
1747197903012 52.86666666666666 8
1747197903038 60.93333333333332 8
1747197903066 69.69999999999999 8
1747197903089 79.16666666666666 8
1747197903112 89.39999999999999 8
1747197903132 100.46666666666665 8
1747197903154 112.43333333333332 8
1747197903183 125.29999999999998 8
1747197903213 139.13333333333333 8
1747197903236 153.93333333333334 8
1747197903256 169.70000000000002 8
1747197903277 186.50000000000003 8
1747197903297 204.33333333333337 8
1747197903318 223.20000000000005 8
1747197903339 243.10000000000005 8
1747197903358 264.03333333333336 8
1747197903377 264.03333333333336 8
1747197903397 264.03333333333336 8
1747197903417 264.03333333333336 8
1747197903440 264.03333333333336 8
1747197903459 264.03333333333336 8
1747197903480 268.26666666666665 8
1747197903500 283.96666666666664 8
1747197903520 300.2333333333333 8
1747197903540 317.13333333333327 8
1747197903559 334.66666666666663 8
1747197903579 352.8333333333333 8
1747197903598 371.6333333333333 8
1747197903618 391.06666666666666 8
1747197903637 411.1333333333333 8
1747197903657 431.8333333333333 8
1747197903679 453.16666666666663 8
1747197903699 475.13333333333327 8
1747197903719 497.7333333333333 8
1747197903738 497.7333333333333 8
1747197903756 497.7333333333333 8
1747197903774 497.7333333333333 8
1747197903792 505.2666666666667 8
1747197903812 524.7 8
1747197903831 544.5 8
1747197903847 564.6666666666666 8
1747197903866 585.1999999999999 8
1747197903882 606.0999999999999 8
1747197903899 627.3666666666666 8
1747197903916 648.9999999999999 8
1747197903934 670.9999999999999 8
1747197903950 693.3666666666666 8
1747197903971 716.0999999999999 8
1747197903993 739.1999999999999 8
1747197904066 762.6666666666666 8
1747197904096 786.5 8
1747197904117 810.7 8
1747197904137 835.2666666666668 8
1747197904155 860.2 8
1747197904172 885.5 8
1747197904190 911.1666666666666 8
1747197904207 937.1999999999999 8
1747197904224 963.5999999999999 8
1747197904241 990.3666666666666 8
1747197904258 1017.4999999999999 8
1747197904275 1045.0 8
1747197904291 1072.8666666666666 8
1747197904308 1101.1 8
1747197904325 1129.6999999999998 8
1747197904342 1158.6666666666665 8
1747197904358 1187.9999999999998 8
1747197904376 1217.6999999999998 8
1747197904391 1247.7666666666664 8
1747197904408 1278.1999999999998 8
1747197904422 1308.9999999999998 8
1747197904441 1340.1666666666665 8
1747197904457 1371.6999999999998 8
1747197904474 1403.6 8
1747197904491 1435.8666666666666 8
1747197904506 1468.5 8
1747197904524 1501.5 8
1747197904541 1534.8666666666666 8
1747197904556 1568.6 8
1747197904574 1602.6999999999998 8
1747197904590 1637.1666666666665 8
1747197904607 1671.9999999999998 8
1747197904623 1707.1999999999998 8
1747197904639 1742.7666666666664 8
1747197904659 1778.6999999999998 8
1747197904676 1814.9999999999998 8
1747197904694 1851.6666666666665 8
1747197904711 1888.6999999999998 8
1747197904729 1926.1 8
1747197904747 1963.8666666666666 8
1747197904762 2002.0 8
1747197904781 2040.5 8
1747197904809 2079.366666666667 8
1747197904825 2118.6 8
1747197904840 2158.2 8
1747197904858 2198.1666666666665 8
1747197904875 2238.5 8
1747197904891 2279.2 8
1747197904908 2320.2666666666664 8
1747197904924 2361.7 8
1747197904941 2403.5 8
1747197904956 2445.6666666666665 8
1747197904972 2488.2 8
1747197904989 2531.1 8
1747197905005 2574.4333333333334 8
1747197905020 2618.2000000000003 8
1747197905038 2662.4 8
1747197905054 2707.0333333333333 8
1747197905071 2752.1 8
1747197905088 2797.6 8
1747197905103 2843.6 8
1747197905119 2890.1666666666665 8
1747197905135 2933.7 8
1747197905151 2980.2666666666664 8
1747197905168 3027.2 8
1747197905185 3074.5 8
1747197905202 3122.1666666666665 8
1747197905218 3170.2 8
1747197905236 3218.6 8
1747197905253 3267.366666666667 8
1747197905271 3316.5 8
1747197905287 3366.0 8
1747197905304 3415.866666666667 8
1747197905320 3466.1 8
1747197905337 3516.7 8
1747197905354 3567.6666666666665 8
1747197905369 3619.0 8
1747197905386 3670.7 8
1747197905402 3722.7666666666664 8
1747197905419 3775.2 8
1747197905437 3828.0 8
1747197905452 3881.1666666666665 8
1747197905470 3934.7 8
1747197905486 3988.6 8
1747197905502 4042.866666666667 8
1747197905520 4097.5 8
1747197905535 4152.5 8
1747197905551 4207.866666666667 8
1747197905568 4263.6 8
1747197905585 4319.700000000001 8
1747197905600 4376.166666666667 8
1747197905618 4433.0 8
1747197905634 4490.2 8
1747197905651 4547.766666666666 8
1747197905667 4605.7 8
1747197905683 4664.0 8
1747197905700 4722.666666666667 8
1747197905715 4781.700000000001 8
1747197905733 4841.1 8
1747197905748 4900.866666666667 8
1747197905766 4961.0 8
1747197905781 5021.566666666667 8
1747197905798 5082.633333333333 8
1747197905813 5144.266666666666 8
1747197905830 5205.200000000001 8
1747197905847 5267.166666666667 8
1747197905863 5329.5 8
1747197905881 5392.2 8
1747197905897 5455.266666666666 8
1747197905914 5518.7 8
1747197905931 5582.5 8
1747197905947 5646.666666666667 8
1747197905965 5711.200000000001 8
1747197905980 5776.1 8
1747197905997 5841.366666666667 8
1747197906014 5907.0 8
1747197906029 5973.0 8
1747197906047 6039.366666666667 8
1747197906062 6106.1 8
1747197906081 6173.200000000001 8
1747197906097 6240.666666666667 8
1747197906112 6308.5 8
1747197906130 6376.7 8
1747197906145 6445.266666666666 8
1747197906172 6514.2 8
1747197906188 6583.5 8
1747197906206 6653.166666666667 8
1747197906222 6723.200000000001 8
1747197906237 6793.6 8
1747197906255 6864.366666666667 8
1747197906272 6935.5 8
1747197906288 7007.0 8
1747197906305 7078.866666666667 8
1747197906321 7151.1 8
1747197906338 7223.700000000001 8
1747197906354 7296.666666666667 8
1747197906373 7370.0 8
1747197906388 7443.7 8
1747197906405 7517.766666666666 8
1747197906423 7592.2 8
1747197906438 7667.0 8
1747197906455 7742.166666666667 8
1747197906472 7817.700000000001 8
1747197906489 7893.6 8
1747197906505 7969.866666666667 8
1747197906520 8046.5 8
1747197906537 8123.5 8
1747197906555 8200.866666666667 8
1747197906570 8278.6 8
1747197906589 8356.7 8
1747197906603 8435.166666666668 8
1747197906620 8514.000000000002 8
1747197906635 8593.200000000003 8
1747197906652 8672.76666666667 8
1747197906669 8752.700000000003 8
1747197906686 8833.000000000002 8
1747197906700 8913.666666666668 8
1747197906718 8994.7 8
1747197906734 9076.1 8
1747197906751 9157.866666666667 8
1747197906767 9240.0 8
1747197906784 9322.5 8
1747197906800 9405.366666666667 8
1747197906817 9488.6 8
1747197906832 9572.2 8
1747197906850 9656.166666666668 8
1747197906866 9740.500000000002 8
1747197906884 9825.200000000003 8
1747197906901 9910.26666666667 8
1747197906917 9995.700000000003 8
1747197906935 10081.500000000002 8
1747197906949 10167.666666666668 8
1747197906967 10254.2 8
1747197906984 10341.1 8
1747197907000 10428.366666666667 8
1747197907015 10516.0 8
1747197907031 10604.0 8
1747197907048 10692.366666666667 8
1747197907064 10781.1 8
1747197907082 10870.2 8
1747197907097 10959.666666666668 8
1747197907112 11049.500000000002 8
1747197907130 11139.700000000003 8
1747197907146 11230.26666666667 8
1747197907165 11321.200000000003 8
1747197907180 11412.500000000002 8
1747197907196 11504.166666666668 8
1747197907213 11596.2 8
1747197907230 11688.6 8
1747197907245 11781.366666666667 8
1747197907262 11874.5 8
1747197907278 11968.0 8
1747197907295 12061.866666666667 8
1747197907312 12156.1 8
1747197907328 12250.7 8
1747197907344 12345.666666666668 8
1747197907361 12441.000000000002 8
1747197907379 12536.700000000003 8
1747197907395 12632.76666666667 8
1747197907410 12729.200000000003 8
1747197907428 12826.000000000002 8
1747197907444 12923.166666666668 8
1747197907459 13020.7 8
1747197907475 13118.6 8
1747197907492 13216.866666666667 8
1747197907508 13315.5 8
1747197907529 13414.5 8
1747197907542 13513.866666666667 8
1747197907560 13613.6 8
1747197907577 13713.7 8
1747197907594 13814.166666666668 8
1747197907612 13915.000000000002 8
1747197907627 14016.200000000003 8
1747197907644 14117.76666666667 8
1747197907661 14219.700000000003 8
1747197907676 14322.000000000002 8
1747197907694 14424.666666666668 8
1747197907708 14527.7 8
1747197907726 14631.1 8
1747197907742 14734.866666666667 8
1747197907758 14839.0 8
1747197907775 14943.5 8
1747197907794 15048.366666666667 8
1747197907810 15153.6 8
1747197907827 15259.2 8
1747197907842 15365.166666666668 8
1747197907860 15471.500000000002 8
1747197907875 15578.200000000003 8
1747197907891 15685.26666666667 8
1747197907909 15792.700000000003 8
1747197907925 15900.500000000002 8
1747197907941 16008.666666666668 8
1747197907959 16117.2 8
1747197907975 16226.1 8
1747197907991 16335.366666666667 8
1747197908009 16445.0 8
1747197908026 16555.0 8
1747197908041 16665.366666666665 8
1747197908058 16776.1 8
1747197908075 16887.199999999997 8
1747197908092 16998.666666666664 8
1747197908108 17110.499999999996 8
1747197908124 17222.699999999997 8
1747197908141 17335.266666666663 8
1747197908159 17448.199999999997 8
1747197908174 17561.499999999996 8
1747197908190 17675.166666666664 8
1747197908207 17789.199999999997 8
1747197908224 17903.6 8
1747197908242 18018.366666666665 8
1747197908258 18133.5 8
1747197908273 18249.0 8
1747197908290 18364.866666666665 8
1747197908306 18481.1 8
1747197908322 18597.699999999997 8
1747197908340 18714.666666666664 8
1747197908357 18831.999999999996 8
1747197908374 18949.699999999997 8
1747197908390 19067.766666666663 8
1747197908407 19186.199999999997 8
1747197908422 19304.999999999996 8
1747197908438 19424.166666666664 8
1747197908457 19543.699999999997 8
1747197908474 19663.6 8
1747197908491 19783.866666666665 8
1747197908510 19904.5 8
1747197908526 20025.5 8
1747197908542 20146.866666666665 8
1747197908558 20268.6 8
1747197908575 20390.699999999997 8
1747197908592 20513.166666666664 8
1747197908609 20635.999999999996 8
1747197908626 20759.199999999997 8
1747197908642 20882.766666666663 8
1747197908660 21006.699999999997 8
1747197908676 21130.999999999996 8
1747197908692 21255.666666666664 8
1747197908709 21380.699999999997 8
1747197908726 21506.1 8
1747197908743 21631.866666666665 8
1747197908758 21758.0 8
1747197908776 21884.5 8
1747197908792 22011.366666666665 8
1747197908810 22138.6 8
1747197908827 22266.199999999997 8
1747197908844 22394.166666666664 8
1747197908861 22522.499999999996 8
1747197908876 22651.199999999997 8
1747197908900 22780.266666666663 8
1747197908917 22909.699999999997 8
1747197908934 23039.499999999996 8
1747197908950 23169.666666666664 8
1747197908967 23300.199999999997 8
1747197908984 23431.1 8
1747197909000 23562.366666666665 8
1747197909015 23694.0 8
1747197909031 23826.0 8
1747197909049 23958.366666666665 8
1747197909065 24091.1 8
1747197909082 24224.199999999997 8
1747197909098 24357.666666666664 8
1747197909114 24491.499999999996 8
1747197909131 24625.699999999997 8
1747197909147 24760.266666666663 8
1747197909165 24895.199999999997 8
1747197909181 25030.499999999996 8
1747197909197 25166.166666666664 8
1747197909214 25302.199999999997 8
1747197909231 25438.6 8
1747197909248 25575.366666666665 8
1747197909264 25712.5 8
1747197909280 25850.0 8
1747197909297 25987.866666666665 8
1747197909314 26126.1 8
1747197909329 26264.699999999997 8
1747197909346 26403.666666666664 8
1747197909363 26542.999999999996 8
1747197909378 26682.699999999997 8
1747197909395 26822.766666666663 8
1747197909412 26963.199999999997 8
1747197909429 27103.999999999996 8
1747197909445 27245.166666666664 8
1747197909462 27386.699999999997 8
1747197909478 27528.6 8
1747197909494 27670.866666666665 8
1747197909512 27813.5 8
1747197909528 27956.5 8
1747197909545 28099.866666666665 8
1747197909562 28243.6 8
1747197909579 28387.699999999997 8
1747197909595 28532.166666666664 8
1747197909610 28676.999999999996 8
1747197909627 28822.199999999997 8
1747197909644 28967.766666666663 8
1747197909662 29113.699999999997 8
1747197909677 29259.999999999996 8
1747197909694 29406.666666666664 8
1747197909709 29553.699999999997 8
1747197909726 29701.1 8
1747197909744 29848.866666666665 8
1747197909759 29997.0 8
1747197909778 30145.5 8
1747197909793 30294.366666666665 8
1747197909809 30443.6 8
1747197909826 30593.199999999997 8
1747197909842 30743.166666666664 8
1747197909860 30893.499999999996 8
1747197909875 31044.199999999997 8
1747197909891 31195.266666666663 8
1747197909908 31346.699999999997 8
1747197909924 31498.566666666662 8
1747197909940 31650.86666666666 8
1747197909958 31803.599999999995 8
1747197909974 31956.766666666663 8
1747197909992 32110.36666666666 8
1747197910007 32264.399999999994 8
1747197910023 32418.86666666666 8
1747197910040 32573.766666666663 8
1747197910056 32729.099999999995 8
1747197910072 32884.86666666666 8
1747197910090 33041.06666666666 8
1747197910106 33197.69999999999 8
1747197910124 33354.766666666656 8
1747197910139 33512.266666666656 8
1747197910154 33670.19999999999 8
1747197910171 33828.56666666666 8
1747197910187 33987.36666666666 8
1747197910202 34146.59999999999 8
1747197910218 34306.266666666656 8
1747197910235 34466.366666666654 8
1747197910259 34626.89999999999 8
1747197910277 34787.866666666654 8
1747197910293 34949.266666666656 8
1747197910308 35111.09999999999 8
1747197910325 35273.36666666666 8
1747197910342 35436.06666666666 8
1747197910359 35599.19999999999 8
1747197910375 35762.766666666656 8
1747197910390 35926.766666666656 8
1747197910407 36091.19999999999 8
1747197910424 36256.06666666666 8
1747197910441 36421.36666666666 8
1747197910457 36587.09999999999 8
1747197910472 36753.266666666656 8
1747197910491 36919.866666666654 8
1747197910507 37086.89999999999 8
1747197910524 37254.366666666654 8
1747197910541 37422.266666666656 8
1747197910557 37590.59999999999 8
1747197910574 37759.36666666666 8
1747197910590 37928.56666666666 8
1747197910606 38098.19999999999 8
1747197910622 38268.266666666656 8
1747197910640 38438.766666666656 8
1747197910657 38609.69999999999 8
1747197910673 38781.06666666666 8
1747197910691 38952.86666666666 8
1747197910708 39125.09999999999 8
1747197910724 39297.766666666656 8
1747197910739 39470.866666666654 8
1747197910755 39644.39999999999 8
1747197910772 39818.366666666654 8
1747197910787 39992.766666666656 8
1747197910806 40167.59999999999 8
1747197910821 40342.86666666666 8
1747197910840 40518.56666666666 8
1747197910862 40694.69999999999 8
1747197910879 40871.266666666656 8
1747197910895 41048.266666666656 8
1747197910912 41225.69999999999 8
1747197910929 41403.56666666666 8
1747197910945 41581.86666666666 8
1747197910960 41760.59999999999 8
1747197910977 41939.766666666656 8
1747197910994 42119.366666666654 8
1747197911012 42299.39999999999 8
1747197911028 42479.866666666654 8
1747197911045 42660.766666666656 8
1747197911060 42842.09999999999 8
1747197911077 43023.86666666666 8
1747197911092 43206.06666666666 8
1747197911108 43388.69999999999 8
1747197911126 43571.766666666656 8
1747197911142 43755.266666666656 8
1747197911159 43939.19999999999 8
1747197911174 44123.56666666666 8
1747197911189 44308.36666666666 8
1747197911206 44493.59999999999 8
1747197911223 44679.266666666656 8
1747197911239 44865.366666666654 8
1747197911256 45051.89999999999 8
1747197911272 45238.866666666654 8
1747197911289 45426.266666666656 8
1747197911305 45614.09999999999 8
1747197911322 45802.36666666666 8
1747197911338 45991.06666666666 8
1747197911355 46180.19999999999 8
1747197911372 46369.766666666656 8
1747197911387 46559.766666666656 8
1747197911404 46750.19999999999 8
1747197911420 46941.06666666666 8
1747197911436 47132.36666666666 8
1747197911452 47324.09999999999 8
1747197911468 47516.266666666656 8
1747197911485 47708.866666666654 8
1747197911501 47901.89999999999 8
1747197911518 48095.366666666654 8
1747197911534 48289.266666666656 8
1747197911550 48483.59999999999 8
1747197911567 48678.36666666666 8
1747197911584 48873.56666666666 8
1747197911601 49069.19999999999 8
1747197911618 49265.266666666656 8
1747197911635 49461.766666666656 8
1747197911652 49658.69999999999 8
1747197911668 49856.06666666666 8
1747197911684 50053.86666666666 8
1747197911702 50252.09999999999 8
1747197911717 50450.766666666656 8
1747197911735 50649.866666666654 8
1747197911751 50849.39999999999 8
1747197911767 51049.366666666654 8
1747197911783 51249.766666666656 8
1747197911799 51450.59999999999 8
1747197911817 51651.86666666666 8
1747197911834 51853.56666666666 8
1747197911850 52055.69999999999 8
1747197911867 52258.266666666656 8
1747197911882 52461.266666666656 8
1747197911899 52664.69999999999 8
1747197911917 52868.56666666666 8
1747197911932 53072.86666666666 8
1747197911950 53277.59999999999 8
1747197911966 53482.766666666656 8
1747197911981 53688.366666666654 8
1747197911998 53894.39999999999 8
1747197912015 54100.866666666654 8
1747197912030 54307.766666666656 8
1747197912046 54515.09999999999 8
1747197912064 54722.86666666666 8
1747197912079 54931.06666666666 8
1747197912097 55139.69999999999 8
1747197912114 55348.766666666656 8
1747197912131 55558.266666666656 8
1747197912148 55768.19999999999 8
1747197912164 55978.56666666666 8
1747197912181 56189.36666666666 8
1747197912197 56400.59999999999 8
1747197912214 56612.266666666656 8
1747197912231 56824.366666666654 8
1747197912248 57036.89999999999 8
1747197912265 57249.866666666654 8
1747197912280 57463.266666666656 8
1747197912298 57677.09999999999 8
1747197912315 57891.36666666666 8
1747197912331 58106.06666666666 8
1747197912347 58321.19999999999 8
1747197912364 58536.766666666656 8
1747197912381 58752.766666666656 8
1747197912397 58969.19999999999 8
1747197912414 59186.06666666666 8
1747197912431 59403.36666666666 8
1747197912447 59621.09999999999 8
1747197912464 59839.266666666656 8
1747197912718 0.36666666666666664 9
1747197912741 1.1666666666666667 9
1747197912768 2.466666666666667 9
1747197912791 4.333333333333334 9
1747197912817 6.833333333333334 9
1747197912839 10.033333333333335 9
1747197912864 11.666666666666666 9
1747197912888 15.266666666666666 9
1747197912911 19.433333333333334 9
1747197912934 24.233333333333334 9
1747197912956 29.666666666666668 9
1747197912985 35.800000000000004 9
1747197913008 42.7 9
1747197913036 50.36666666666667 9
1747197913060 58.86666666666667 9
1747197913086 68.26666666666667 9
1747197913112 78.56666666666666 9
1747197913140 89.83333333333333 9
1747197913167 102.13333333333333 9
1747197913190 115.53333333333333 9
1747197913214 130.03333333333333 9
1747197913235 145.7 9
1747197913260 162.6 9
1747197913284 180.79999999999998 9
1747197913307 200.36666666666665 9
1747197913328 200.36666666666665 9
1747197913350 200.36666666666665 9
1747197913372 206.8 9
1747197913394 223.83333333333334 9
1747197913415 241.63333333333335 9
1747197913435 260.20000000000005 9
1747197913456 279.53333333333336 9
1747197913479 299.6333333333334 9
1747197913501 320.50000000000006 9
1747197913522 342.1333333333334 9
1747197913542 342.1333333333334 9
1747197913564 342.1333333333334 9
1747197913584 342.1333333333334 9
1747197913604 342.1333333333334 9
1747197913624 342.1333333333334 9
1747197913647 342.1333333333334 9
1747197913667 342.1333333333334 9
1747197913687 346.86666666666673 9
1747197913709 363.00000000000006 9
1747197913732 379.50000000000006 9
1747197913752 396.36666666666673 9
1747197913774 413.6000000000001 9
1747197913796 431.2000000000001 9
1747197913817 449.16666666666674 9
1747197913840 467.50000000000006 9
1747197913861 486.20000000000005 9
1747197913879 505.2666666666667 9
1747197913899 524.7 9
1747197913919 544.5 9
1747197913937 564.6666666666666 9
1747197913958 585.1999999999999 9
1747197913988 606.0999999999999 9
1747197914006 627.3666666666666 9
1747197914025 648.9999999999999 9
1747197914045 670.9999999999999 9
1747197914064 693.3666666666666 9
1747197914081 716.0999999999999 9
1747197914099 739.1999999999999 9
1747197914116 762.6666666666666 9
1747197914136 786.5 9
1747197914154 810.7 9
1747197914171 835.2666666666668 9
1747197914188 860.2 9
1747197914205 885.5 9
1747197914224 911.1666666666666 9
1747197914242 937.1999999999999 9
1747197914260 963.5999999999999 9
1747197914277 990.3666666666666 9
1747197914296 1017.4999999999999 9
1747197914318 1045.0 9
1747197914335 1072.8666666666666 9
1747197914364 1101.1 9
1747197914381 1129.6999999999998 9
1747197914401 1158.6666666666665 9
1747197914421 1187.9999999999998 9
1747197914440 1217.6999999999998 9
1747197914458 1247.7666666666664 9
1747197914478 1278.1999999999998 9
1747197914499 1308.9999999999998 9
1747197914517 1340.1666666666665 9
1747197914535 1371.6999999999998 9
1747197914552 1403.6 9
1747197914570 1435.8666666666666 9
1747197914589 1468.5 9
1747197914606 1501.5 9
1747197914624 1534.8666666666666 9
1747197914643 1568.6 9
1747197914664 1602.6999999999998 9
1747197914682 1637.1666666666665 9
1747197914702 1671.9999999999998 9
1747197914719 1707.1999999999998 9
1747197914736 1742.7666666666664 9
1747197914753 1778.6999999999998 9
1747197914771 1814.9999999999998 9
1747197914788 1851.6666666666665 9
1747197914805 1888.6999999999998 9
1747197914824 1926.1 9
1747197914841 1963.8666666666666 9
1747197914860 2002.0 9
1747197914878 2040.5 9
1747197914896 2079.366666666667 9
1747197914915 2118.6 9
1747197914933 2158.2 9
1747197914952 2198.1666666666665 9
1747197914971 2238.5 9
1747197914990 2279.2 9
1747197915008 2320.2666666666664 9
1747197915026 2361.7 9
1747197915045 2403.5 9
1747197915062 2445.6666666666665 9
1747197915081 2488.2 9
1747197915098 2531.1 9
1747197915116 2574.366666666667 9
1747197915134 2618.0 9
1747197915153 2662.0 9
1747197915171 2706.366666666667 9
1747197915188 2751.1 9
1747197915206 2796.2 9
1747197915222 2841.6666666666665 9
1747197915241 2887.5 9
1747197915259 2933.7 9
1747197915276 2980.2666666666664 9
1747197915295 3027.2 9
1747197915312 3074.5 9
1747197915331 3122.1666666666665 9
1747197915350 3170.2 9
1747197915367 3218.6 9
1747197915385 3267.366666666667 9
1747197915404 3316.5 9
1747197915421 3366.0 9
1747197915439 3415.866666666667 9
1747197915456 3466.1 9
1747197915475 3516.7 9
1747197915492 3567.6666666666665 9
1747197915508 3619.0 9
1747197915525 3670.7 9
1747197915543 3722.7666666666664 9
1747197915560 3775.2 9
1747197915576 3828.0 9
1747197915594 3881.1666666666665 9
1747197915610 3934.7 9
1747197915628 3988.6 9
1747197915645 4042.866666666667 9
1747197915662 4097.5 9
1747197915680 4152.5 9
1747197915707 4207.866666666667 9
1747197915727 4263.6 9
1747197915744 4319.700000000001 9
1747197915763 4376.166666666667 9
1747197915784 4433.0 9
1747197915805 4490.2 9
1747197915824 4547.766666666666 9
1747197915844 4605.7 9
1747197915862 4664.0 9
1747197915882 4722.666666666667 9
1747197915901 4781.700000000001 9
1747197915920 4841.1 9
1747197915937 4900.866666666667 9
1747197915956 4961.0 9
1747197915973 5021.5 9
1747197915991 5082.366666666667 9
1747197916008 5143.6 9
1747197916025 5205.200000000001 9
1747197916044 5267.166666666667 9
1747197916061 5329.5 9
1747197916080 5392.2 9
1747197916097 5455.266666666666 9
1747197916116 5518.7 9
1747197916134 5582.5 9
1747197916160 5646.666666666667 9
1747197916178 5711.200000000001 9
1747197916196 5776.1 9
1747197916214 5841.366666666667 9
1747197916233 5907.0 9
1747197916250 5973.0 9
1747197916268 6039.366666666667 9
1747197916285 6106.1 9
1747197916302 6173.200000000001 9
1747197916318 6240.666666666667 9
1747197916337 6308.5 9
1747197916354 6376.7 9
1747197916372 6445.266666666666 9
1747197916388 6514.2 9
1747197916406 6583.5 9
1747197916421 6653.166666666667 9
1747197916439 6723.200000000001 9
1747197916455 6793.6 9
1747197916471 6864.366666666667 9
1747197916488 6935.5 9
1747197916505 7007.0 9
1747197916520 7078.866666666667 9
1747197916538 7151.1 9
1747197916555 7223.700000000001 9
1747197916572 7296.666666666667 9
1747197916588 7370.0 9
1747197916604 7443.7 9
1747197916623 7517.766666666666 9
1747197916639 7592.2 9
1747197916657 7667.0 9
1747197916673 7742.166666666667 9
1747197916689 7817.700000000001 9
1747197916705 7893.6 9
1747197916722 7969.866666666667 9
1747197916738 8046.5 9
1747197916754 8123.5 9
1747197916770 8200.866666666667 9
1747197916786 8278.6 9
1747197916803 8356.7 9
1747197916819 8435.166666666668 9
1747197916840 8514.000000000002 9
1747197916859 8593.200000000003 9
1747197916875 8672.76666666667 9
1747197916892 8752.700000000003 9
1747197916908 8833.000000000002 9
1747197916925 8913.666666666668 9
1747197916943 8994.7 9
1747197916958 9076.1 9
1747197916975 9157.866666666667 9
1747197916991 9240.0 9
1747197917009 9322.5 9
1747197917027 9405.366666666667 9
1747197917042 9488.6 9
1747197917061 9572.2 9
1747197917076 9656.166666666668 9
1747197917092 9740.500000000002 9
1747197917109 9825.200000000003 9
1747197917124 9910.26666666667 9
1747197917142 9995.700000000003 9
1747197917158 10081.500000000002 9
1747197917174 10167.666666666668 9
1747197917192 10254.2 9
1747197917206 10341.1 9
1747197917222 10428.366666666667 9
1747197917239 10516.0 9
1747197917254 10604.0 9
1747197917269 10692.366666666667 9
1747197917287 10781.1 9
1747197917304 10870.2 9
1747197917319 10959.666666666668 9
1747197917338 11049.500000000002 9
1747197917354 11139.700000000003 9
1747197917371 11230.26666666667 9
1747197917387 11321.200000000003 9
1747197917402 11412.500000000002 9
1747197917419 11504.166666666668 9
1747197917435 11596.2 9
1747197917451 11688.6 9
1747197917468 11781.366666666667 9
1747197917485 11874.5 9
1747197917501 11968.0 9
1747197917518 12061.866666666667 9
1747197917534 12156.1 9
1747197917551 12250.7 9
1747197917568 12345.666666666668 9
1747197917582 12441.000000000002 9
1747197917601 12536.700000000003 9
1747197917617 12632.76666666667 9
1747197917633 12729.200000000003 9
1747197917649 12826.000000000002 9
1747197917667 12923.166666666668 9
1747197917681 13020.7 9
1747197917700 13118.6 9
1747197917718 13216.866666666667 9
1747197917734 13315.5 9
1747197917750 13414.5 9
1747197917767 13513.866666666667 9
1747197917784 13613.6 9
1747197917800 13713.7 9
1747197917817 13814.166666666668 9
1747197917833 13915.000000000002 9
1747197917851 14016.200000000003 9
1747197917867 14117.76666666667 9
1747197917884 14219.700000000003 9
1747197917902 14322.000000000002 9
1747197917918 14424.666666666668 9
1747197917937 14527.7 9
1747197917952 14631.1 9
1747197917981 14734.866666666667 9
1747197918022 14839.0 9
1747197918054 14943.5 9
1747197918080 15048.366666666667 9
1747197918102 15153.6 9
1747197918127 15259.2 9
1747197918147 15365.166666666668 9
1747197918169 15471.500000000002 9
1747197918209 15578.200000000003 9
1747197918228 15685.26666666667 9
1747197918264 15792.700000000003 9
1747197918282 15900.500000000002 9
1747197918300 16008.666666666668 9
1747197918329 16117.2 9
1747197918354 16226.1 9
1747197918372 16335.366666666667 9
1747197918388 16445.0 9
1747197918405 16555.0 9
1747197918420 16665.366666666665 9
1747197918437 16776.1 9
1747197918455 16887.199999999997 9
1747197918471 16998.666666666664 9
1747197918488 17110.499999999996 9
1747197918505 17222.699999999997 9
1747197918523 17335.266666666663 9
1747197918542 17448.199999999997 9
1747197918559 17561.499999999996 9
1747197918575 17675.166666666664 9
1747197918591 17789.199999999997 9
1747197918608 17903.6 9
1747197918626 18018.366666666665 9
1747197918644 18133.5 9
1747197918660 18249.0 9
1747197918676 18364.866666666665 9
1747197918693 18481.1 9
1747197918709 18597.699999999997 9
1747197918726 18714.666666666664 9
1747197918742 18831.999999999996 9
1747197918760 18949.699999999997 9
1747197918776 19067.766666666663 9
1747197918792 19186.199999999997 9
1747197918809 19304.999999999996 9
1747197918825 19424.166666666664 9
1747197918842 19543.699999999997 9
1747197918859 19663.6 9
1747197918877 19783.866666666665 9
1747197918894 19904.5 9
1747197918911 20025.5 9
1747197918927 20146.866666666665 9
1747197918945 20268.6 9
1747197918962 20390.699999999997 9
1747197918979 20513.166666666664 9
1747197918997 20635.999999999996 9
1747197919013 20759.199999999997 9
1747197919030 20882.766666666663 9
1747197919046 21006.699999999997 9
1747197919062 21130.999999999996 9
1747197919079 21255.666666666664 9
1747197919097 21380.699999999997 9
1747197919114 21506.1 9
1747197919139 21631.866666666665 9
1747197919152 21758.0 9
1747197919168 21884.5 9
1747197919184 22011.366666666665 9
1747197919199 22138.6 9
1747197919216 22266.199999999997 9
1747197919234 22394.166666666664 9
1747197919249 22522.499999999996 9
1747197919266 22651.199999999997 9
1747197919285 22780.266666666663 9
1747197919300 22909.699999999997 9
1747197919319 23039.499999999996 9
1747197919334 23169.666666666664 9
1747197919349 23300.199999999997 9
1747197919367 23431.1 9
1747197919383 23562.366666666665 9
1747197919400 23694.0 9
1747197919416 23826.0 9
1747197919433 23958.366666666665 9
1747197919449 24091.1 9
1747197919465 24224.199999999997 9
1747197919481 24357.666666666664 9
1747197919498 24491.499999999996 9
1747197919517 24625.699999999997 9
1747197919532 24760.266666666663 9
1747197919551 24895.199999999997 9
1747197919567 25030.499999999996 9
1747197919582 25166.166666666664 9
1747197919600 25302.199999999997 9
1747197919616 25438.6 9
1747197919634 25575.366666666665 9
1747197919650 25712.5 9
1747197919668 25850.0 9
1747197919686 25987.866666666665 9
1747197919703 26126.1 9
1747197919720 26264.699999999997 9
1747197919737 26403.666666666664 9
1747197919752 26542.999999999996 9
1747197919770 26682.699999999997 9
1747197919794 26822.766666666663 9
1747197919806 26963.199999999997 9
1747197919822 27103.999999999996 9
1747197919839 27245.166666666664 9
1747197919857 27386.699999999997 9
1747197919872 27528.6 9
1747197919888 27670.866666666665 9
1747197919904 27813.5 9
1747197919921 27956.5 9
1747197919938 28099.866666666665 9
1747197919955 28243.6 9
1747197919971 28387.699999999997 9
1747197919988 28532.166666666664 9
1747197920004 28676.999999999996 9
1747197920021 28822.199999999997 9
1747197920036 28967.766666666663 9
1747197920053 29113.699999999997 9
1747197920071 29259.999999999996 9
1747197920090 29406.666666666664 9
1747197920120 29553.699999999997 9
1747197920138 29701.1 9
1747197920155 29848.866666666665 9
1747197920170 29997.0 9
1747197920187 30145.5 9
1747197920202 30294.366666666665 9
1747197920221 30443.6 9
1747197920236 30593.199999999997 9
1747197920253 30743.166666666664 9
1747197920269 30893.499999999996 9
1747197920288 31044.199999999997 9
1747197920306 31195.266666666663 9
1747197920331 31346.699999999997 9
1747197920347 31498.566666666662 9
1747197920363 31650.86666666666 9
1747197920380 31803.599999999995 9
1747197920397 31956.766666666663 9
1747197920414 32110.36666666666 9
1747197920430 32264.399999999994 9
1747197920447 32418.86666666666 9
1747197920464 32573.766666666663 9
1747197920480 32729.099999999995 9
1747197920497 32884.86666666666 9
1747197920514 33041.06666666666 9
1747197920530 33197.69999999999 9
1747197920547 33354.766666666656 9
1747197920563 33512.266666666656 9
1747197920579 33670.19999999999 9
1747197920597 33828.56666666666 9
1747197920614 33987.36666666666 9
1747197920630 34146.59999999999 9
1747197920649 34306.266666666656 9
1747197920664 34466.366666666654 9
1747197920681 34626.89999999999 9
1747197920697 34787.866666666654 9
1747197920713 34949.266666666656 9
1747197920729 35111.09999999999 9
1747197920745 35273.36666666666 9
1747197920761 35436.06666666666 9
1747197920780 35599.19999999999 9
1747197920799 35762.766666666656 9
1747197920815 35926.766666666656 9
1747197920830 36091.19999999999 9
1747197920847 36256.06666666666 9
1747197920864 36421.36666666666 9
1747197920879 36587.09999999999 9
1747197920896 36753.266666666656 9
1747197920912 36919.866666666654 9
1747197920927 37086.89999999999 9
1747197920944 37254.366666666654 9
1747197920961 37422.266666666656 9
1747197920977 37590.59999999999 9
1747197920993 37759.36666666666 9
1747197921010 37928.56666666666 9
1747197921028 38098.19999999999 9
1747197921049 38268.266666666656 9
1747197921071 38438.766666666656 9
1747197921090 38609.69999999999 9
1747197921110 38781.06666666666 9
1747197921129 38952.86666666666 9
1747197921158 39125.09999999999 9
1747197921175 39297.766666666656 9
1747197921192 39470.866666666654 9
1747197921212 39644.39999999999 9
1747197921230 39818.366666666654 9
1747197921247 39992.766666666656 9
1747197921266 40167.59999999999 9
1747197921284 40342.86666666666 9
1747197921303 40518.56666666666 9
1747197921320 40694.69999999999 9
1747197921336 40871.266666666656 9
1747197921354 41048.266666666656 9
1747197921371 41225.69999999999 9
1747197921389 41403.56666666666 9
1747197921405 41581.86666666666 9
1747197921425 41760.59999999999 9
1747197921449 41939.766666666656 9
1747197921469 42119.366666666654 9
1747197921484 42299.39999999999 9
1747197921500 42479.866666666654 9
1747197921517 42660.766666666656 9
1747197921534 42842.09999999999 9
1747197921550 43023.86666666666 9
1747197921568 43206.06666666666 9
1747197921585 43388.69999999999 9
1747197921601 43571.766666666656 9
1747197921618 43755.266666666656 9
1747197921636 43939.19999999999 9
1747197921652 44123.56666666666 9
1747197921668 44308.36666666666 9
1747197921684 44493.59999999999 9
1747197921700 44679.266666666656 9
1747197921717 44865.366666666654 9
1747197921733 45051.89999999999 9
1747197921750 45238.866666666654 9
1747197921766 45426.266666666656 9
1747197921782 45614.09999999999 9
1747197921799 45802.36666666666 9
1747197921816 45991.06666666666 9
1747197921832 46180.19999999999 9
1747197921850 46369.766666666656 9
1747197921864 46559.766666666656 9
1747197921882 46750.19999999999 9
1747197921899 46941.06666666666 9
1747197921915 47132.36666666666 9
1747197921932 47324.09999999999 9
1747197921949 47516.266666666656 9
1747197921965 47708.866666666654 9
1747197921980 47901.89999999999 9
1747197921997 48095.366666666654 9
1747197922014 48289.266666666656 9
1747197922034 48483.59999999999 9
1747197922066 48678.36666666666 9
1747197922081 48873.56666666666 9
1747197922097 49069.19999999999 9
1747197922113 49265.266666666656 9
1747197922129 49461.766666666656 9
1747197922147 49658.69999999999 9
1747197922164 49856.06666666666 9
1747197922181 50053.86666666666 9
1747197922198 50252.09999999999 9
1747197922212 50450.766666666656 9
1747197922229 50649.866666666654 9
1747197922245 50849.39999999999 9
1747197922260 51049.366666666654 9
1747197922277 51249.766666666656 9
1747197922293 51450.59999999999 9
1747197922311 51651.86666666666 9
1747197922329 51853.56666666666 9
1747197922349 52055.69999999999 9
1747197922367 52258.266666666656 9
1747197922382 52461.266666666656 9
1747197922399 52664.69999999999 9
1747197922416 52868.56666666666 9
1747197922432 53072.86666666666 9
1747197922449 53277.59999999999 9
1747197922465 53482.766666666656 9
1747197922481 53688.366666666654 9
1747197922498 53894.39999999999 9
1747197922521 54100.866666666654 9
1747197922534 54307.766666666656 9
1747197922550 54515.09999999999 9
1747197922567 54722.86666666666 9
1747197922584 54931.06666666666 9
1747197922600 55139.69999999999 9
1747197922616 55348.766666666656 9
1747197922633 55558.266666666656 9
1747197922649 55768.19999999999 9
1747197922665 55978.56666666666 9
1747197922684 56189.36666666666 9
1747197922697 56400.59999999999 9
1747197922714 56612.266666666656 9
1747197922731 56824.366666666654 9
1747197922747 57036.89999999999 9
1747197922764 57249.866666666654 9
1747197922779 57463.266666666656 9
1747197922796 57677.09999999999 9
1747197922812 57891.36666666666 9
1747197922829 58106.06666666666 9
1747197922847 58321.19999999999 9
1747197922866 58536.766666666656 9
1747197922882 58752.766666666656 9
1747197922898 58969.19999999999 9
1747197922916 59186.06666666666 9
1747197922932 59403.36666666666 9
1747197922948 59621.09999999999 9
1747197922965 59839.266666666656 9
1747197922982 59839.266666666656 9
1747197922997 59839.266666666656 9
1747197923014 59839.266666666656 9
1747197923031 59878.86666666667 9
1747197923051 60088.6 9
1747197923064 60298.7 9
1747197923081 60509.166666666664 9
1747197923097 60720.0 9
1747197923115 60931.2 9
1747197923131 61142.76666666666 9
1747197923150 61354.7 9
1747197923165 61567.0 9
1747197923181 61779.666666666664 9
1747197923198 61992.7 9
1747197923214 62206.1 9
1747197923232 62419.86666666667 9
1747197923247 62634.0 9
1747197923262 62848.5 9
1747197923475 0.36666666666666664 10
1747197923498 1.1666666666666667 10
1747197923522 2.466666666666667 10
1747197923545 4.333333333333334 10
1747197923566 6.833333333333334 10
1747197923587 10.033333333333335 10
1747197923609 11.666666666666666 10
1747197923630 15.266666666666666 10
1747197923652 19.433333333333334 10
1747197923673 24.233333333333334 10
1747197923694 29.666666666666668 10
1747197923715 35.800000000000004 10
1747197923737 42.7 10
1747197923759 50.36666666666667 10
1747197923780 58.86666666666667 10
1747197923802 68.26666666666667 10
1747197923825 78.56666666666666 10
1747197923848 89.83333333333333 10
1747197923871 102.13333333333333 10
1747197923893 115.53333333333333 10
1747197923917 130.1 10
1747197923941 145.9 10
1747197923965 162.86666666666667 10
1747197923988 180.93333333333334 10
1747197924011 200.03333333333333 10
1747197924034 213.9666666666667 10
1747197924054 213.9666666666667 10
1747197924074 218.2 10
1747197924093 238.56666666666666 10
1747197924116 247.63333333333333 10
1747197924137 265.46666666666664 10
