1747197880852 11.0 1
1747197880878 24.0 1
1747197880905 39.0 1
1747197880930 56.0 1
1747197880952 75.0 1
1747197880972 96.0 1
1747197880989 97.0 1
1747197881007 118.0 1
1747197881022 137.0 1
1747197881039 158.0 1
1747197881056 179.0 1
1747197881072 200.0 1
1747197881090 209.0 1
1747197881106 234.0 1
1747197881123 259.0 1
1747197881139 286.0 1
1747197881156 317.0 1
1747197881174 317.0 1
1747197881192 317.0 1
1747197881208 317.0 1
1747197881224 317.0 1
1747197881241 317.0 1
1747197881258 317.0 1
1747197881274 317.0 1
1747197881290 317.0 1
1747197881308 317.0 1
1747197881324 317.0 1
1747197881340 317.0 1
1747197881357 319.0 1
1747197881374 330.0 1
1747197881391 341.0 1
1747197881407 352.0 1
1747197881424 363.0 1
1747197881442 374.0 1
1747197881458 387.0 1
1747197881472 400.0 1
1747197881490 413.0 1
1747197881507 426.0 1
1747197881524 439.0 1
1747197881541 452.0 1
1747197881558 471.0 1
1747197881574 492.0 1
1747197881591 515.0 1
1747197881608 540.0 1
1747197881624 567.0 1
1747197881876 11.0 2
1747197881902 24.0 2
1747197881927 39.0 2
1747197881950 56.0 2
1747197881972 75.0 2
1747197881992 96.0 2
1747197882014 119.0 2
1747197882032 144.0 2
1747197882051 144.0 2
1747197882067 162.0 2
1747197882082 181.0 2
1747197882101 200.0 2
1747197882119 219.0 2
1747197882137 238.0 2
1747197882155 259.0 2
1747197882174 286.0 2
1747197882191 315.0 2
1747197882210 315.0 2
1747197882229 333.0 2
1747197882246 352.0 2
1747197882265 381.0 2
1747197882283 412.0 2
1747197882301 445.0 2
1747197882318 480.0 2
1747197882335 480.0 2
1747197882350 480.0 2
1747197882369 480.0 2
1747197882386 502.0 2
1747197882401 525.0 2
1747197882417 525.0 2
1747197882432 525.0 2
1747197882450 532.0 2
1747197882466 545.0 2
1747197882483 558.0 2
1747197882498 571.0 2
1747197882514 584.0 2
1747197882532 597.0 2
1747197882548 610.0 2
1747197882562 623.0 2
1747197882580 636.0 2
1747197882596 649.0 2
1747197882611 649.0 2
1747197882628 649.0 2
1747197882644 649.0 2
1747197882662 649.0 2
1747197882678 649.0 2
1747197882696 649.0 2
1747197882712 649.0 2
1747197882729 649.0 2
1747197882745 649.0 2
1747197882761 649.0 2
1747197882777 649.0 2
1747197882794 649.0 2
1747197882810 649.0 2
1747197882826 649.0 2
1747197883082 11.0 3
1747197883106 24.0 3
1747197883131 39.0 3
1747197883155 56.0 3
1747197883178 75.0 3
1747197883200 96.0 3
1747197883221 119.0 3
1747197883241 144.0 3
1747197883259 153.0 3
1747197883275 176.0 3
1747197883292 199.0 3
1747197883309 222.0 3
1747197883326 222.0 3
1747197883341 238.0 3
1747197883357 257.0 3
1747197883377 276.0 3
1747197883399 295.0 3
1747197883419 314.0 3
1747197883436 333.0 3
1747197883453 352.0 3
1747197883470 371.0 3
1747197883487 390.0 3
1747197883505 409.0 3
1747197883522 426.0 3
1747197883538 441.0 3
1747197883554 454.0 3
1747197883570 467.0 3
1747197883587 480.0 3
1747197883604 493.0 3
1747197883620 506.0 3
1747197883639 519.0 3
1747197883655 532.0 3
1747197883672 545.0 3
1747197883690 558.0 3
1747197883707 571.0 3
1747197883724 584.0 3
1747197883739 597.0 3
1747197883755 610.0 3
1747197883772 623.0 3
1747197883788 636.0 3
1747197883805 649.0 3
1747197883822 649.0 3
1747197883838 649.0 3
1747197883855 649.0 3
1747197883872 649.0 3
1747197883887 649.0 3
1747197883905 649.0 3
1747197883921 649.0 3
1747197883939 649.0 3
1747197883954 649.0 3
1747197883972 649.0 3
1747197883988 649.0 3
1747197884004 649.0 3
1747197884020 649.0 3
1747197884037 649.0 3
1747197884054 649.0 3
1747197884070 649.0 3
1747197884088 649.0 3
1747197884104 649.0 3
1747197884121 660.0 3
1747197884138 671.0 3
1747197884153 682.0 3
1747197884169 693.0 3
1747197884184 704.0 3
1747197884201 715.0 3
1747197884217 726.0 3
1747197884233 737.0 3
1747197884251 748.0 3
1747197884510 11.0 4
1747197884535 24.0 4
1747197884559 39.0 4
1747197884581 56.0 4
1747197884607 75.0 4
1747197884629 96.0 4
1747197884650 109.0 4
1747197884671 132.0 4
1747197884692 157.0 4
1747197884710 184.0 4
1747197884728 184.0 4
1747197884746 200.0 4
1747197884762 219.0 4
1747197884780 238.0 4
1747197884797 257.0 4
1747197884812 276.0 4
1747197884830 295.0 4
1747197884846 314.0 4
1747197884861 333.0 4
1747197884876 352.0 4
1747197884893 371.0 4
1747197884909 390.0 4
1747197884927 409.0 4
1747197884943 426.0 4
1747197884959 441.0 4
1747197884977 454.0 4
1747197884992 467.0 4
1747197885012 480.0 4
1747197885027 493.0 4
1747197885044 506.0 4
1747197885061 519.0 4
1747197885078 532.0 4
1747197885095 545.0 4
1747197885111 564.0 4
1747197885129 593.0 4
1747197885144 593.0 4
1747197885160 597.0 4
1747197885176 610.0 4
1747197885193 623.0 4
1747197885208 636.0 4
1747197885224 649.0 4
1747197885241 649.0 4
1747197885255 649.0 4
1747197885273 649.0 4
1747197885289 649.0 4
1747197885305 649.0 4
1747197885322 649.0 4
1747197885338 649.0 4
1747197885355 649.0 4
1747197885371 649.0 4
1747197885387 649.0 4
1747197885403 649.0 4
1747197885420 649.0 4
1747197885438 649.0 4
1747197885454 649.0 4
1747197885469 649.0 4
1747197885485 649.0 4
1747197885501 649.0 4
1747197885518 649.0 4
1747197885534 660.0 4
1747197885551 671.0 4
1747197885569 682.0 4
1747197885585 693.0 4
1747197885601 704.0 4
1747197885617 715.0 4
1747197885633 726.0 4
1747197885649 737.0 4
1747197885667 748.0 4
1747197885916 11.0 5
1747197885942 24.0 5
1747197885967 39.0 5
1747197885989 56.0 5
1747197886012 75.0 5
1747197886033 96.0 5
1747197886053 105.0 5
1747197886075 124.0 5
1747197886095 143.0 5
1747197886115 162.0 5
1747197886134 181.0 5
1747197886157 200.0 5
1747197886178 219.0 5
1747197886200 238.0 5
1747197886221 257.0 5
1747197886241 276.0 5
1747197886264 295.0 5
1747197886286 314.0 5
1747197886308 333.0 5
1747197886331 352.0 5
1747197886355 371.0 5
1747197886376 390.0 5
1747197886396 409.0 5
1747197886419 426.0 5
1747197886439 441.0 5
1747197886461 454.0 5
1747197886482 467.0 5
1747197886503 480.0 5
1747197886523 493.0 5
1747197886544 506.0 5
1747197886564 519.0 5
1747197886583 532.0 5
1747197886603 545.0 5
1747197886622 558.0 5
1747197886640 571.0 5
1747197886659 584.0 5
1747197886678 597.0 5
1747197886696 610.0 5
1747197886716 623.0 5
1747197886737 636.0 5
1747197886756 649.0 5
1747197886772 649.0 5
1747197886789 649.0 5
1747197886806 649.0 5
1747197886822 649.0 5
1747197886839 649.0 5
1747197886856 649.0 5
1747197886873 649.0 5
1747197886889 649.0 5
1747197886907 649.0 5
1747197886923 649.0 5
1747197886941 649.0 5
1747197886956 649.0 5
1747197886972 649.0 5
1747197886990 649.0 5
1747197887005 649.0 5
1747197887021 649.0 5
1747197887038 658.0 5
1747197887054 679.0 5
1747197887072 679.0 5
1747197887088 679.0 5
1747197887105 682.0 5
1747197887121 693.0 5
1747197887137 704.0 5
1747197887153 715.0 5
1747197887169 726.0 5
1747197887186 737.0 5
1747197887202 748.0 5
1747197887218 759.0 5
1747197887237 770.0 5
1747197887252 781.0 5
1747197887270 792.0 5
1747197887286 803.0 5
1747197887302 814.0 5
1747197887319 825.0 5
1747197887335 836.0 5
1747197887351 847.0 5
1747197887368 858.0 5
1747197887384 869.0 5
1747197887400 880.0 5
1747197887417 891.0 5
1747197887432 902.0 5
1747197887448 913.0 5
1747197887466 924.0 5
1747197887482 935.0 5
1747197887498 946.0 5
1747197887518 957.0 5
1747197887534 968.0 5
1747197887549 979.0 5
1747197887565 990.0 5
1747197887581 1001.0 5
1747197887598 1012.0 5
1747197887614 1023.0 5
1747197887631 1034.0 5
1747197887647 1045.0 5
1747197887664 1056.0 5
1747197887679 1067.0 5
1747197887696 1078.0 5
1747197887712 1089.0 5
1747197887728 1100.0 5
1747197887745 1111.0 5
1747197887760 1122.0 5
1747197887778 1133.0 5
1747197887794 1144.0 5
1747197887810 1155.0 5
1747197887828 1166.0 5
1747197887844 1177.0 5
1747197887860 1188.0 5
1747197887876 1199.0 5
1747197887892 1210.0 5
1747197887909 1221.0 5
1747197887930 1232.0 5
1747197887948 1243.0 5
1747197887960 1254.0 5
1747197887995 1265.0 5
1747197888023 1276.0 5
1747197888057 1287.0 5
1747197888080 1298.0 5
1747197888100 1309.0 5
1747197888117 1320.0 5
1747197888135 1331.0 5
1747197888151 1342.0 5
1747197888167 1353.0 5
1747197888187 1364.0 5
1747197888230 1375.0 5
1747197888247 1386.0 5
1747197888266 1397.0 5
1747197888295 1408.0 5
1747197888311 1419.0 5
1747197888326 1430.0 5
1747197888341 1441.0 5
1747197888358 1452.0 5
1747197888377 1463.0 5
1747197888393 1474.0 5
1747197888408 1485.0 5
1747197888423 1496.0 5
1747197888443 1507.0 5
1747197888648 11.0 6
1747197888670 24.0 6
1747197888692 39.0 6
1747197888713 56.0 6
1747197888734 75.0 6
1747197888752 94.0 6
1747197888771 94.0 6
1747197888791 94.0 6
1747197888810 99.0 6
1747197888827 110.0 6
1747197888846 121.0 6
1747197888862 132.0 6
1747197888880 143.0 6
1747197888898 154.0 6
1747197888916 165.0 6
1747197888932 176.0 6
1747197888950 187.0 6
1747197888969 198.0 6
1747197888987 209.0 6
1747197889006 220.0 6
1747197889024 231.0 6
1747197889041 242.0 6
1747197889059 253.0 6
1747197889079 264.0 6
1747197889097 275.0 6
1747197889116 286.0 6
1747197889134 297.0 6
1747197889153 308.0 6
1747197889170 319.0 6
1747197889189 330.0 6
1747197889208 343.0 6
1747197889225 358.0 6
1747197889242 375.0 6
1747197889261 375.0 6
1747197889278 385.0 6
1747197889294 396.0 6
1747197889312 407.0 6
1747197889329 418.0 6
1747197889345 429.0 6
1747197889362 440.0 6
1747197889378 451.0 6
1747197889395 462.0 6
1747197889410 473.0 6
1747197889426 484.0 6
1747197889442 495.0 6
1747197889459 506.0 6
1747197889476 517.0 6
1747197889492 528.0 6
1747197889510 539.0 6
1747197889526 550.0 6
1747197889542 561.0 6
1747197889558 572.0 6
1747197889574 583.0 6
1747197889592 594.0 6
1747197889608 605.0 6
1747197889626 616.0 6
1747197889653 627.0 6
1747197889687 638.0 6
1747197889705 649.0 6
1747197889728 660.0 6
1747197889747 671.0 6
1747197889765 682.0 6
1747197889783 695.0 6
1747197889802 710.0 6
1747197889820 715.0 6
1747197889836 726.0 6
1747197889853 737.0 6
1747197889870 748.0 6
1747197889886 759.0 6
1747197889903 770.0 6
1747197889922 781.0 6
1747197889939 792.0 6
1747197889960 803.0 6
1747197889980 814.0 6
1747197889996 825.0 6
1747197890010 836.0 6
1747197890028 847.0 6
1747197890042 858.0 6
1747197890059 869.0 6
1747197890077 880.0 6
1747197890094 891.0 6
1747197890109 902.0 6
1747197890128 913.0 6
1747197890150 924.0 6
1747197890170 935.0 6
1747197890187 946.0 6
1747197890203 957.0 6
1747197890220 968.0 6
1747197890236 979.0 6
1747197890253 990.0 6
1747197890269 1001.0 6
1747197890285 1012.0 6
1747197890301 1023.0 6
1747197890317 1034.0 6
1747197890334 1045.0 6
1747197890352 1056.0 6
1747197890371 1067.0 6
1747197890390 1078.0 6
1747197890410 1089.0 6
1747197890429 1100.0 6
1747197890446 1111.0 6
1747197890460 1122.0 6
1747197890477 1133.0 6
1747197890493 1144.0 6
1747197890509 1157.0 6
1747197890527 1170.0 6
1747197890544 1183.0 6
1747197890558 1196.0 6
1747197890576 1209.0 6
1747197890592 1224.0 6
1747197890609 1239.0 6
1747197890626 1254.0 6
1747197890642 1269.0 6
1747197890660 1284.0 6
1747197890675 1301.0 6
1747197890691 1318.0 6
1747197890708 1335.0 6
1747197890725 1352.0 6
1747197890741 1369.0 6
1747197890757 1386.0 6
1747197890773 1403.0 6
1747197890789 1420.0 6
1747197890808 1437.0 6
1747197890822 1454.0 6
1747197890840 1471.0 6
1747197890858 1488.0 6
1747197890884 1505.0 6
1747197890900 1522.0 6
1747197890922 1539.0 6
1747197890936 1556.0 6
1747197890953 1573.0 6
1747197890971 1590.0 6
1747197890987 1607.0 6
1747197891002 1624.0 6
1747197891019 1643.0 6
1747197891037 1664.0 6
1747197891055 1685.0 6
1747197891070 1706.0 6
1747197891092 1727.0 6
1747197891109 1748.0 6
1747197891134 1769.0 6
1747197891147 1769.0 6
1747197891164 1769.0 6
1747197891180 1769.0 6
1747197891197 1769.0 6
1747197891212 1769.0 6
1747197891229 1769.0 6
1747197891246 1769.0 6
1747197891262 1769.0 6
1747197891281 1769.0 6
1747197891301 1769.0 6
1747197891317 1769.0 6
1747197891331 1769.0 6
1747197891351 1769.0 6
1747197891366 1769.0 6
1747197891380 1769.0 6
1747197891397 1769.0 6
1747197891412 1769.0 6
1747197891431 1769.0 6
1747197891448 1769.0 6
1747197891464 1771.0 6
1747197891481 1782.0 6
1747197891497 1793.0 6
1747197891513 1804.0 6
1747197891529 1815.0 6
1747197891547 1826.0 6
1747197891566 1837.0 6
1747197891584 1848.0 6
1747197891604 1859.0 6
1747197891615 1870.0 6
1747197891632 1881.0 6
1747197891648 1892.0 6
1747197891662 1903.0 6
1747197891681 1914.0 6
1747197891697 1925.0 6
1747197891715 1936.0 6
1747197891731 1947.0 6
1747197891802 1958.0 6
1747197891819 1969.0 6
1747197891835 1980.0 6
1747197891852 1991.0 6
1747197891869 2002.0 6
1747197891884 2013.0 6
1747197891900 2024.0 6
1747197891916 2035.0 6
1747197891933 2046.0 6
1747197891949 2057.0 6
1747197891967 2068.0 6
1747197891983 2079.0 6
1747197892000 2090.0 6
1747197892017 2101.0 6
1747197892033 2112.0 6
1747197892050 2123.0 6
1747197892067 2134.0 6
1747197892084 2145.0 6
1747197892100 2156.0 6
1747197892117 2167.0 6
1747197892135 2178.0 6
1747197892150 2189.0 6
1747197892167 2200.0 6
1747197892185 2211.0 6
1747197892201 2222.0 6
1747197892217 2233.0 6
1747197892232 2244.0 6
1747197892248 2255.0 6
1747197892265 2266.0 6
1747197892282 2277.0 6
1747197892299 2288.0 6
1747197892317 2299.0 6
1747197892333 2310.0 6
1747197892351 2321.0 6
1747197892368 2332.0 6
1747197892384 2343.0 6
1747197892650 11.0 7
1747197892676 24.0 7
1747197892701 39.0 7
1747197892725 56.0 7
1747197892755 75.0 7
1747197892786 96.0 7
1747197892808 96.0 7
1747197892832 96.0 7
1747197892855 111.0 7
1747197892876 126.0 7
1747197892898 141.0 7
1747197892920 156.0 7
1747197892943 171.0 7
1747197892967 186.0 7
1747197892991 201.0 7
1747197893013 216.0 7
1747197893037 231.0 7
1747197893059 244.0 7
1747197893078 244.0 7
1747197893101 256.0 7
1747197893122 273.0 7
1747197893141 290.0 7
1747197893162 307.0 7
1747197893182 324.0 7
1747197893201 341.0 7
1747197893219 364.0 7
1747197893237 389.0 7
1747197893255 414.0 7
1747197893274 439.0 7
1747197893295 464.0 7
1747197893314 487.0 7
1747197893332 508.0 7
1747197893350 527.0 7
1747197893368 544.0 7
1747197893386 559.0 7
1747197893402 559.0 7
1747197893421 559.0 7
1747197893439 562.0 7
1747197893457 579.0 7
1747197893472 596.0 7
1747197893490 613.0 7
1747197893508 630.0 7
1747197893538 647.0 7
1747197893626 664.0 7
1747197893661 664.0 7
1747197893682 664.0 7
1747197893700 664.0 7
1747197893717 664.0 7
1747197893732 664.0 7
1747197893749 664.0 7
1747197893767 664.0 7
1747197893783 664.0 7
1747197893804 664.0 7
1747197893822 664.0 7
1747197893842 664.0 7
1747197893860 664.0 7
1747197893880 664.0 7
1747197893907 664.0 7
1747197893924 664.0 7
1747197893941 664.0 7
1747197893957 671.0 7
1747197893974 682.0 7
1747197893992 693.0 7
1747197894009 704.0 7
1747197894025 715.0 7
1747197894040 726.0 7
1747197894058 737.0 7
1747197894074 748.0 7
1747197894090 759.0 7
1747197894106 770.0 7
1747197894123 781.0 7
1747197894141 792.0 7
1747197894159 803.0 7
1747197894178 814.0 7
1747197894197 825.0 7
1747197894214 836.0 7
1747197894232 847.0 7
1747197894248 858.0 7
1747197894265 869.0 7
1747197894283 880.0 7
1747197894301 891.0 7
1747197894316 902.0 7
1747197894330 913.0 7
1747197894348 924.0 7
1747197894362 935.0 7
1747197894378 946.0 7
1747197894396 957.0 7
1747197894412 968.0 7
1747197894428 979.0 7
1747197894446 990.0 7
1747197894462 1001.0 7
1747197894480 1012.0 7
1747197894498 1023.0 7
1747197894514 1034.0 7
1747197894530 1045.0 7
1747197894547 1056.0 7
1747197894563 1067.0 7
1747197894578 1078.0 7
1747197894596 1089.0 7
1747197894612 1100.0 7
1747197894629 1111.0 7
1747197894645 1122.0 7
1747197894662 1133.0 7
1747197894678 1144.0 7
1747197894696 1157.0 7
1747197894712 1170.0 7
1747197894727 1183.0 7
1747197894744 1196.0 7
1747197894761 1209.0 7
1747197894778 1224.0 7
1747197894794 1239.0 7
1747197894812 1254.0 7
1747197894831 1269.0 7
1747197894847 1284.0 7
1747197894866 1301.0 7
1747197894884 1318.0 7
1747197894900 1335.0 7
1747197894916 1352.0 7
1747197894932 1369.0 7
1747197894949 1386.0 7
1747197894965 1403.0 7
1747197894984 1420.0 7
1747197895000 1437.0 7
1747197895014 1454.0 7
1747197895030 1471.0 7
1747197895048 1488.0 7
1747197895065 1505.0 7
1747197895080 1522.0 7
1747197895098 1539.0 7
1747197895114 1556.0 7
1747197895130 1573.0 7
1747197895152 1590.0 7
1747197895169 1607.0 7
1747197895193 1624.0 7
1747197895214 1643.0 7
1747197895230 1664.0 7
1747197895247 1685.0 7
1747197895269 1706.0 7
1747197895282 1727.0 7
1747197895299 1748.0 7
1747197895316 1769.0 7
1747197895333 1769.0 7
1747197895348 1769.0 7
1747197895366 1769.0 7
1747197895381 1769.0 7
1747197895399 1769.0 7
1747197895414 1769.0 7
1747197895431 1769.0 7
1747197895450 1769.0 7
1747197895471 1769.0 7
1747197895497 1769.0 7
1747197895516 1769.0 7
1747197895532 1769.0 7
1747197895549 1769.0 7
1747197895566 1769.0 7
1747197895582 1769.0 7
1747197895597 1769.0 7
1747197895614 1769.0 7
1747197895631 1769.0 7
1747197895648 1769.0 7
1747197895664 1771.0 7
1747197895681 1782.0 7
1747197895696 1793.0 7
1747197895713 1804.0 7
1747197895730 1815.0 7
1747197895754 1826.0 7
1747197895772 1837.0 7
1747197895787 1848.0 7
1747197895802 1859.0 7
1747197895819 1870.0 7
1747197895834 1881.0 7
1747197895851 1892.0 7
1747197895867 1903.0 7
1747197895884 1914.0 7
1747197895902 1925.0 7
1747197895918 1936.0 7
1747197895934 1947.0 7
1747197895952 1958.0 7
1747197895968 1969.0 7
1747197895987 1980.0 7
1747197896004 1991.0 7
1747197896020 2002.0 7
1747197896035 2013.0 7
1747197896052 2024.0 7
1747197896068 2035.0 7
1747197896084 2046.0 7
1747197896103 2057.0 7
1747197896117 2068.0 7
1747197896137 2079.0 7
1747197896150 2090.0 7
1747197896167 2101.0 7
1747197896182 2112.0 7
1747197896201 2123.0 7
1747197896215 2134.0 7
1747197896232 2145.0 7
1747197896248 2156.0 7
1747197896266 2167.0 7
1747197896282 2178.0 7
1747197896297 2189.0 7
1747197896314 2200.0 7
1747197896331 2211.0 7
1747197896350 2222.0 7
1747197896367 2233.0 7
1747197896380 2244.0 7
1747197896397 2255.0 7
1747197896414 2266.0 7
1747197896432 2277.0 7
1747197896447 2288.0 7
1747197896464 2299.0 7
1747197896481 2310.0 7
1747197896498 2321.0 7
1747197896514 2332.0 7
1747197896531 2343.0 7
1747197896550 2354.0 7
1747197896566 2365.0 7
1747197896582 2376.0 7
1747197896599 2387.0 7
1747197896615 2398.0 7
1747197896631 2409.0 7
1747197896649 2420.0 7
1747197896665 2431.0 7
1747197896682 2442.0 7
1747197896698 2453.0 7
1747197896716 2464.0 7
1747197896733 2475.0 7
1747197896750 2486.0 7
1747197896768 2497.0 7
1747197896785 2508.0 7
1747197896801 2519.0 7
1747197896819 2530.0 7
1747197896835 2541.0 7
1747197896852 2552.0 7
1747197896868 2563.0 7
1747197896886 2574.0 7
1747197896902 2585.0 7
1747197896919 2596.0 7
1747197896935 2607.0 7
1747197896952 2618.0 7
1747197896968 2629.0 7
1747197896986 2640.0 7
1747197897002 2651.0 7
1747197897019 2662.0 7
1747197897036 2673.0 7
1747197897053 2684.0 7
1747197897069 2695.0 7
1747197897085 2706.0 7
1747197897102 2717.0 7
1747197897118 2728.0 7
1747197897134 2739.0 7
1747197897150 2750.0 7
1747197897167 2761.0 7
1747197897183 2772.0 7
1747197897199 2783.0 7
1747197897218 2794.0 7
1747197897234 2805.0 7
1747197897251 2816.0 7
1747197897268 2827.0 7
1747197897284 2838.0 7
1747197897301 2849.0 7
1747197897317 2860.0 7
1747197897332 2871.0 7
1747197897351 2882.0 7
1747197897368 2893.0 7
1747197897384 2904.0 7
1747197897399 2915.0 7
1747197897415 2926.0 7
1747197897431 2937.0 7
1747197897449 2948.0 7
1747197897467 2959.0 7
1747197897483 2970.0 7
1747197897499 2981.0 7
1747197897517 2992.0 7
1747197897533 3003.0 7
1747197897549 3014.0 7
1747197897567 3025.0 7
1747197897583 3036.0 7
1747197897600 3047.0 7
1747197897617 3058.0 7
1747197897634 3069.0 7
1747197897650 3080.0 7
1747197897667 3091.0 7
1747197897683 3102.0 7
1747197897699 3113.0 7
1747197897716 3124.0 7
1747197897731 3135.0 7
1747197897749 3146.0 7
1747197897766 3157.0 7
1747197897782 3168.0 7
1747197897801 3179.0 7
1747197897817 3190.0 7
1747197897833 3201.0 7
1747197897850 3212.0 7
1747197897867 3223.0 7
1747197897885 3234.0 7
1747197897902 3245.0 7
1747197897920 3256.0 7
1747197897934 3267.0 7
1747197897952 3278.0 7
1747197897968 3289.0 7
1747197897997 3300.0 7
1747197898010 3311.0 7
1747197898030 3322.0 7
1747197898044 3333.0 7
1747197898062 3344.0 7
1747197898078 3355.0 7
1747197898094 3366.0 7
1747197898110 3377.0 7
1747197898127 3388.0 7
1747197898144 3399.0 7
1747197898159 3410.0 7
1747197898175 3421.0 7
1747197898192 3432.0 7
1747197898210 3443.0 7
1747197898226 3454.0 7
1747197898242 3465.0 7
1747197898260 3476.0 7
1747197898276 3487.0 7
1747197898291 3498.0 7
1747197898308 3509.0 7
1747197898328 3520.0 7
1747197898342 3531.0 7
1747197898359 3542.0 7
1747197898384 3553.0 7
1747197898402 3564.0 7
1747197898415 3575.0 7
1747197898430 3586.0 7
1747197898447 3597.0 7
1747197898464 3608.0 7
1747197898482 3619.0 7
1747197898500 3630.0 7
1747197898516 3641.0 7
1747197898534 3652.0 7
1747197898549 3663.0 7
1747197898564 3674.0 7
1747197898580 3685.0 7
1747197898598 3696.0 7
1747197898615 3707.0 7
1747197898629 3718.0 7
1747197898647 3729.0 7
1747197898664 3740.0 7
1747197898680 3751.0 7
1747197898696 3762.0 7
1747197898710 3773.0 7
1747197898727 3784.0 7
1747197898743 3795.0 7
1747197898766 3806.0 7
1747197898782 3817.0 7
1747197898798 3828.0 7
1747197898815 3839.0 7
1747197898831 3850.0 7
1747197898847 3861.0 7
1747197898864 3872.0 7
1747197898879 3883.0 7
1747197898897 3894.0 7
1747197898914 3905.0 7
1747197898941 3916.0 7
1747197898968 3927.0 7
1747197898982 3938.0 7
1747197898999 3949.0 7
1747197899016 3960.0 7
1747197899039 3971.0 7
1747197899056 3982.0 7
1747197899070 3993.0 7
1747197899088 4004.0 7
1747197899103 4015.0 7
1747197899120 4026.0 7
1747197899137 4037.0 7
1747197899153 4048.0 7
1747197899170 4059.0 7
1747197899186 4070.0 7
1747197899203 4081.0 7
1747197899220 4092.0 7
1747197899236 4103.0 7
1747197899251 4114.0 7
1747197899269 4125.0 7
1747197899285 4136.0 7
1747197899302 4147.0 7
1747197899320 4158.0 7
1747197899341 4169.0 7
1747197899360 4180.0 7
1747197899374 4191.0 7
1747197899391 4202.0 7
1747197899407 4213.0 7
1747197899422 4224.0 7
1747197899439 4235.0 7
1747197899456 4246.0 7
1747197899474 4257.0 7
1747197899489 4268.0 7
1747197899515 4279.0 7
1747197899528 4290.0 7
1747197899544 4301.0 7
1747197899560 4312.0 7
1747197899575 4323.0 7
1747197899591 4334.0 7
1747197899609 4345.0 7
1747197899626 4356.0 7
1747197899642 4367.0 7
1747197899660 4378.0 7
1747197899676 4389.0 7
1747197899692 4400.0 7
1747197899709 4411.0 7
1747197899727 4422.0 7
1747197899742 4433.0 7
1747197899759 4444.0 7
1747197899776 4455.0 7
1747197899792 4466.0 7
1747197899809 4477.0 7
1747197899825 4488.0 7
1747197899843 4499.0 7
1747197899862 4510.0 7
1747197899876 4521.0 7
1747197899892 4532.0 7
1747197899913 4543.0 7
1747197899925 4556.0 7
1747197899942 4569.0 7
1747197899960 4582.0 7
1747197899975 4595.0 7
1747197899990 4608.0 7
1747197900007 4621.0 7
1747197900027 4634.0 7
1747197900041 4647.0 7
1747197900057 4660.0 7
1747197900072 4673.0 7
1747197900092 4686.0 7
1747197900106 4699.0 7
1747197900123 4712.0 7
1747197900140 4725.0 7
1747197900158 4738.0 7
1747197900174 4751.0 7
1747197900191 4764.0 7
1747197900207 4777.0 7
1747197900223 4790.0 7
1747197900240 4803.0 7
1747197900257 4816.0 7
1747197900272 4829.0 7
1747197900289 4842.0 7
1747197900306 4855.0 7
1747197900321 4868.0 7
1747197900338 4881.0 7
1747197900352 4894.0 7
1747197900369 4907.0 7
1747197900386 4920.0 7
1747197900402 4933.0 7
1747197900419 4946.0 7
1747197900435 4959.0 7
1747197900451 4972.0 7
1747197900469 4985.0 7
1747197900485 4998.0 7
1747197900501 5011.0 7
1747197900518 5024.0 7
1747197900537 5037.0 7
1747197900553 5050.0 7
1747197900569 5063.0 7
1747197900586 5076.0 7
1747197900603 5089.0 7
1747197900619 5102.0 7
1747197900635 5115.0 7
1747197900653 5128.0 7
1747197900669 5141.0 7
1747197900684 5154.0 7
1747197900700 5167.0 7
1747197900721 5180.0 7
1747197900735 5193.0 7
1747197900750 5206.0 7
1747197900768 5219.0 7
1747197900784 5232.0 7
1747197900800 5245.0 7
1747197900817 5258.0 7
1747197900834 5271.0 7
1747197900850 5284.0 7
1747197900866 5297.0 7
1747197900881 5310.0 7
1747197900898 5323.0 7
1747197900914 5336.0 7
1747197900930 5349.0 7
1747197900945 5362.0 7
1747197900962 5375.0 7
1747197900978 5388.0 7
1747197900994 5401.0 7
1747197901011 5414.0 7
1747197901028 5427.0 7
1747197901045 5440.0 7
1747197901060 5453.0 7
1747197901076 5466.0 7
1747197901092 5479.0 7
1747197901111 5492.0 7
1747197901127 5505.0 7
1747197901144 5518.0 7
1747197901162 5531.0 7
1747197901179 5544.0 7
1747197901192 5557.0 7
1747197901210 5570.0 7
1747197901225 5583.0 7
1747197901244 5596.0 7
1747197901259 5609.0 7
1747197901279 5622.0 7
1747197901294 5635.0 7
1747197901312 5648.0 7
1747197901329 5661.0 7
1747197901345 5674.0 7
1747197901361 5687.0 7
1747197901379 5700.0 7
1747197901396 5713.0 7
1747197901411 5726.0 7
1747197901426 5739.0 7
1747197901444 5752.0 7
1747197901460 5765.0 7
1747197901478 5778.0 7
1747197901494 5791.0 7
1747197901510 5804.0 7
1747197901527 5817.0 7
1747197901544 5830.0 7
1747197901560 5843.0 7
1747197901578 5856.0 7
1747197901594 5869.0 7
1747197901610 5882.0 7
1747197901629 5895.0 7
1747197901645 5908.0 7
1747197901662 5921.0 7
1747197901681 5934.0 7
1747197901696 5947.0 7
1747197901712 5960.0 7
1747197901731 5973.0 7
1747197901745 5986.0 7
1747197901770 5999.0 7
1747197901796 6012.0 7
1747197901810 6025.0 7
1747197901825 6038.0 7
1747197901842 6051.0 7
1747197901858 6064.0 7
1747197901876 6077.0 7
1747197901892 6090.0 7
1747197901910 6103.0 7
1747197901925 6116.0 7
1747197901942 6129.0 7
1747197901960 6142.0 7
1747197901975 6155.0 7
1747197901992 6168.0 7
1747197902007 6181.0 7
1747197902024 6194.0 7
1747197902045 6207.0 7
1747197902070 6220.0 7
1747197902085 6233.0 7
1747197902104 6246.0 7
1747197902118 6259.0 7
1747197902134 6272.0 7
1747197902152 6285.0 7
1747197902169 6298.0 7
1747197902184 6311.0 7
1747197902201 6324.0 7
1747197902218 6337.0 7
1747197902234 6350.0 7
1747197902250 6363.0 7
1747197902267 6376.0 7
1747197902284 6389.0 7
1747197902301 6402.0 7
1747197902318 6415.0 7
1747197902334 6428.0 7
1747197902352 6441.0 7
1747197902368 6454.0 7
1747197902385 6467.0 7
1747197902400 6480.0 7
1747197902417 6493.0 7
1747197902433 6506.0 7
1747197902451 6519.0 7
1747197902467 6532.0 7
1747197902484 6545.0 7
1747197902694 11.0 8
1747197902716 24.0 8
1747197902740 39.0 8
1747197902761 56.0 8
1747197902785 75.0 8
1747197902806 96.0 8
1747197902828 96.0 8
1747197902853 98.0 8
1747197902876 113.0 8
1747197902906 130.0 8
1747197902930 147.0 8
1747197902952 166.0 8
1747197902974 185.0 8
1747197902995 204.0 8
1747197903016 223.0 8
1747197903042 242.0 8
1747197903070 263.0 8
1747197903092 284.0 8
1747197903115 307.0 8
1747197903136 332.0 8
1747197903156 359.0 8
1747197903186 386.0 8
1747197903216 415.0 8
1747197903239 444.0 8
1747197903259 473.0 8
1747197903280 504.0 8
1747197903300 535.0 8
1747197903322 566.0 8
1747197903342 597.0 8
1747197903361 628.0 8
1747197903380 628.0 8
1747197903400 628.0 8
1747197903419 628.0 8
1747197903443 628.0 8
1747197903462 628.0 8
1747197903483 628.0 8
1747197903502 628.0 8
1747197903523 628.0 8
1747197903542 628.0 8
1747197903562 628.0 8
1747197903582 628.0 8
1747197903601 628.0 8
1747197903620 628.0 8
1747197903640 628.0 8
1747197903661 628.0 8
1747197903682 640.0 8
1747197903702 659.0 8
1747197903721 678.0 8
1747197903740 678.0 8
1747197903759 678.0 8
1747197903777 678.0 8
1747197903797 678.0 8
1747197903816 678.0 8
1747197903833 678.0 8
1747197903851 678.0 8
1747197903868 678.0 8
1747197903885 678.0 8
1747197903902 678.0 8
1747197903918 678.0 8
1747197903936 678.0 8
1747197903953 678.0 8
1747197903974 682.0 8
1747197903999 693.0 8
1747197904070 704.0 8
1747197904100 715.0 8
1747197904121 726.0 8
1747197904140 737.0 8
1747197904158 748.0 8
1747197904176 759.0 8
1747197904192 770.0 8
1747197904210 781.0 8
1747197904227 792.0 8
1747197904244 803.0 8
1747197904261 814.0 8
1747197904277 825.0 8
1747197904294 836.0 8
1747197904311 847.0 8
1747197904328 858.0 8
1747197904345 869.0 8
1747197904361 880.0 8
1747197904379 891.0 8
1747197904394 902.0 8
1747197904410 913.0 8
1747197904426 924.0 8
1747197904444 935.0 8
1747197904459 946.0 8
1747197904477 957.0 8
1747197904494 968.0 8
1747197904509 979.0 8
1747197904527 990.0 8
1747197904543 1001.0 8
1747197904560 1012.0 8
1747197904577 1023.0 8
1747197904593 1034.0 8
1747197904610 1045.0 8
1747197904627 1056.0 8
1747197904642 1067.0 8
1747197904662 1078.0 8
1747197904680 1089.0 8
1747197904697 1100.0 8
1747197904715 1111.0 8
1747197904732 1122.0 8
1747197904750 1133.0 8
1747197904766 1144.0 8
1747197904784 1155.0 8
1747197904812 1166.0 8
1747197904827 1177.0 8
1747197904844 1188.0 8
1747197904861 1199.0 8
1747197904877 1210.0 8
1747197904894 1221.0 8
1747197904911 1232.0 8
1747197904927 1243.0 8
1747197904944 1254.0 8
1747197904959 1265.0 8
1747197904976 1276.0 8
1747197904991 1287.0 8
1747197905008 1300.0 8
1747197905024 1313.0 8
1747197905041 1326.0 8
1747197905057 1339.0 8
1747197905074 1352.0 8
1747197905090 1365.0 8
1747197905105 1380.0 8
1747197905122 1397.0 8
1747197905138 1397.0 8
1747197905154 1397.0 8
1747197905171 1408.0 8
1747197905188 1419.0 8
1747197905204 1430.0 8
1747197905221 1441.0 8
1747197905238 1452.0 8
1747197905255 1463.0 8
1747197905273 1474.0 8
1747197905290 1485.0 8
1747197905307 1496.0 8
1747197905323 1507.0 8
1747197905340 1518.0 8
1747197905357 1529.0 8
1747197905371 1540.0 8
1747197905389 1551.0 8
1747197905406 1562.0 8
1747197905422 1573.0 8
1747197905440 1584.0 8
1747197905454 1595.0 8
1747197905472 1606.0 8
1747197905489 1617.0 8
1747197905506 1628.0 8
1747197905522 1639.0 8
1747197905538 1650.0 8
1747197905555 1661.0 8
1747197905571 1672.0 8
1747197905588 1683.0 8
1747197905603 1694.0 8
1747197905620 1705.0 8
1747197905637 1716.0 8
1747197905654 1727.0 8
1747197905670 1738.0 8
1747197905686 1749.0 8
1747197905702 1760.0 8
1747197905718 1771.0 8
1747197905736 1782.0 8
1747197905751 1793.0 8
1747197905769 1804.0 8
1747197905784 1817.0 8
1747197905801 1832.0 8
1747197905817 1849.0 8
1747197905833 1849.0 8
1747197905849 1859.0 8
1747197905866 1870.0 8
1747197905883 1881.0 8
1747197905900 1892.0 8
1747197905916 1903.0 8
1747197905933 1914.0 8
1747197905949 1925.0 8
1747197905967 1936.0 8
1747197905983 1947.0 8
1747197906000 1958.0 8
1747197906016 1969.0 8
1747197906032 1980.0 8
1747197906049 1991.0 8
1747197906066 2002.0 8
1747197906083 2013.0 8
1747197906100 2024.0 8
1747197906116 2035.0 8
1747197906133 2046.0 8
1747197906160 2057.0 8
1747197906175 2068.0 8
1747197906191 2079.0 8
1747197906209 2090.0 8
1747197906225 2101.0 8
1747197906240 2112.0 8
1747197906258 2123.0 8
1747197906275 2134.0 8
1747197906291 2145.0 8
1747197906308 2156.0 8
1747197906324 2167.0 8
1747197906341 2178.0 8
1747197906357 2189.0 8
1747197906376 2200.0 8
1747197906391 2211.0 8
1747197906408 2222.0 8
1747197906425 2233.0 8
1747197906441 2244.0 8
1747197906458 2255.0 8
1747197906474 2266.0 8
1747197906492 2277.0 8
1747197906508 2288.0 8
1747197906524 2299.0 8
1747197906540 2310.0 8
1747197906558 2321.0 8
1747197906574 2332.0 8
1747197906591 2343.0 8
1747197906605 2354.0 8
1747197906623 2365.0 8
1747197906638 2376.0 8
1747197906655 2387.0 8
1747197906672 2398.0 8
1747197906689 2409.0 8
1747197906702 2420.0 8
1747197906721 2431.0 8
1747197906737 2442.0 8
1747197906753 2453.0 8
1747197906770 2464.0 8
1747197906787 2475.0 8
1747197906803 2486.0 8
1747197906820 2497.0 8
1747197906836 2508.0 8
1747197906854 2519.0 8
1747197906869 2530.0 8
1747197906886 2541.0 8
1747197906904 2552.0 8
1747197906920 2563.0 8
1747197906937 2574.0 8
1747197906955 2585.0 8
1747197906970 2596.0 8
1747197906986 2607.0 8
1747197907003 2618.0 8
1747197907018 2629.0 8
1747197907033 2640.0 8
1747197907051 2651.0 8
1747197907068 2662.0 8
1747197907086 2673.0 8
1747197907100 2684.0 8
1747197907117 2695.0 8
1747197907133 2706.0 8
1747197907149 2717.0 8
1747197907168 2728.0 8
1747197907182 2739.0 8
1747197907199 2750.0 8
1747197907215 2761.0 8
1747197907232 2772.0 8
1747197907248 2783.0 8
1747197907266 2794.0 8
1747197907281 2805.0 8
1747197907298 2816.0 8
1747197907314 2827.0 8
1747197907332 2838.0 8
1747197907347 2849.0 8
1747197907364 2860.0 8
1747197907382 2871.0 8
1747197907398 2882.0 8
1747197907412 2893.0 8
1747197907430 2904.0 8
1747197907446 2915.0 8
1747197907462 2926.0 8
1747197907478 2937.0 8
1747197907496 2948.0 8
1747197907512 2959.0 8
1747197907532 2970.0 8
1747197907546 2981.0 8
1747197907562 2992.0 8
1747197907579 3003.0 8
1747197907596 3014.0 8
1747197907613 3025.0 8
1747197907630 3036.0 8
1747197907646 3047.0 8
1747197907663 3058.0 8
1747197907679 3069.0 8
1747197907697 3080.0 8
1747197907711 3091.0 8
1747197907729 3102.0 8
1747197907745 3113.0 8
1747197907761 3124.0 8
1747197907778 3135.0 8
1747197907798 3146.0 8
1747197907812 3157.0 8
1747197907830 3168.0 8
1747197907846 3179.0 8
1747197907862 3190.0 8
1747197907877 3201.0 8
1747197907895 3212.0 8
1747197907911 3223.0 8
1747197907929 3234.0 8
1747197907945 3245.0 8
1747197907961 3256.0 8
1747197907978 3267.0 8
1747197907994 3278.0 8
1747197908011 3289.0 8
1747197908028 3300.0 8
1747197908044 3311.0 8
1747197908061 3322.0 8
1747197908078 3333.0 8
1747197908094 3344.0 8
1747197908111 3355.0 8
1747197908127 3366.0 8
1747197908144 3377.0 8
1747197908161 3388.0 8
1747197908177 3399.0 8
1747197908193 3410.0 8
1747197908210 3421.0 8
1747197908226 3432.0 8
1747197908244 3443.0 8
1747197908260 3454.0 8
1747197908276 3465.0 8
1747197908292 3476.0 8
1747197908308 3487.0 8
1747197908325 3498.0 8
1747197908342 3509.0 8
1747197908359 3520.0 8
1747197908376 3531.0 8
1747197908393 3542.0 8
1747197908410 3553.0 8
1747197908426 3564.0 8
1747197908441 3575.0 8
1747197908459 3586.0 8
1747197908477 3597.0 8
1747197908494 3608.0 8
1747197908513 3619.0 8
1747197908528 3630.0 8
1747197908544 3641.0 8
1747197908561 3652.0 8
1747197908578 3663.0 8
1747197908595 3674.0 8
1747197908611 3685.0 8
1747197908629 3696.0 8
1747197908646 3707.0 8
1747197908663 3718.0 8
1747197908680 3729.0 8
1747197908696 3740.0 8
1747197908712 3751.0 8
1747197908729 3762.0 8
1747197908745 3773.0 8
1747197908761 3784.0 8
1747197908780 3795.0 8
1747197908796 3806.0 8
1747197908813 3817.0 8
1747197908830 3828.0 8
1747197908847 3839.0 8
1747197908864 3850.0 8
1747197908879 3861.0 8
1747197908903 3872.0 8
1747197908920 3883.0 8
1747197908937 3894.0 8
1747197908953 3905.0 8
1747197908969 3916.0 8
1747197908986 3927.0 8
1747197909002 3938.0 8
1747197909018 3949.0 8
1747197909034 3960.0 8
1747197909051 3971.0 8
1747197909068 3982.0 8
1747197909085 3993.0 8
1747197909100 4004.0 8
1747197909117 4015.0 8
1747197909134 4026.0 8
1747197909149 4037.0 8
1747197909167 4048.0 8
1747197909183 4059.0 8
1747197909199 4070.0 8
1747197909217 4081.0 8
1747197909233 4092.0 8
1747197909250 4103.0 8
1747197909266 4114.0 8
1747197909283 4125.0 8
1747197909300 4136.0 8
1747197909316 4147.0 8
1747197909332 4158.0 8
1747197909349 4169.0 8
1747197909366 4180.0 8
1747197909381 4191.0 8
1747197909398 4202.0 8
1747197909414 4213.0 8
1747197909432 4224.0 8
1747197909448 4235.0 8
1747197909465 4246.0 8
1747197909481 4257.0 8
1747197909497 4268.0 8
1747197909514 4279.0 8
1747197909530 4290.0 8
1747197909548 4301.0 8
1747197909565 4312.0 8
1747197909581 4323.0 8
1747197909598 4334.0 8
1747197909612 4345.0 8
1747197909630 4356.0 8
1747197909647 4367.0 8
1747197909665 4378.0 8
1747197909680 4389.0 8
1747197909696 4400.0 8
1747197909712 4411.0 8
1747197909729 4422.0 8
1747197909746 4433.0 8
1747197909762 4444.0 8
1747197909781 4455.0 8
1747197909796 4466.0 8
1747197909812 4477.0 8
1747197909829 4488.0 8
1747197909846 4499.0 8
1747197909862 4510.0 8
1747197909878 4521.0 8
1747197909894 4532.0 8
1747197909911 4543.0 8
1747197909927 4556.0 8
1747197909943 4569.0 8
1747197909960 4582.0 8
1747197909976 4595.0 8
1747197909994 4608.0 8
1747197910010 4621.0 8
1747197910026 4634.0 8
1747197910042 4647.0 8
1747197910058 4660.0 8
1747197910074 4673.0 8
1747197910092 4686.0 8
1747197910108 4699.0 8
1747197910127 4712.0 8
1747197910141 4725.0 8
1747197910157 4738.0 8
1747197910173 4751.0 8
1747197910190 4764.0 8
1747197910205 4777.0 8
1747197910221 4790.0 8
1747197910238 4803.0 8
1747197910262 4816.0 8
1747197910280 4829.0 8
1747197910294 4842.0 8
1747197910311 4855.0 8
1747197910328 4868.0 8
1747197910344 4881.0 8
1747197910361 4894.0 8
1747197910378 4907.0 8
1747197910393 4920.0 8
1747197910409 4933.0 8
1747197910427 4946.0 8
1747197910445 4959.0 8
1747197910459 4972.0 8
1747197910476 4985.0 8
1747197910494 4998.0 8
1747197910510 5011.0 8
1747197910528 5024.0 8
1747197910544 5037.0 8
1747197910560 5050.0 8
1747197910576 5063.0 8
1747197910592 5076.0 8
1747197910609 5089.0 8
1747197910626 5102.0 8
1747197910642 5115.0 8
1747197910660 5128.0 8
1747197910676 5141.0 8
1747197910693 5154.0 8
1747197910710 5167.0 8
1747197910727 5180.0 8
1747197910742 5193.0 8
1747197910758 5206.0 8
1747197910775 5219.0 8
1747197910790 5232.0 8
1747197910810 5245.0 8
1747197910828 5258.0 8
1747197910850 5271.0 8
1747197910866 5284.0 8
1747197910882 5297.0 8
1747197910898 5310.0 8
1747197910915 5323.0 8
1747197910932 5336.0 8
1747197910947 5349.0 8
1747197910964 5362.0 8
1747197910980 5375.0 8
1747197910997 5388.0 8
1747197911014 5401.0 8
1747197911031 5414.0 8
1747197911048 5427.0 8
1747197911063 5440.0 8
1747197911079 5453.0 8
1747197911096 5466.0 8
1747197911110 5479.0 8
1747197911128 5492.0 8
1747197911146 5505.0 8
1747197911162 5518.0 8
1747197911177 5531.0 8
1747197911193 5544.0 8
1747197911209 5557.0 8
1747197911227 5570.0 8
1747197911242 5583.0 8
1747197911258 5596.0 8
1747197911274 5609.0 8
1747197911291 5622.0 8
1747197911308 5635.0 8
1747197911324 5648.0 8
1747197911341 5661.0 8
1747197911357 5674.0 8
1747197911375 5687.0 8
1747197911390 5700.0 8
1747197911406 5713.0 8
1747197911423 5726.0 8
1747197911439 5739.0 8
1747197911456 5752.0 8
1747197911471 5765.0 8
1747197911487 5778.0 8
1747197911503 5791.0 8
1747197911520 5804.0 8
1747197911537 5817.0 8
1747197911553 5830.0 8
1747197911570 5843.0 8
1747197911587 5856.0 8
1747197911604 5869.0 8
1747197911621 5882.0 8
1747197911638 5895.0 8
1747197911654 5908.0 8
1747197911670 5921.0 8
1747197911687 5934.0 8
1747197911704 5947.0 8
1747197911720 5960.0 8
1747197911738 5973.0 8
1747197911753 5986.0 8
1747197911770 5999.0 8
1747197911786 6012.0 8
1747197911802 6025.0 8
1747197911820 6038.0 8
1747197911836 6051.0 8
1747197911853 6064.0 8
1747197911869 6077.0 8
1747197911885 6090.0 8
1747197911902 6103.0 8
1747197911919 6116.0 8
1747197911935 6129.0 8
1747197911952 6142.0 8
1747197911968 6155.0 8
1747197911985 6168.0 8
1747197912001 6181.0 8
1747197912017 6194.0 8
1747197912032 6207.0 8
1747197912049 6220.0 8
1747197912066 6233.0 8
1747197912082 6246.0 8
1747197912100 6259.0 8
1747197912117 6272.0 8
1747197912134 6285.0 8
1747197912150 6298.0 8
1747197912167 6311.0 8
1747197912183 6324.0 8
1747197912199 6337.0 8
1747197912216 6350.0 8
1747197912234 6363.0 8
1747197912251 6376.0 8
1747197912267 6389.0 8
1747197912284 6402.0 8
1747197912301 6415.0 8
1747197912317 6428.0 8
1747197912334 6441.0 8
1747197912350 6454.0 8
1747197912367 6467.0 8
1747197912384 6480.0 8
1747197912399 6493.0 8
1747197912416 6506.0 8
1747197912433 6519.0 8
1747197912449 6532.0 8
1747197912466 6545.0 8
1747197912721 11.0 9
1747197912745 24.0 9
1747197912771 39.0 9
1747197912795 56.0 9
1747197912820 75.0 9
1747197912842 96.0 9
1747197912867 96.0 9
1747197912891 108.0 9
1747197912915 125.0 9
1747197912937 144.0 9
1747197912959 163.0 9
1747197912988 184.0 9
1747197913011 207.0 9
1747197913039 230.0 9
1747197913065 255.0 9
1747197913089 282.0 9
1747197913116 309.0 9
1747197913144 338.0 9
1747197913170 369.0 9
1747197913193 402.0 9
1747197913217 435.0 9
1747197913238 470.0 9
1747197913263 507.0 9
1747197913287 546.0 9
1747197913310 587.0 9
1747197913331 587.0 9
1747197913353 587.0 9
1747197913375 587.0 9
1747197913397 587.0 9
1747197913418 587.0 9
1747197913438 587.0 9
1747197913458 587.0 9
1747197913482 603.0 9
1747197913503 626.0 9
1747197913525 649.0 9
1747197913546 649.0 9
1747197913567 649.0 9
1747197913587 649.0 9
1747197913608 649.0 9
1747197913629 649.0 9
1747197913650 649.0 9
1747197913670 649.0 9
1747197913691 649.0 9
1747197913713 649.0 9
1747197913734 649.0 9
1747197913755 649.0 9
1747197913777 649.0 9
1747197913799 649.0 9
1747197913822 649.0 9
1747197913844 649.0 9
1747197913865 649.0 9
1747197913882 649.0 9
1747197913902 649.0 9
1747197913922 649.0 9
1747197913940 649.0 9
1747197913961 649.0 9
1747197913991 649.0 9
1747197914009 649.0 9
1747197914029 649.0 9
1747197914048 660.0 9
1747197914067 671.0 9
1747197914084 682.0 9
1747197914102 693.0 9
1747197914119 704.0 9
1747197914139 715.0 9
1747197914157 726.0 9
1747197914174 737.0 9
1747197914191 748.0 9
1747197914208 759.0 9
1747197914226 770.0 9
1747197914245 781.0 9
1747197914264 792.0 9
1747197914281 803.0 9
1747197914300 814.0 9
1747197914320 825.0 9
1747197914348 836.0 9
1747197914367 847.0 9
1747197914384 858.0 9
1747197914405 869.0 9
1747197914425 880.0 9
1747197914445 891.0 9
1747197914463 902.0 9
1747197914482 913.0 9
1747197914501 924.0 9
1747197914519 935.0 9
1747197914538 946.0 9
1747197914556 957.0 9
1747197914574 968.0 9
1747197914591 979.0 9
1747197914609 990.0 9
1747197914627 1001.0 9
1747197914646 1012.0 9
1747197914667 1023.0 9
1747197914686 1034.0 9
1747197914704 1045.0 9
1747197914722 1056.0 9
1747197914739 1067.0 9
1747197914757 1078.0 9
1747197914774 1089.0 9
1747197914791 1100.0 9
1747197914808 1111.0 9
1747197914826 1122.0 9
1747197914845 1133.0 9
1747197914862 1144.0 9
1747197914881 1155.0 9
1747197914900 1166.0 9
1747197914918 1177.0 9
1747197914937 1188.0 9
1747197914956 1199.0 9
1747197914973 1210.0 9
1747197914992 1221.0 9
1747197915012 1232.0 9
1747197915029 1243.0 9
1747197915048 1254.0 9
1747197915066 1265.0 9
1747197915083 1276.0 9
1747197915101 1287.0 9
1747197915118 1298.0 9
1747197915137 1309.0 9
1747197915156 1320.0 9
1747197915174 1331.0 9
1747197915191 1342.0 9
1747197915208 1353.0 9
1747197915226 1364.0 9
1747197915244 1375.0 9
1747197915263 1386.0 9
1747197915279 1397.0 9
1747197915297 1408.0 9
1747197915316 1419.0 9
1747197915334 1430.0 9
1747197915352 1441.0 9
1747197915370 1452.0 9
1747197915388 1463.0 9
1747197915407 1474.0 9
1747197915424 1485.0 9
1747197915442 1496.0 9
1747197915459 1507.0 9
1747197915478 1518.0 9
1747197915494 1529.0 9
1747197915512 1540.0 9
1747197915528 1551.0 9
1747197915545 1562.0 9
1747197915562 1573.0 9
1747197915579 1584.0 9
1747197915597 1595.0 9
1747197915613 1606.0 9
1747197915631 1617.0 9
1747197915647 1628.0 9
1747197915666 1639.0 9
1747197915683 1650.0 9
1747197915710 1661.0 9
1747197915730 1672.0 9
1747197915748 1683.0 9
1747197915768 1694.0 9
1747197915788 1705.0 9
1747197915808 1716.0 9
1747197915828 1727.0 9
1747197915846 1738.0 9
1747197915867 1749.0 9
1747197915886 1760.0 9
1747197915905 1771.0 9
1747197915923 1782.0 9
1747197915940 1793.0 9
1747197915958 1804.0 9
1747197915976 1815.0 9
1747197915994 1826.0 9
1747197916011 1837.0 9
1747197916028 1848.0 9
1747197916047 1859.0 9
1747197916065 1870.0 9
1747197916083 1881.0 9
1747197916100 1892.0 9
1747197916119 1903.0 9
1747197916137 1914.0 9
1747197916162 1925.0 9
1747197916181 1936.0 9
1747197916199 1947.0 9
1747197916216 1958.0 9
1747197916235 1969.0 9
1747197916253 1980.0 9
1747197916271 1991.0 9
1747197916288 2002.0 9
1747197916305 2013.0 9
1747197916321 2024.0 9
1747197916340 2035.0 9
1747197916357 2046.0 9
1747197916374 2057.0 9
1747197916391 2068.0 9
1747197916409 2079.0 9
1747197916424 2090.0 9
1747197916441 2101.0 9
1747197916458 2112.0 9
1747197916474 2123.0 9
1747197916490 2134.0 9
1747197916507 2145.0 9
1747197916523 2156.0 9
1747197916541 2167.0 9
1747197916558 2178.0 9
1747197916575 2189.0 9
1747197916590 2200.0 9
1747197916607 2211.0 9
1747197916625 2222.0 9
1747197916642 2233.0 9
1747197916659 2244.0 9
1747197916676 2255.0 9
1747197916692 2266.0 9
1747197916708 2277.0 9
1747197916725 2288.0 9
1747197916740 2299.0 9
1747197916756 2310.0 9
1747197916772 2321.0 9
1747197916789 2332.0 9
1747197916805 2343.0 9
1747197916822 2354.0 9
1747197916843 2365.0 9
1747197916861 2376.0 9
1747197916878 2387.0 9
1747197916896 2398.0 9
1747197916911 2409.0 9
1747197916928 2420.0 9
1747197916945 2431.0 9
1747197916961 2442.0 9
1747197916978 2453.0 9
1747197916994 2464.0 9
1747197917012 2475.0 9
1747197917029 2486.0 9
1747197917046 2497.0 9
1747197917064 2508.0 9
1747197917078 2519.0 9
1747197917095 2530.0 9
1747197917111 2541.0 9
1747197917128 2552.0 9
1747197917145 2563.0 9
1747197917161 2574.0 9
1747197917178 2585.0 9
1747197917194 2596.0 9
1747197917208 2607.0 9
1747197917225 2618.0 9
1747197917242 2629.0 9
1747197917257 2640.0 9
1747197917272 2651.0 9
1747197917290 2662.0 9
1747197917307 2673.0 9
1747197917322 2684.0 9
1747197917340 2695.0 9
1747197917356 2706.0 9
1747197917373 2717.0 9
1747197917390 2728.0 9
1747197917406 2739.0 9
1747197917422 2750.0 9
1747197917438 2761.0 9
1747197917454 2772.0 9
1747197917471 2783.0 9
1747197917488 2794.0 9
1747197917505 2805.0 9
1747197917521 2816.0 9
1747197917537 2827.0 9
1747197917553 2838.0 9
1747197917570 2849.0 9
1747197917587 2860.0 9
1747197917603 2871.0 9
1747197917620 2882.0 9
1747197917635 2893.0 9
1747197917652 2904.0 9
1747197917669 2915.0 9
1747197917684 2926.0 9
1747197917702 2937.0 9
1747197917720 2948.0 9
1747197917737 2959.0 9
1747197917753 2970.0 9
1747197917770 2981.0 9
1747197917786 2992.0 9
1747197917802 3003.0 9
1747197917820 3014.0 9
1747197917836 3025.0 9
1747197917853 3036.0 9
1747197917869 3047.0 9
1747197917887 3058.0 9
1747197917904 3069.0 9
1747197917922 3080.0 9
1747197917940 3091.0 9
1747197917955 3102.0 9
1747197917984 3113.0 9
1747197918028 3124.0 9
1747197918060 3135.0 9
1747197918085 3146.0 9
1747197918108 3157.0 9
1747197918130 3168.0 9
1747197918150 3179.0 9
1747197918173 3190.0 9
1747197918212 3201.0 9
1747197918236 3212.0 9
1747197918268 3223.0 9
1747197918285 3234.0 9
1747197918303 3245.0 9
1747197918336 3256.0 9
1747197918359 3267.0 9
1747197918376 3278.0 9
1747197918390 3289.0 9
1747197918408 3300.0 9
1747197918423 3311.0 9
1747197918440 3322.0 9
1747197918457 3333.0 9
1747197918474 3344.0 9
1747197918491 3355.0 9
1747197918507 3366.0 9
1747197918529 3377.0 9
1747197918547 3388.0 9
1747197918562 3399.0 9
1747197918578 3410.0 9
1747197918594 3421.0 9
1747197918612 3432.0 9
1747197918628 3443.0 9
1747197918646 3454.0 9
1747197918663 3465.0 9
1747197918678 3476.0 9
1747197918695 3487.0 9
1747197918712 3498.0 9
1747197918728 3509.0 9
1747197918745 3520.0 9
1747197918762 3531.0 9
1747197918779 3542.0 9
1747197918795 3553.0 9
1747197918812 3564.0 9
1747197918828 3575.0 9
1747197918846 3586.0 9
1747197918862 3597.0 9
1747197918880 3608.0 9
1747197918896 3619.0 9
1747197918914 3630.0 9
1747197918930 3641.0 9
1747197918949 3652.0 9
1747197918966 3663.0 9
1747197918982 3674.0 9
1747197919000 3685.0 9
1747197919015 3696.0 9
1747197919032 3707.0 9
1747197919049 3718.0 9
1747197919066 3729.0 9
1747197919082 3740.0 9
1747197919099 3751.0 9
1747197919116 3762.0 9
1747197919141 3773.0 9
1747197919154 3784.0 9
1747197919170 3795.0 9
1747197919187 3806.0 9
1747197919202 3817.0 9
1747197919219 3828.0 9
1747197919237 3839.0 9
1747197919252 3850.0 9
1747197919269 3861.0 9
1747197919287 3872.0 9
1747197919302 3883.0 9
1747197919322 3894.0 9
1747197919336 3905.0 9
1747197919351 3916.0 9
1747197919369 3927.0 9
1747197919386 3938.0 9
1747197919402 3949.0 9
1747197919419 3960.0 9
1747197919435 3971.0 9
1747197919451 3982.0 9
1747197919467 3993.0 9
1747197919483 4004.0 9
1747197919500 4015.0 9
1747197919519 4026.0 9
1747197919535 4037.0 9
1747197919554 4048.0 9
1747197919570 4059.0 9
1747197919585 4070.0 9
1747197919602 4081.0 9
1747197919619 4092.0 9
1747197919636 4103.0 9
1747197919652 4114.0 9
1747197919670 4125.0 9
1747197919688 4136.0 9
1747197919706 4147.0 9
1747197919724 4158.0 9
1747197919740 4169.0 9
1747197919756 4180.0 9
1747197919772 4191.0 9
1747197919796 4202.0 9
1747197919809 4213.0 9
1747197919825 4224.0 9
1747197919841 4235.0 9
1747197919860 4246.0 9
1747197919875 4257.0 9
1747197919890 4268.0 9
1747197919907 4279.0 9
1747197919924 4290.0 9
1747197919940 4301.0 9
1747197919957 4312.0 9
1747197919974 4323.0 9
1747197919990 4334.0 9
1747197920007 4345.0 9
1747197920023 4356.0 9
1747197920039 4367.0 9
1747197920055 4378.0 9
1747197920074 4389.0 9
1747197920095 4400.0 9
1747197920122 4411.0 9
1747197920140 4422.0 9
1747197920158 4433.0 9
1747197920174 4444.0 9
1747197920190 4455.0 9
1747197920206 4466.0 9
1747197920224 4477.0 9
1747197920239 4488.0 9
1747197920256 4499.0 9
1747197920272 4510.0 9
1747197920291 4521.0 9
1747197920312 4532.0 9
1747197920334 4543.0 9
1747197920349 4556.0 9
1747197920366 4569.0 9
1747197920382 4582.0 9
1747197920400 4595.0 9
1747197920417 4608.0 9
1747197920433 4621.0 9
1747197920450 4634.0 9
1747197920467 4647.0 9
1747197920484 4660.0 9
1747197920500 4673.0 9
1747197920516 4686.0 9
1747197920534 4699.0 9
1747197920551 4712.0 9
1747197920566 4725.0 9
1747197920581 4738.0 9
1747197920600 4751.0 9
1747197920616 4764.0 9
1747197920634 4777.0 9
1747197920652 4790.0 9
1747197920666 4803.0 9
1747197920683 4816.0 9
1747197920700 4829.0 9
1747197920716 4842.0 9
1747197920732 4855.0 9
1747197920750 4868.0 9
1747197920765 4881.0 9
1747197920784 4894.0 9
1747197920802 4907.0 9
1747197920819 4920.0 9
1747197920833 4933.0 9
1747197920850 4946.0 9
1747197920868 4959.0 9
1747197920882 4972.0 9
1747197920898 4985.0 9
1747197920915 4998.0 9
1747197920930 5011.0 9
1747197920948 5024.0 9
1747197920965 5037.0 9
1747197920980 5050.0 9
1747197920997 5063.0 9
1747197921014 5076.0 9
1747197921032 5089.0 9
1747197921053 5102.0 9
1747197921073 5115.0 9
1747197921096 5128.0 9
1747197921114 5141.0 9
1747197921134 5154.0 9
1747197921161 5167.0 9
1747197921178 5180.0 9
1747197921197 5193.0 9
1747197921217 5206.0 9
1747197921234 5219.0 9
1747197921251 5232.0 9
1747197921269 5245.0 9
1747197921288 5258.0 9
1747197921306 5271.0 9
1747197921324 5284.0 9
1747197921339 5297.0 9
1747197921356 5310.0 9
1747197921374 5323.0 9
1747197921392 5336.0 9
1747197921411 5349.0 9
1747197921429 5362.0 9
1747197921454 5375.0 9
1747197921472 5388.0 9
1747197921487 5401.0 9
1747197921502 5414.0 9
1747197921520 5427.0 9
1747197921536 5440.0 9
1747197921553 5453.0 9
1747197921571 5466.0 9
1747197921588 5479.0 9
1747197921603 5492.0 9
1747197921621 5505.0 9
1747197921639 5518.0 9
1747197921655 5531.0 9
1747197921671 5544.0 9
1747197921687 5557.0 9
1747197921703 5570.0 9
1747197921719 5583.0 9
1747197921735 5596.0 9
1747197921753 5609.0 9
1747197921769 5622.0 9
1747197921786 5635.0 9
1747197921802 5648.0 9
1747197921819 5661.0 9
1747197921834 5674.0 9
1747197921852 5687.0 9
1747197921867 5700.0 9
1747197921886 5713.0 9
1747197921902 5726.0 9
1747197921918 5739.0 9
1747197921936 5752.0 9
1747197921952 5765.0 9
1747197921967 5778.0 9
1747197921983 5791.0 9
1747197921999 5804.0 9
1747197922017 5817.0 9
1747197922038 5830.0 9
1747197922069 5843.0 9
1747197922083 5856.0 9
1747197922100 5869.0 9
1747197922115 5882.0 9
1747197922132 5895.0 9
1747197922150 5908.0 9
1747197922166 5921.0 9
1747197922184 5934.0 9
1747197922201 5947.0 9
1747197922215 5960.0 9
1747197922232 5973.0 9
1747197922247 5986.0 9
1747197922262 5999.0 9
1747197922279 6012.0 9
1747197922296 6025.0 9
1747197922316 6038.0 9
1747197922332 6051.0 9
1747197922354 6064.0 9
1747197922369 6077.0 9
1747197922385 6090.0 9
1747197922402 6103.0 9
1747197922419 6116.0 9
1747197922434 6129.0 9
1747197922451 6142.0 9
1747197922468 6155.0 9
1747197922484 6168.0 9
1747197922501 6181.0 9
1747197922525 6194.0 9
1747197922536 6207.0 9
1747197922553 6220.0 9
1747197922569 6233.0 9
1747197922587 6246.0 9
1747197922602 6259.0 9
1747197922619 6272.0 9
1747197922635 6285.0 9
1747197922652 6298.0 9
1747197922667 6311.0 9
1747197922687 6324.0 9
1747197922700 6337.0 9
1747197922717 6350.0 9
1747197922733 6363.0 9
1747197922750 6376.0 9
1747197922766 6389.0 9
1747197922782 6402.0 9
1747197922798 6415.0 9
1747197922815 6428.0 9
1747197922832 6441.0 9
1747197922850 6454.0 9
1747197922869 6467.0 9
1747197922885 6480.0 9
1747197922901 6493.0 9
1747197922918 6506.0 9
1747197922935 6519.0 9
1747197922951 6532.0 9
1747197922967 6545.0 9
1747197922985 6545.0 9
1747197923000 6545.0 9
1747197923017 6545.0 9
1747197923034 6545.0 9
1747197923053 6545.0 9
1747197923067 6545.0 9
1747197923084 6545.0 9
1747197923100 6545.0 9
1747197923118 6545.0 9
1747197923135 6545.0 9
1747197923152 6545.0 9
1747197923167 6545.0 9
1747197923183 6545.0 9
1747197923200 6545.0 9
1747197923218 6545.0 9
1747197923236 6545.0 9
1747197923249 6545.0 9
1747197923265 6545.0 9
1747197923477 11.0 10
1747197923502 24.0 10
1747197923526 39.0 10
1747197923548 56.0 10
1747197923568 75.0 10
1747197923589 96.0 10
1747197923611 96.0 10
1747197923633 108.0 10
1747197923655 125.0 10
1747197923675 144.0 10
1747197923696 163.0 10
1747197923718 184.0 10
1747197923740 207.0 10
1747197923761 230.0 10
1747197923782 255.0 10
1747197923804 282.0 10
1747197923828 309.0 10
1747197923851 338.0 10
1747197923874 369.0 10
1747197923897 402.0 10
1747197923920 437.0 10
1747197923944 474.0 10
1747197923968 509.0 10
1747197923991 542.0 10
1747197924015 573.0 10
1747197924036 586.0 10
1747197924056 586.0 10
1747197924077 586.0 10
1747197924098 611.0 10
1747197924119 611.0 10
1747197924140 611.0 10
