1747197880843 30.0 1
1747197880870 30.0 1
1747197880896 30.0 1
1747197880921 26.0 1
1747197880945 23.0 1
1747197880965 17.0 1
1747197880983 11.0 1
1747197880999 10.0 1
1747197881015 7.0 1
1747197881031 5.0 1
1747197881048 5.0 1
1747197881065 5.0 1
1747197881082 4.0 1
1747197881098 4.0 1
1747197881115 4.0 1
1747197881131 4.0 1
1747197881148 4.0 1
1747197881166 2.0 1
1747197881182 2.0 1
1747197881198 2.0 1
1747197881216 2.0 1
1747197881232 2.0 1
1747197881249 2.0 1
1747197881265 2.0 1
1747197881282 2.0 1
1747197881298 2.0 1
1747197881316 2.0 1
1747197881332 2.0 1
1747197881349 2.0 1
1747197881367 2.0 1
1747197881383 2.0 1
1747197881400 2.0 1
1747197881417 2.0 1
1747197881434 2.0 1
1747197881450 2.0 1
1747197881466 2.0 1
1747197881483 2.0 1
1747197881499 2.0 1
1747197881516 2.0 1
1747197881533 2.0 1
1747197881550 2.0 1
1747197881567 2.0 1
1747197881584 2.0 1
1747197881600 1.0 1
1747197881617 1.0 1
1747197881869 30.0 2
1747197881892 30.0 2
1747197881919 30.0 2
1747197881942 28.0 2
1747197881963 24.0 2
1747197881986 23.0 2
1747197882006 20.0 2
1747197882026 19.0 2
1747197882043 14.0 2
1747197882060 12.0 2
1747197882076 12.0 2
1747197882094 12.0 2
1747197882111 12.0 2
1747197882129 12.0 2
1747197882147 12.0 2
1747197882164 11.0 2
1747197882184 11.0 2
1747197882202 10.0 2
1747197882220 9.0 2
1747197882238 9.0 2
1747197882256 9.0 2
1747197882274 9.0 2
1747197882292 9.0 2
1747197882309 9.0 2
1747197882327 8.0 2
1747197882342 8.0 2
1747197882359 7.0 2
1747197882376 7.0 2
1747197882393 7.0 2
1747197882409 6.0 2
1747197882425 5.0 2
1747197882442 5.0 2
1747197882457 5.0 2
1747197882474 5.0 2
1747197882489 5.0 2
1747197882506 5.0 2
1747197882523 5.0 2
1747197882539 5.0 2
1747197882555 5.0 2
1747197882572 5.0 2
1747197882588 5.0 2
1747197882604 4.0 2
1747197882620 4.0 2
1747197882637 2.0 2
1747197882654 2.0 2
1747197882670 1.0 2
1747197882687 1.0 2
1747197882704 1.0 2
1747197882721 1.0 2
1747197882737 1.0 2
1747197882754 1.0 2
1747197882770 1.0 2
1747197882786 1.0 2
1747197882803 1.0 2
1747197882819 1.0 2
1747197883074 30.0 3
1747197883098 30.0 3
1747197883123 30.0 3
1747197883146 30.0 3
1747197883170 29.0 3
1747197883193 26.0 3
1747197883214 25.0 3
1747197883234 22.0 3
1747197883251 14.0 3
1747197883268 13.0 3
1747197883284 12.0 3
1747197883301 11.0 3
1747197883317 9.0 3
1747197883334 9.0 3
1747197883350 9.0 3
1747197883366 9.0 3
1747197883388 9.0 3
1747197883411 9.0 3
1747197883428 9.0 3
1747197883445 8.0 3
1747197883461 8.0 3
1747197883478 8.0 3
1747197883496 8.0 3
1747197883514 8.0 3
1747197883531 8.0 3
1747197883547 8.0 3
1747197883562 8.0 3
1747197883579 8.0 3
1747197883595 8.0 3
1747197883612 7.0 3
1747197883629 7.0 3
1747197883647 7.0 3
1747197883664 7.0 3
1747197883683 7.0 3
1747197883699 5.0 3
1747197883714 5.0 3
1747197883731 5.0 3
1747197883747 5.0 3
1747197883764 5.0 3
1747197883781 5.0 3
1747197883798 5.0 3
1747197883814 4.0 3
1747197883831 4.0 3
1747197883847 4.0 3
1747197883863 4.0 3
1747197883880 3.0 3
1747197883897 3.0 3
1747197883914 2.0 3
1747197883931 2.0 3
1747197883947 2.0 3
1747197883965 2.0 3
1747197883980 2.0 3
1747197883996 2.0 3
1747197884013 2.0 3
1747197884030 2.0 3
1747197884046 1.0 3
1747197884062 1.0 3
1747197884079 1.0 3
1747197884096 1.0 3
1747197884113 1.0 3
1747197884129 1.0 3
1747197884145 1.0 3
1747197884161 1.0 3
1747197884177 1.0 3
1747197884193 1.0 3
1747197884209 1.0 3
1747197884225 1.0 3
1747197884242 1.0 3
1747197884502 30.0 4
1747197884527 30.0 4
1747197884551 30.0 4
1747197884575 30.0 4
1747197884598 30.0 4
1747197884621 25.0 4
1747197884642 21.0 4
1747197884663 19.0 4
1747197884682 13.0 4
1747197884701 11.0 4
1747197884719 10.0 4
1747197884737 10.0 4
1747197884755 10.0 4
1747197884772 9.0 4
1747197884789 9.0 4
1747197884805 9.0 4
1747197884822 9.0 4
1747197884838 8.0 4
1747197884854 8.0 4
1747197884869 8.0 4
1747197884886 8.0 4
1747197884901 8.0 4
1747197884918 8.0 4
1747197884937 8.0 4
1747197884952 8.0 4
1747197884970 8.0 4
1747197884985 8.0 4
1747197885004 8.0 4
1747197885020 7.0 4
1747197885036 7.0 4
1747197885054 7.0 4
1747197885071 7.0 4
1747197885088 6.0 4
1747197885104 6.0 4
1747197885121 6.0 4
1747197885137 4.0 4
1747197885153 4.0 4
1747197885169 4.0 4
1747197885185 4.0 4
1747197885201 3.0 4
1747197885216 3.0 4
1747197885233 2.0 4
1747197885248 2.0 4
1747197885265 2.0 4
1747197885281 2.0 4
1747197885298 2.0 4
1747197885314 2.0 4
1747197885331 2.0 4
1747197885347 2.0 4
1747197885363 2.0 4
1747197885380 2.0 4
1747197885396 2.0 4
1747197885412 2.0 4
1747197885429 2.0 4
1747197885445 2.0 4
1747197885461 1.0 4
1747197885477 1.0 4
1747197885494 1.0 4
1747197885510 1.0 4
1747197885526 1.0 4
1747197885544 1.0 4
1747197885560 1.0 4
1747197885576 1.0 4
1747197885594 1.0 4
1747197885610 1.0 4
1747197885626 1.0 4
1747197885642 1.0 4
1747197885659 1.0 4
1747197885907 30.0 5
1747197885935 30.0 5
1747197885960 30.0 5
1747197885981 29.0 5
1747197886004 27.0 5
1747197886026 21.0 5
1747197886046 19.0 5
1747197886067 19.0 5
1747197886087 17.0 5
1747197886107 17.0 5
1747197886127 17.0 5
1747197886148 17.0 5
1747197886169 17.0 5
1747197886191 17.0 5
1747197886212 17.0 5
1747197886233 17.0 5
1747197886254 17.0 5
1747197886279 17.0 5
1747197886299 17.0 5
1747197886322 17.0 5
1747197886344 17.0 5
1747197886368 17.0 5
1747197886388 17.0 5
1747197886410 17.0 5
1747197886431 17.0 5
1747197886454 17.0 5
1747197886474 17.0 5
1747197886495 17.0 5
1747197886515 16.0 5
1747197886536 16.0 5
1747197886556 15.0 5
1747197886575 14.0 5
1747197886595 14.0 5
1747197886614 14.0 5
1747197886633 14.0 5
1747197886651 14.0 5
1747197886670 13.0 5
1747197886689 13.0 5
1747197886706 12.0 5
1747197886727 11.0 5
1747197886748 11.0 5
1747197886765 10.0 5
1747197886781 10.0 5
1747197886798 10.0 5
1747197886815 9.0 5
1747197886831 9.0 5
1747197886848 9.0 5
1747197886865 9.0 5
1747197886881 9.0 5
1747197886899 9.0 5
1747197886915 8.0 5
1747197886932 8.0 5
1747197886949 7.0 5
1747197886965 7.0 5
1747197886981 6.0 5
1747197886998 5.0 5
1747197887014 5.0 5
1747197887030 5.0 5
1747197887046 5.0 5
1747197887064 4.0 5
1747197887080 4.0 5
1747197887098 4.0 5
1747197887114 4.0 5
1747197887130 4.0 5
1747197887146 4.0 5
1747197887162 4.0 5
1747197887178 3.0 5
1747197887195 2.0 5
1747197887211 1.0 5
1747197887228 1.0 5
1747197887245 1.0 5
1747197887261 1.0 5
1747197887278 1.0 5
1747197887295 1.0 5
1747197887312 1.0 5
1747197887328 1.0 5
1747197887343 1.0 5
1747197887360 1.0 5
1747197887377 1.0 5
1747197887394 1.0 5
1747197887410 1.0 5
1747197887426 1.0 5
1747197887442 1.0 5
1747197887459 1.0 5
1747197887475 1.0 5
1747197887492 1.0 5
1747197887509 1.0 5
1747197887525 1.0 5
1747197887541 1.0 5
1747197887557 1.0 5
1747197887574 1.0 5
1747197887590 1.0 5
1747197887607 1.0 5
1747197887624 1.0 5
1747197887640 1.0 5
1747197887657 1.0 5
1747197887673 1.0 5
1747197887689 1.0 5
1747197887705 1.0 5
1747197887721 1.0 5
1747197887737 1.0 5
1747197887754 1.0 5
1747197887771 1.0 5
1747197887787 1.0 5
1747197887804 1.0 5
1747197887821 1.0 5
1747197887837 1.0 5
1747197887852 1.0 5
1747197887869 1.0 5
1747197887885 1.0 5
1747197887901 1.0 5
1747197887919 1.0 5
1747197887937 1.0 5
1747197887953 1.0 5
1747197887986 1.0 5
1747197888012 1.0 5
1747197888045 1.0 5
1747197888069 1.0 5
1747197888090 1.0 5
1747197888107 1.0 5
1747197888125 1.0 5
1747197888141 1.0 5
1747197888156 1.0 5
1747197888175 1.0 5
1747197888219 1.0 5
1747197888237 1.0 5
1747197888252 1.0 5
1747197888275 1.0 5
1747197888302 1.0 5
1747197888316 1.0 5
1747197888334 1.0 5
1747197888350 1.0 5
1747197888367 1.0 5
1747197888385 1.0 5
1747197888401 1.0 5
1747197888418 1.0 5
1747197888435 1.0 5
1747197888641 30.0 6
1747197888663 30.0 6
1747197888685 30.0 6
1747197888707 29.0 6
1747197888728 27.0 6
1747197888746 22.0 6
1747197888765 20.0 6
1747197888784 20.0 6
1747197888803 18.0 6
1747197888821 16.0 6
1747197888839 16.0 6
1747197888856 16.0 6
1747197888873 16.0 6
1747197888891 16.0 6
1747197888908 16.0 6
1747197888926 16.0 6
1747197888944 16.0 6
1747197888962 16.0 6
1747197888980 16.0 6
1747197888998 16.0 6
1747197889017 16.0 6
1747197889035 16.0 6
1747197889052 16.0 6
1747197889070 16.0 6
1747197889089 16.0 6
1747197889108 16.0 6
1747197889127 16.0 6
1747197889146 16.0 6
1747197889164 16.0 6
1747197889183 16.0 6
1747197889200 16.0 6
1747197889218 15.0 6
1747197889235 15.0 6
1747197889254 14.0 6
1747197889272 14.0 6
1747197889288 13.0 6
1747197889305 13.0 6
1747197889322 13.0 6
1747197889338 13.0 6
1747197889354 13.0 6
1747197889371 12.0 6
1747197889387 12.0 6
1747197889404 12.0 6
1747197889420 12.0 6
1747197889436 11.0 6
1747197889453 11.0 6
1747197889469 11.0 6
1747197889486 11.0 6
1747197889503 11.0 6
1747197889520 11.0 6
1747197889536 11.0 6
1747197889551 11.0 6
1747197889567 11.0 6
1747197889585 11.0 6
1747197889602 11.0 6
1747197889617 11.0 6
1747197889638 11.0 6
1747197889679 11.0 6
1747197889698 11.0 6
1747197889715 11.0 6
1747197889739 11.0 6
1747197889757 10.0 6
1747197889774 10.0 6
1747197889791 10.0 6
1747197889810 8.0 6
1747197889827 8.0 6
1747197889845 8.0 6
1747197889861 7.0 6
1747197889878 6.0 6
1747197889895 6.0 6
1747197889911 6.0 6
1747197889932 6.0 6
1747197889949 6.0 6
1747197889970 6.0 6
1747197889987 6.0 6
1747197890003 6.0 6
1747197890019 6.0 6
1747197890036 6.0 6
1747197890052 6.0 6
1747197890068 6.0 6
1747197890084 6.0 6
1747197890101 6.0 6
1747197890119 6.0 6
1747197890138 6.0 6
1747197890157 6.0 6
1747197890177 6.0 6
1747197890195 6.0 6
1747197890211 6.0 6
1747197890228 6.0 6
1747197890244 6.0 6
1747197890260 6.0 6
1747197890276 6.0 6
1747197890292 6.0 6
1747197890308 6.0 6
1747197890326 6.0 6
1747197890343 6.0 6
1747197890362 6.0 6
1747197890380 6.0 6
1747197890400 6.0 6
1747197890420 6.0 6
1747197890437 6.0 6
1747197890453 6.0 6
1747197890470 6.0 6
1747197890486 6.0 6
1747197890502 6.0 6
1747197890518 6.0 6
1747197890535 6.0 6
1747197890552 6.0 6
1747197890568 6.0 6
1747197890584 6.0 6
1747197890602 6.0 6
1747197890618 6.0 6
1747197890635 6.0 6
1747197890652 6.0 6
1747197890668 6.0 6
1747197890684 6.0 6
1747197890700 6.0 6
1747197890718 6.0 6
1747197890734 6.0 6
1747197890750 6.0 6
1747197890766 6.0 6
1747197890783 6.0 6
1747197890799 6.0 6
1747197890816 6.0 6
1747197890833 6.0 6
1747197890850 6.0 6
1747197890869 6.0 6
1747197890891 6.0 6
1747197890909 6.0 6
1747197890928 6.0 6
1747197890944 6.0 6
1747197890962 5.0 6
1747197890979 5.0 6
1747197890995 5.0 6
1747197891012 5.0 6
1747197891029 5.0 6
1747197891045 5.0 6
1747197891061 4.0 6
1747197891077 3.0 6
1747197891098 3.0 6
1747197891114 3.0 6
1747197891139 2.0 6
1747197891157 2.0 6
1747197891173 2.0 6
1747197891190 2.0 6
1747197891206 2.0 6
1747197891223 2.0 6
1747197891239 2.0 6
1747197891256 2.0 6
1747197891274 2.0 6
1747197891291 2.0 6
1747197891308 2.0 6
1747197891324 2.0 6
1747197891340 2.0 6
1747197891358 2.0 6
1747197891374 2.0 6
1747197891391 2.0 6
1747197891407 2.0 6
1747197891424 2.0 6
1747197891440 2.0 6
1747197891457 2.0 6
1747197891474 2.0 6
1747197891490 2.0 6
1747197891506 2.0 6
1747197891523 2.0 6
1747197891540 2.0 6
1747197891556 2.0 6
1747197891573 2.0 6
1747197891594 2.0 6
1747197891609 2.0 6
1747197891625 2.0 6
1747197891641 2.0 6
1747197891656 2.0 6
1747197891674 2.0 6
1747197891690 2.0 6
1747197891706 2.0 6
1747197891724 2.0 6
1747197891785 2.0 6
1747197891810 2.0 6
1747197891826 2.0 6
1747197891844 2.0 6
1747197891860 2.0 6
1747197891876 2.0 6
1747197891893 2.0 6
1747197891909 2.0 6
1747197891925 2.0 6
1747197891941 2.0 6
1747197891958 2.0 6
1747197891974 2.0 6
1747197891992 2.0 6
1747197892009 2.0 6
1747197892025 2.0 6
1747197892041 2.0 6
1747197892058 2.0 6
1747197892075 2.0 6
1747197892092 2.0 6
1747197892108 2.0 6
1747197892125 2.0 6
1747197892141 2.0 6
1747197892158 1.0 6
1747197892175 1.0 6
1747197892194 1.0 6
1747197892209 1.0 6
1747197892225 1.0 6
1747197892241 1.0 6
1747197892257 1.0 6
1747197892275 1.0 6
1747197892291 1.0 6
1747197892308 1.0 6
1747197892325 1.0 6
1747197892342 1.0 6
1747197892360 1.0 6
1747197892376 1.0 6
1747197892641 30.0 7
1747197892667 30.0 7
1747197892694 30.0 7
1747197892717 29.0 7
1747197892742 28.0 7
1747197892778 27.0 7
1747197892800 21.0 7
1747197892824 20.0 7
1747197892846 19.0 7
1747197892868 17.0 7
1747197892890 17.0 7
1747197892911 17.0 7
1747197892935 17.0 7
1747197892958 17.0 7
1747197892982 17.0 7
1747197893006 17.0 7
1747197893027 17.0 7
1747197893050 16.0 7
1747197893070 14.0 7
1747197893091 14.0 7
1747197893113 14.0 7
1747197893134 14.0 7
1747197893154 14.0 7
1747197893172 13.0 7
1747197893192 13.0 7
1747197893211 13.0 7
1747197893229 13.0 7
1747197893248 13.0 7
1747197893267 13.0 7
1747197893287 13.0 7
1747197893306 12.0 7
1747197893324 12.0 7
1747197893341 12.0 7
1747197893359 12.0 7
1747197893378 12.0 7
1747197893394 11.0 7
1747197893412 11.0 7
1747197893432 11.0 7
1747197893449 11.0 7
1747197893466 11.0 7
1747197893483 11.0 7
1747197893501 11.0 7
1747197893519 11.0 7
1747197893611 11.0 7
1747197893644 9.0 7
1747197893674 9.0 7
1747197893692 9.0 7
1747197893709 9.0 7
1747197893724 9.0 7
1747197893740 9.0 7
1747197893758 9.0 7
1747197893775 9.0 7
1747197893794 9.0 7
1747197893814 9.0 7
1747197893833 9.0 7
1747197893852 9.0 7
1747197893872 9.0 7
1747197893891 9.0 7
1747197893916 9.0 7
1747197893933 9.0 7
1747197893950 9.0 7
1747197893966 9.0 7
1747197893983 9.0 7
1747197894001 9.0 7
1747197894018 9.0 7
1747197894034 9.0 7
1747197894051 9.0 7
1747197894067 9.0 7
1747197894083 9.0 7
1747197894099 9.0 7
1747197894115 9.0 7
1747197894131 9.0 7
1747197894151 9.0 7
1747197894170 9.0 7
1747197894188 9.0 7
1747197894206 9.0 7
1747197894222 9.0 7
1747197894240 9.0 7
1747197894257 9.0 7
1747197894275 9.0 7
1747197894291 9.0 7
1747197894308 9.0 7
1747197894324 9.0 7
1747197894340 9.0 7
1747197894355 9.0 7
1747197894372 9.0 7
1747197894389 9.0 7
1747197894406 9.0 7
1747197894422 9.0 7
1747197894439 9.0 7
1747197894455 9.0 7
1747197894472 9.0 7
1747197894490 9.0 7
1747197894506 9.0 7
1747197894523 9.0 7
1747197894539 9.0 7
1747197894555 9.0 7
1747197894571 9.0 7
1747197894589 9.0 7
1747197894605 9.0 7
1747197894622 9.0 7
1747197894639 9.0 7
1747197894655 9.0 7
1747197894671 9.0 7
1747197894688 9.0 7
1747197894705 9.0 7
1747197894720 9.0 7
1747197894737 9.0 7
1747197894754 9.0 7
1747197894771 9.0 7
1747197894787 9.0 7
1747197894805 9.0 7
1747197894821 9.0 7
1747197894839 9.0 7
1747197894858 9.0 7
1747197894875 9.0 7
1747197894892 9.0 7
1747197894909 9.0 7
1747197894925 9.0 7
1747197894941 9.0 7
1747197894958 9.0 7
1747197894975 9.0 7
1747197894992 9.0 7
1747197895008 9.0 7
1747197895024 9.0 7
1747197895040 9.0 7
1747197895057 9.0 7
1747197895073 9.0 7
1747197895091 9.0 7
1747197895107 9.0 7
1747197895124 9.0 7
1747197895140 9.0 7
1747197895161 9.0 7
1747197895179 9.0 7
1747197895204 8.0 7
1747197895222 8.0 7
1747197895239 8.0 7
1747197895255 8.0 7
1747197895276 8.0 7
1747197895293 8.0 7
1747197895309 8.0 7
1747197895326 7.0 7
1747197895342 7.0 7
1747197895358 7.0 7
1747197895374 7.0 7
1747197895390 7.0 7
1747197895406 7.0 7
1747197895424 7.0 7
1747197895440 7.0 7
1747197895459 7.0 7
1747197895480 7.0 7
1747197895506 7.0 7
1747197895523 7.0 7
1747197895541 7.0 7
1747197895557 7.0 7
1747197895574 7.0 7
1747197895590 7.0 7
1747197895607 7.0 7
1747197895623 7.0 7
1747197895641 7.0 7
1747197895657 7.0 7
1747197895674 7.0 7
1747197895689 7.0 7
1747197895706 7.0 7
1747197895723 7.0 7
1747197895740 7.0 7
1747197895763 7.0 7
1747197895778 7.0 7
1747197895795 7.0 7
1747197895812 7.0 7
1747197895828 7.0 7
1747197895844 7.0 7
1747197895859 7.0 7
1747197895877 7.0 7
1747197895894 7.0 7
1747197895910 7.0 7
1747197895926 7.0 7
1747197895944 7.0 7
1747197895961 7.0 7
1747197895978 7.0 7
1747197895995 7.0 7
1747197896012 7.0 7
1747197896027 7.0 7
1747197896044 7.0 7
1747197896060 7.0 7
1747197896077 7.0 7
1747197896094 7.0 7
1747197896111 7.0 7
1747197896127 7.0 7
1747197896142 7.0 7
1747197896159 7.0 7
1747197896176 7.0 7
1747197896193 7.0 7
1747197896209 7.0 7
1747197896225 7.0 7
1747197896242 6.0 7
1747197896258 6.0 7
1747197896275 6.0 7
1747197896290 6.0 7
1747197896307 5.0 7
1747197896324 5.0 7
1747197896341 5.0 7
1747197896358 5.0 7
1747197896374 5.0 7
1747197896390 5.0 7
1747197896408 5.0 7
1747197896425 5.0 7
1747197896441 5.0 7
1747197896457 5.0 7
1747197896473 5.0 7
1747197896490 5.0 7
1747197896507 5.0 7
1747197896524 5.0 7
1747197896541 4.0 7
1747197896559 4.0 7
1747197896575 4.0 7
1747197896591 4.0 7
1747197896607 4.0 7
1747197896624 4.0 7
1747197896642 3.0 7
1747197896658 2.0 7
1747197896675 2.0 7
1747197896692 2.0 7
1747197896709 2.0 7
1747197896726 2.0 7
1747197896743 2.0 7
1747197896761 2.0 7
1747197896777 2.0 7
1747197896794 2.0 7
1747197896812 2.0 7
1747197896828 2.0 7
1747197896845 2.0 7
1747197896862 2.0 7
1747197896879 2.0 7
1747197896895 2.0 7
1747197896911 2.0 7
1747197896928 2.0 7
1747197896945 2.0 7
1747197896961 2.0 7
1747197896977 2.0 7
1747197896995 2.0 7
1747197897012 2.0 7
1747197897029 2.0 7
1747197897045 2.0 7
1747197897062 2.0 7
1747197897078 2.0 7
1747197897095 2.0 7
1747197897111 2.0 7
1747197897126 2.0 7
1747197897143 2.0 7
1747197897160 2.0 7
1747197897176 2.0 7
1747197897192 2.0 7
1747197897210 2.0 7
1747197897226 2.0 7
1747197897243 2.0 7
1747197897259 2.0 7
1747197897277 2.0 7
1747197897294 2.0 7
1747197897310 2.0 7
1747197897326 2.0 7
1747197897344 2.0 7
1747197897361 2.0 7
1747197897377 2.0 7
1747197897393 2.0 7
1747197897409 2.0 7
1747197897425 2.0 7
1747197897442 2.0 7
1747197897459 2.0 7
1747197897476 2.0 7
1747197897492 2.0 7
1747197897510 2.0 7
1747197897526 2.0 7
1747197897542 2.0 7
1747197897559 2.0 7
1747197897576 2.0 7
1747197897592 2.0 7
1747197897609 2.0 7
1747197897627 2.0 7
1747197897642 2.0 7
1747197897660 2.0 7
1747197897676 2.0 7
1747197897691 2.0 7
1747197897709 2.0 7
1747197897725 2.0 7
1747197897743 2.0 7
1747197897760 2.0 7
1747197897776 2.0 7
1747197897794 2.0 7
1747197897811 2.0 7
1747197897827 2.0 7
1747197897843 2.0 7
1747197897860 2.0 7
1747197897878 2.0 7
1747197897895 2.0 7
1747197897911 2.0 7
1747197897928 2.0 7
1747197897945 2.0 7
1747197897961 2.0 7
1747197897978 2.0 7
1747197898004 2.0 7
1747197898021 2.0 7
1747197898037 2.0 7
1747197898054 2.0 7
1747197898071 2.0 7
1747197898087 2.0 7
1747197898103 2.0 7
1747197898119 2.0 7
1747197898137 2.0 7
1747197898153 2.0 7
1747197898169 2.0 7
1747197898185 2.0 7
1747197898203 2.0 7
1747197898219 2.0 7
1747197898235 2.0 7
1747197898253 2.0 7
1747197898269 2.0 7
1747197898284 2.0 7
1747197898301 2.0 7
1747197898319 2.0 7
1747197898335 2.0 7
1747197898352 2.0 7
1747197898368 2.0 7
1747197898391 2.0 7
1747197898407 2.0 7
1747197898423 2.0 7
1747197898439 2.0 7
1747197898455 2.0 7
1747197898473 2.0 7
1747197898489 2.0 7
1747197898506 2.0 7
1747197898522 2.0 7
1747197898539 2.0 7
1747197898555 2.0 7
1747197898570 2.0 7
1747197898587 2.0 7
1747197898604 2.0 7
1747197898621 2.0 7
1747197898638 2.0 7
1747197898654 2.0 7
1747197898670 2.0 7
1747197898686 2.0 7
1747197898702 2.0 7
1747197898719 2.0 7
1747197898734 2.0 7
1747197898753 2.0 7
1747197898771 2.0 7
1747197898788 2.0 7
1747197898804 2.0 7
1747197898822 2.0 7
1747197898838 2.0 7
1747197898855 2.0 7
1747197898871 2.0 7
1747197898887 2.0 7
1747197898902 2.0 7
1747197898920 2.0 7
1747197898957 2.0 7
1747197898974 2.0 7
1747197898991 2.0 7
1747197899006 2.0 7
1747197899023 2.0 7
1747197899045 2.0 7
1747197899063 2.0 7
1747197899080 1.0 7
1747197899096 1.0 7
1747197899112 1.0 7
1747197899128 1.0 7
1747197899144 1.0 7
1747197899160 1.0 7
1747197899177 1.0 7
1747197899195 1.0 7
1747197899210 1.0 7
1747197899226 1.0 7
1747197899241 1.0 7
1747197899258 1.0 7
1747197899274 1.0 7
1747197899289 1.0 7
1747197899306 1.0 7
1747197899328 1.0 7
1747197899349 1.0 7
1747197899366 1.0 7
1747197899382 1.0 7
1747197899399 1.0 7
1747197899415 1.0 7
1747197899432 1.0 7
1747197899449 1.0 7
1747197899466 1.0 7
1747197899482 1.0 7
1747197899500 1.0 7
1747197899519 1.0 7
1747197899536 1.0 7
1747197899552 1.0 7
1747197899568 1.0 7
1747197899584 1.0 7
1747197899602 1.0 7
1747197899618 1.0 7
1747197899635 1.0 7
1747197899652 1.0 7
1747197899669 1.0 7
1747197899685 1.0 7
1747197899702 1.0 7
1747197899719 1.0 7
1747197899735 1.0 7
1747197899752 1.0 7
1747197899769 1.0 7
1747197899785 1.0 7
1747197899801 1.0 7
1747197899818 1.0 7
1747197899836 1.0 7
1747197899852 1.0 7
1747197899868 1.0 7
1747197899885 1.0 7
1747197899903 1.0 7
1747197899918 1.0 7
1747197899935 1.0 7
1747197899952 1.0 7
1747197899968 1.0 7
1747197899984 1.0 7
1747197900000 1.0 7
1747197900016 1.0 7
1747197900033 1.0 7
1747197900050 1.0 7
1747197900066 1.0 7
1747197900083 1.0 7
1747197900099 1.0 7
1747197900116 1.0 7
1747197900132 1.0 7
1747197900149 1.0 7
1747197900166 1.0 7
1747197900184 1.0 7
1747197900200 1.0 7
1747197900216 1.0 7
1747197900232 1.0 7
1747197900249 1.0 7
1747197900265 1.0 7
1747197900281 1.0 7
1747197900299 1.0 7
1747197900314 1.0 7
1747197900330 1.0 7
1747197900346 1.0 7
1747197900362 1.0 7
1747197900379 1.0 7
1747197900395 1.0 7
1747197900412 1.0 7
1747197900429 1.0 7
1747197900445 1.0 7
1747197900462 1.0 7
1747197900479 1.0 7
1747197900495 1.0 7
1747197900511 1.0 7
1747197900529 1.0 7
1747197900545 1.0 7
1747197900561 1.0 7
1747197900577 1.0 7
1747197900595 1.0 7
1747197900611 1.0 7
1747197900627 1.0 7
1747197900644 1.0 7
1747197900660 1.0 7
1747197900676 1.0 7
1747197900691 1.0 7
1747197900708 1.0 7
1747197900726 1.0 7
1747197900742 1.0 7
1747197900759 1.0 7
1747197900775 1.0 7
1747197900791 1.0 7
1747197900808 1.0 7
1747197900825 1.0 7
1747197900842 1.0 7
1747197900858 1.0 7
1747197900873 1.0 7
1747197900890 1.0 7
1747197900907 1.0 7
1747197900922 1.0 7
1747197900939 1.0 7
1747197900956 1.0 7
1747197900972 1.0 7
1747197900988 1.0 7
1747197901004 1.0 7
1747197901020 1.0 7
1747197901036 1.0 7
1747197901054 1.0 7
1747197901070 1.0 7
1747197901086 1.0 7
1747197901102 1.0 7
1747197901119 1.0 7
1747197901137 1.0 7
1747197901154 1.0 7
1747197901170 1.0 7
1747197901186 1.0 7
1747197901203 1.0 7
1747197901218 1.0 7
1747197901236 1.0 7
1747197901252 1.0 7
1747197901269 1.0 7
1747197901287 1.0 7
1747197901304 1.0 7
1747197901320 1.0 7
1747197901337 1.0 7
1747197901354 1.0 7
1747197901370 1.0 7
1747197901388 1.0 7
1747197901404 1.0 7
1747197901419 1.0 7
1747197901437 1.0 7
1747197901454 1.0 7
1747197901471 1.0 7
1747197901487 1.0 7
1747197901504 1.0 7
1747197901521 1.0 7
1747197901537 1.0 7
1747197901554 1.0 7
1747197901571 1.0 7
1747197901587 1.0 7
1747197901604 1.0 7
1747197901621 1.0 7
1747197901637 1.0 7
1747197901654 1.0 7
1747197901671 1.0 7
1747197901688 1.0 7
1747197901704 1.0 7
1747197901721 1.0 7
1747197901737 1.0 7
1747197901754 1.0 7
1747197901787 1.0 7
1747197901803 1.0 7
1747197901819 1.0 7
1747197901835 1.0 7
1747197901852 1.0 7
1747197901869 1.0 7
1747197901885 1.0 7
1747197901902 1.0 7
1747197901918 1.0 7
1747197901934 1.0 7
1747197901950 1.0 7
1747197901968 1.0 7
1747197901984 1.0 7
1747197902000 1.0 7
1747197902016 1.0 7
1747197902032 1.0 7
1747197902051 1.0 7
1747197902077 1.0 7
1747197902092 1.0 7
1747197902109 1.0 7
1747197902125 1.0 7
1747197902143 1.0 7
1747197902160 1.0 7
1747197902177 1.0 7
1747197902194 1.0 7
1747197902210 1.0 7
1747197902227 1.0 7
1747197902243 1.0 7
1747197902260 1.0 7
1747197902277 1.0 7
1747197902294 1.0 7
1747197902310 1.0 7
1747197902327 1.0 7
1747197902344 1.0 7
1747197902360 1.0 7
1747197902376 1.0 7
1747197902392 1.0 7
1747197902410 1.0 7
1747197902426 1.0 7
1747197902443 1.0 7
1747197902459 1.0 7
1747197902476 1.0 7
1747197902686 30.0 8
1747197902709 30.0 8
1747197902732 30.0 8
1747197902754 30.0 8
1747197902777 30.0 8
1747197902799 25.0 8
1747197902819 22.0 8
1747197902844 22.0 8
1747197902867 22.0 8
1747197902891 22.0 8
1747197902922 22.0 8
1747197902944 22.0 8
1747197902966 22.0 8
1747197902987 22.0 8
1747197903008 22.0 8
1747197903031 21.0 8
1747197903058 21.0 8
1747197903084 21.0 8
1747197903107 20.0 8
1747197903128 20.0 8
1747197903150 20.0 8
1747197903175 20.0 8
1747197903205 19.0 8
1747197903230 19.0 8
1747197903251 19.0 8
1747197903272 19.0 8
1747197903292 19.0 8
1747197903312 19.0 8
1747197903335 19.0 8
1747197903354 18.0 8
1747197903373 16.0 8
1747197903391 16.0 8
1747197903413 16.0 8
1747197903430 16.0 8
1747197903455 16.0 8
1747197903475 16.0 8
1747197903494 16.0 8
1747197903516 16.0 8
1747197903535 16.0 8
1747197903555 16.0 8
1747197903575 16.0 8
1747197903593 16.0 8
1747197903613 16.0 8
1747197903632 16.0 8
1747197903653 16.0 8
1747197903674 16.0 8
1747197903694 16.0 8
1747197903714 16.0 8
1747197903734 15.0 8
1747197903752 15.0 8
1747197903770 15.0 8
1747197903789 14.0 8
1747197903808 14.0 8
1747197903826 13.0 8
1747197903844 13.0 8
1747197903861 13.0 8
1747197903878 13.0 8
1747197903895 13.0 8
1747197903912 13.0 8
1747197903929 13.0 8
1747197903946 13.0 8
1747197903964 13.0 8
1747197903989 13.0 8
1747197904060 13.0 8
1747197904091 12.0 8
1747197904112 12.0 8
1747197904131 11.0 8
1747197904150 11.0 8
1747197904168 10.0 8
1747197904185 10.0 8
1747197904203 10.0 8
1747197904220 10.0 8
1747197904237 10.0 8
1747197904253 10.0 8
1747197904270 10.0 8
1747197904287 10.0 8
1747197904304 10.0 8
1747197904320 10.0 8
1747197904337 10.0 8
1747197904354 10.0 8
1747197904371 10.0 8
1747197904387 10.0 8
1747197904403 10.0 8
1747197904419 10.0 8
1747197904436 10.0 8
1747197904452 10.0 8
1747197904470 10.0 8
1747197904486 10.0 8
1747197904501 10.0 8
1747197904518 10.0 8
1747197904535 10.0 8
1747197904551 10.0 8
1747197904568 10.0 8
1747197904586 10.0 8
1747197904602 10.0 8
1747197904618 10.0 8
1747197904635 10.0 8
1747197904652 10.0 8
1747197904670 10.0 8
1747197904689 10.0 8
1747197904706 10.0 8
1747197904725 10.0 8
1747197904742 10.0 8
1747197904759 10.0 8
1747197904776 10.0 8
1747197904804 10.0 8
1747197904820 10.0 8
1747197904836 10.0 8
1747197904854 10.0 8
1747197904870 10.0 8
1747197904887 10.0 8
1747197904904 10.0 8
1747197904920 10.0 8
1747197904936 10.0 8
1747197904952 10.0 8
1747197904969 10.0 8
1747197904984 10.0 8
1747197905001 10.0 8
1747197905016 10.0 8
1747197905033 10.0 8
1747197905050 10.0 8
1747197905067 10.0 8
1747197905082 10.0 8
1747197905098 10.0 8
1747197905115 10.0 8
1747197905130 9.0 8
1747197905146 9.0 8
1747197905164 9.0 8
1747197905180 9.0 8
1747197905197 9.0 8
1747197905214 9.0 8
1747197905231 9.0 8
1747197905248 9.0 8
1747197905266 9.0 8
1747197905282 9.0 8
1747197905299 9.0 8
1747197905316 9.0 8
1747197905333 9.0 8
1747197905349 9.0 8
1747197905365 9.0 8
1747197905381 9.0 8
1747197905398 9.0 8
1747197905415 9.0 8
1747197905432 9.0 8
1747197905447 9.0 8
1747197905465 9.0 8
1747197905481 9.0 8
1747197905498 9.0 8
1747197905515 9.0 8
1747197905532 9.0 8
1747197905547 9.0 8
1747197905564 9.0 8
1747197905581 9.0 8
1747197905596 9.0 8
1747197905613 9.0 8
1747197905629 9.0 8
1747197905646 9.0 8
1747197905662 9.0 8
1747197905679 9.0 8
1747197905695 9.0 8
1747197905712 9.0 8
1747197905729 9.0 8
1747197905744 9.0 8
1747197905761 9.0 8
1747197905777 9.0 8
1747197905794 9.0 8
1747197905810 9.0 8
1747197905826 8.0 8
1747197905843 8.0 8
1747197905859 8.0 8
1747197905876 8.0 8
1747197905893 8.0 8
1747197905909 8.0 8
1747197905926 8.0 8
1747197905942 8.0 8
1747197905960 8.0 8
1747197905976 8.0 8
1747197905993 8.0 8
1747197906009 8.0 8
1747197906025 8.0 8
1747197906042 8.0 8
1747197906058 8.0 8
1747197906076 8.0 8
1747197906092 8.0 8
1747197906108 8.0 8
1747197906126 8.0 8
1747197906141 8.0 8
1747197906168 8.0 8
1747197906184 8.0 8
1747197906201 8.0 8
1747197906217 8.0 8
1747197906234 8.0 8
1747197906250 8.0 8
1747197906267 8.0 8
1747197906284 8.0 8
1747197906301 8.0 8
1747197906317 8.0 8
1747197906333 8.0 8
1747197906350 8.0 8
1747197906368 8.0 8
1747197906384 8.0 8
1747197906401 8.0 8
1747197906418 8.0 8
1747197906434 8.0 8
1747197906451 8.0 8
1747197906467 8.0 8
1747197906485 8.0 8
1747197906501 8.0 8
1747197906517 8.0 8
1747197906532 8.0 8
1747197906549 8.0 8
1747197906566 8.0 8
1747197906583 8.0 8
1747197906599 8.0 8
1747197906615 8.0 8
1747197906630 8.0 8
1747197906647 8.0 8
1747197906664 7.0 8
1747197906681 7.0 8
1747197906696 7.0 8
1747197906714 6.0 8
1747197906730 6.0 8
1747197906746 6.0 8
1747197906762 6.0 8
1747197906780 6.0 8
1747197906796 6.0 8
1747197906812 6.0 8
1747197906828 6.0 8
1747197906846 6.0 8
1747197906862 6.0 8
1747197906879 6.0 8
1747197906896 6.0 8
1747197906912 6.0 8
1747197906929 6.0 8
1747197906946 6.0 8
1747197906963 6.0 8
1747197906979 6.0 8
1747197906995 6.0 8
1747197907011 6.0 8
1747197907026 6.0 8
1747197907044 6.0 8
1747197907060 6.0 8
1747197907076 6.0 8
1747197907092 6.0 8
1747197907108 6.0 8
1747197907125 6.0 8
1747197907142 6.0 8
1747197907159 6.0 8
1747197907175 6.0 8
1747197907191 6.0 8
1747197907208 6.0 8
1747197907225 6.0 8
1747197907240 6.0 8
1747197907258 6.0 8
1747197907274 6.0 8
1747197907291 6.0 8
1747197907307 6.0 8
1747197907324 6.0 8
1747197907340 6.0 8
1747197907356 6.0 8
1747197907374 6.0 8
1747197907390 6.0 8
1747197907406 6.0 8
1747197907423 6.0 8
1747197907439 6.0 8
1747197907455 6.0 8
1747197907471 6.0 8
1747197907487 6.0 8
1747197907504 6.0 8
1747197907522 6.0 8
1747197907538 6.0 8
1747197907555 6.0 8
1747197907572 6.0 8
1747197907589 6.0 8
1747197907607 6.0 8
1747197907622 6.0 8
1747197907639 6.0 8
1747197907656 6.0 8
1747197907671 6.0 8
1747197907689 6.0 8
1747197907705 6.0 8
1747197907721 6.0 8
1747197907738 6.0 8
1747197907754 6.0 8
1747197907770 6.0 8
1747197907787 6.0 8
1747197907804 6.0 8
1747197907822 6.0 8
1747197907838 6.0 8
1747197907855 6.0 8
1747197907871 6.0 8
1747197907887 6.0 8
1747197907904 6.0 8
1747197907921 6.0 8
1747197907937 6.0 8
1747197907954 6.0 8
1747197907971 6.0 8
1747197907987 6.0 8
1747197908004 6.0 8
1747197908020 6.0 8
1747197908037 6.0 8
1747197908054 6.0 8
1747197908070 6.0 8
1747197908087 6.0 8
1747197908104 6.0 8
1747197908120 6.0 8
1747197908136 6.0 8
1747197908154 6.0 8
1747197908170 6.0 8
1747197908186 6.0 8
1747197908202 6.0 8
1747197908219 6.0 8
1747197908237 6.0 8
1747197908253 6.0 8
1747197908269 6.0 8
1747197908285 6.0 8
1747197908301 6.0 8
1747197908318 6.0 8
1747197908335 6.0 8
1747197908353 6.0 8
1747197908369 6.0 8
1747197908386 6.0 8
1747197908402 6.0 8
1747197908418 6.0 8
1747197908434 6.0 8
1747197908452 6.0 8
1747197908470 6.0 8
1747197908486 6.0 8
1747197908504 6.0 8
1747197908521 6.0 8
1747197908537 6.0 8
1747197908554 6.0 8
1747197908570 6.0 8
1747197908587 6.0 8
1747197908604 6.0 8
1747197908622 6.0 8
1747197908638 6.0 8
1747197908655 6.0 8
1747197908671 6.0 8
1747197908688 6.0 8
1747197908705 6.0 8
1747197908722 6.0 8
1747197908738 6.0 8
1747197908754 6.0 8
1747197908772 6.0 8
1747197908789 6.0 8
1747197908806 6.0 8
1747197908823 6.0 8
1747197908839 6.0 8
1747197908856 6.0 8
1747197908872 6.0 8
1747197908896 6.0 8
1747197908913 6.0 8
1747197908930 6.0 8
1747197908946 6.0 8
1747197908962 6.0 8
1747197908979 6.0 8
1747197908995 6.0 8
1747197909011 6.0 8
1747197909027 6.0 8
1747197909044 6.0 8
1747197909061 6.0 8
1747197909077 5.0 8
1747197909093 4.0 8
1747197909109 4.0 8
1747197909126 4.0 8
1747197909142 4.0 8
1747197909160 4.0 8
1747197909176 4.0 8
1747197909192 4.0 8
1747197909210 4.0 8
1747197909226 4.0 8
1747197909243 4.0 8
1747197909259 4.0 8
1747197909276 4.0 8
1747197909293 4.0 8
1747197909309 4.0 8
1747197909325 3.0 8
1747197909342 3.0 8
1747197909358 3.0 8
1747197909374 3.0 8
1747197909390 3.0 8
1747197909407 3.0 8
1747197909424 3.0 8
1747197909441 3.0 8
1747197909457 3.0 8
1747197909474 3.0 8
1747197909490 3.0 8
1747197909507 3.0 8
1747197909523 3.0 8
1747197909541 3.0 8
1747197909558 3.0 8
1747197909574 3.0 8
1747197909590 3.0 8
1747197909605 3.0 8
1747197909622 3.0 8
1747197909640 3.0 8
1747197909657 3.0 8
1747197909673 3.0 8
1747197909689 3.0 8
1747197909705 3.0 8
1747197909722 3.0 8
1747197909739 3.0 8
1747197909755 3.0 8
1747197909773 3.0 8
1747197909789 3.0 8
1747197909805 3.0 8
1747197909822 3.0 8
1747197909838 3.0 8
1747197909855 3.0 8
1747197909870 3.0 8
1747197909887 3.0 8
1747197909904 3.0 8
1747197909920 3.0 8
1747197909936 3.0 8
1747197909953 3.0 8
1747197909969 3.0 8
1747197909987 3.0 8
1747197910003 3.0 8
1747197910019 3.0 8
1747197910035 3.0 8
1747197910051 3.0 8
1747197910068 3.0 8
1747197910085 3.0 8
1747197910101 3.0 8
1747197910118 2.0 8
1747197910134 2.0 8
1747197910150 2.0 8
1747197910166 2.0 8
1747197910182 2.0 8
1747197910198 2.0 8
1747197910214 2.0 8
1747197910231 2.0 8
1747197910254 2.0 8
1747197910271 2.0 8
1747197910288 2.0 8
1747197910304 2.0 8
1747197910321 2.0 8
1747197910337 2.0 8
1747197910354 2.0 8
1747197910370 2.0 8
1747197910386 2.0 8
1747197910402 2.0 8
1747197910420 2.0 8
1747197910436 2.0 8
1747197910452 2.0 8
1747197910468 2.0 8
1747197910486 2.0 8
1747197910502 2.0 8
1747197910519 2.0 8
1747197910536 2.0 8
1747197910553 2.0 8
1747197910569 2.0 8
1747197910585 2.0 8
1747197910601 2.0 8
1747197910618 2.0 8
1747197910635 2.0 8
1747197910652 2.0 8
1747197910669 2.0 8
1747197910686 2.0 8
1747197910702 2.0 8
1747197910719 2.0 8
1747197910735 2.0 8
1747197910751 2.0 8
1747197910767 2.0 8
1747197910783 2.0 8
1747197910799 2.0 8
1747197910815 2.0 8
1747197910835 2.0 8
1747197910857 2.0 8
1747197910874 2.0 8
1747197910890 2.0 8
1747197910907 2.0 8
1747197910924 2.0 8
1747197910940 2.0 8
1747197910956 2.0 8
1747197910973 2.0 8
1747197910990 2.0 8
1747197911007 2.0 8
1747197911023 2.0 8
1747197911040 2.0 8
1747197911055 2.0 8
1747197911072 2.0 8
1747197911088 2.0 8
1747197911104 2.0 8
1747197911121 2.0 8
1747197911137 2.0 8
1747197911154 2.0 8
1747197911169 2.0 8
1747197911185 2.0 8
1747197911202 2.0 8
1747197911219 2.0 8
1747197911235 2.0 8
1747197911251 2.0 8
1747197911267 2.0 8
1747197911284 2.0 8
1747197911301 2.0 8
1747197911318 2.0 8
1747197911334 2.0 8
1747197911350 2.0 8
1747197911367 2.0 8
1747197911383 2.0 8
1747197911399 2.0 8
1747197911416 2.0 8
1747197911432 2.0 8
1747197911448 2.0 8
1747197911464 2.0 8
1747197911480 2.0 8
1747197911497 2.0 8
1747197911513 2.0 8
1747197911530 2.0 8
1747197911546 2.0 8
1747197911562 2.0 8
1747197911579 2.0 8
1747197911596 2.0 8
1747197911614 2.0 8
1747197911631 2.0 8
1747197911647 2.0 8
1747197911664 2.0 8
1747197911680 2.0 8
1747197911697 2.0 8
1747197911713 2.0 8
1747197911730 2.0 8
1747197911746 2.0 8
1747197911763 2.0 8
1747197911779 2.0 8
1747197911795 2.0 8
1747197911813 2.0 8
1747197911829 2.0 8
1747197911845 2.0 8
1747197911862 2.0 8
1747197911878 2.0 8
1747197911895 2.0 8
1747197911911 2.0 8
1747197911928 2.0 8
1747197911945 2.0 8
1747197911961 2.0 8
1747197911977 2.0 8
1747197911993 2.0 8
1747197912010 2.0 8
1747197912026 2.0 8
1747197912042 2.0 8
1747197912059 2.0 8
1747197912075 2.0 8
1747197912093 2.0 8
1747197912109 2.0 8
1747197912127 2.0 8
1747197912143 2.0 8
1747197912160 2.0 8
1747197912176 2.0 8
1747197912192 2.0 8
1747197912209 2.0 8
1747197912226 2.0 8
1747197912242 2.0 8
1747197912260 2.0 8
1747197912276 2.0 8
1747197912294 2.0 8
1747197912310 2.0 8
1747197912327 2.0 8
1747197912343 2.0 8
1747197912360 2.0 8
1747197912376 2.0 8
1747197912393 2.0 8
1747197912410 2.0 8
1747197912426 2.0 8
1747197912442 2.0 8
1747197912459 2.0 8
1747197912712 30.0 9
1747197912736 30.0 9
1747197912764 30.0 9
1747197912787 30.0 9
1747197912812 29.0 9
1747197912835 29.0 9
1747197912859 27.0 9
1747197912884 27.0 9
1747197912908 26.0 9
1747197912929 25.0 9
1747197912952 25.0 9
1747197912975 25.0 9
1747197913003 25.0 9
1747197913029 25.0 9
1747197913056 25.0 9
1747197913081 25.0 9
1747197913106 24.0 9
1747197913135 24.0 9
1747197913162 24.0 9
1747197913185 24.0 9
1747197913209 23.0 9
1747197913232 21.0 9
1747197913254 21.0 9
1747197913280 21.0 9
1747197913302 21.0 9
1747197913323 20.0 9
1747197913346 20.0 9
1747197913367 19.0 9
1747197913388 19.0 9
1747197913409 19.0 9
1747197913429 18.0 9
1747197913452 18.0 9
1747197913472 18.0 9
1747197913496 18.0 9
1747197913518 18.0 9
1747197913537 17.0 9
1747197913558 17.0 9
1747197913579 16.0 9
1747197913601 16.0 9
1747197913621 16.0 9
1747197913642 16.0 9
1747197913662 16.0 9
1747197913682 16.0 9
1747197913704 16.0 9
1747197913727 16.0 9
1747197913747 16.0 9
1747197913769 16.0 9
1747197913791 16.0 9
1747197913812 16.0 9
1747197913835 16.0 9
1747197913857 16.0 9
1747197913875 15.0 9
1747197913894 15.0 9
1747197913914 14.0 9
1747197913934 14.0 9
1747197913953 14.0 9
1747197913974 14.0 9
1747197914001 14.0 9
1747197914021 14.0 9
1747197914040 14.0 9
1747197914059 14.0 9
1747197914077 13.0 9
1747197914094 13.0 9
1747197914112 13.0 9
1747197914131 13.0 9
1747197914150 13.0 9
1747197914167 13.0 9
1747197914184 13.0 9
1747197914202 13.0 9
1747197914219 13.0 9
1747197914237 13.0 9
1747197914256 13.0 9
1747197914273 13.0 9
1747197914291 13.0 9
1747197914311 13.0 9
1747197914331 13.0 9
1747197914358 13.0 9
1747197914377 13.0 9
1747197914395 13.0 9
1747197914416 13.0 9
1747197914435 13.0 9
1747197914454 13.0 9
1747197914472 13.0 9
1747197914492 13.0 9
1747197914511 13.0 9
1747197914529 13.0 9
1747197914547 13.0 9
1747197914565 13.0 9
1747197914584 13.0 9
1747197914601 13.0 9
1747197914620 13.0 9
1747197914638 13.0 9
1747197914657 13.0 9
1747197914677 13.0 9
1747197914697 13.0 9
1747197914715 13.0 9
1747197914731 13.0 9
1747197914748 13.0 9
1747197914767 13.0 9
1747197914784 13.0 9
1747197914801 13.0 9
1747197914819 13.0 9
1747197914837 13.0 9
1747197914855 13.0 9
1747197914873 13.0 9
1747197914892 13.0 9
1747197914910 13.0 9
1747197914929 13.0 9
1747197914948 13.0 9
1747197914967 13.0 9
1747197914985 13.0 9
1747197915004 13.0 9
1747197915023 13.0 9
1747197915040 13.0 9
1747197915057 13.0 9
1747197915076 13.0 9
1747197915094 13.0 9
1747197915111 13.0 9
1747197915129 13.0 9
1747197915148 13.0 9
1747197915166 13.0 9
1747197915184 13.0 9
1747197915201 13.0 9
1747197915218 13.0 9
1747197915236 13.0 9
1747197915254 13.0 9
1747197915272 13.0 9
1747197915289 13.0 9
1747197915307 13.0 9
1747197915325 13.0 9
1747197915345 13.0 9
1747197915362 13.0 9
1747197915380 13.0 9
1747197915398 13.0 9
1747197915416 13.0 9
1747197915434 13.0 9
1747197915452 13.0 9
1747197915469 13.0 9
1747197915488 13.0 9
1747197915504 13.0 9
1747197915521 13.0 9
1747197915538 13.0 9
1747197915555 13.0 9
1747197915572 13.0 9
1747197915588 13.0 9
1747197915606 13.0 9
1747197915623 13.0 9
1747197915640 13.0 9
1747197915657 13.0 9
1747197915676 13.0 9
1747197915694 13.0 9
1747197915722 13.0 9
1747197915740 13.0 9
1747197915759 13.0 9
1747197915777 13.0 9
1747197915799 13.0 9
1747197915820 13.0 9
1747197915839 13.0 9
1747197915858 13.0 9
1747197915877 12.0 9
1747197915896 12.0 9
1747197915915 12.0 9
1747197915932 12.0 9
1747197915950 12.0 9
1747197915968 12.0 9
1747197915986 12.0 9
1747197916004 11.0 9
1747197916021 11.0 9
1747197916039 11.0 9
1747197916057 11.0 9
1747197916074 11.0 9
1747197916093 11.0 9
1747197916111 11.0 9
1747197916129 11.0 9
1747197916147 11.0 9
1747197916173 11.0 9
1747197916191 11.0 9
1747197916209 11.0 9
1747197916228 11.0 9
1747197916245 11.0 9
1747197916264 11.0 9
1747197916281 11.0 9
1747197916297 11.0 9
1747197916314 11.0 9
1747197916332 11.0 9
1747197916350 11.0 9
1747197916367 11.0 9
1747197916382 11.0 9
1747197916400 11.0 9
1747197916417 11.0 9
1747197916435 11.0 9
1747197916451 11.0 9
1747197916467 11.0 9
1747197916482 11.0 9
1747197916499 11.0 9
1747197916516 11.0 9
1747197916534 11.0 9
1747197916551 11.0 9
1747197916567 11.0 9
1747197916583 11.0 9
1747197916600 11.0 9
1747197916617 11.0 9
1747197916635 11.0 9
1747197916652 11.0 9
1747197916669 11.0 9
1747197916685 11.0 9
1747197916702 11.0 9
1747197916718 11.0 9
1747197916734 11.0 9
1747197916750 11.0 9
1747197916766 11.0 9
1747197916782 10.0 9
1747197916799 10.0 9
1747197916815 10.0 9
1747197916833 10.0 9
1747197916852 10.0 9
1747197916871 10.0 9
1747197916888 10.0 9
1747197916904 10.0 9
1747197916921 10.0 9
1747197916937 10.0 9
1747197916954 10.0 9
1747197916970 10.0 9
1747197916987 10.0 9
1747197917005 10.0 9
1747197917022 10.0 9
1747197917038 10.0 9
1747197917055 9.0 9
1747197917071 9.0 9
1747197917088 9.0 9
1747197917104 8.0 9
1747197917120 8.0 9
1747197917137 8.0 9
1747197917154 8.0 9
1747197917170 8.0 9
1747197917187 8.0 9
1747197917202 8.0 9
1747197917218 8.0 9
1747197917233 8.0 9
1747197917249 8.0 9
1747197917265 8.0 9
1747197917283 8.0 9
1747197917299 8.0 9
1747197917315 8.0 9
1747197917333 8.0 9
1747197917349 8.0 9
1747197917366 8.0 9
1747197917382 8.0 9
1747197917399 8.0 9
1747197917415 8.0 9
1747197917431 7.0 9
1747197917447 7.0 9
1747197917464 7.0 9
1747197917480 7.0 9
1747197917497 7.0 9
1747197917514 7.0 9
1747197917530 7.0 9
1747197917546 7.0 9
1747197917563 7.0 9
1747197917579 7.0 9
1747197917596 7.0 9
1747197917613 7.0 9
1747197917629 7.0 9
1747197917645 7.0 9
1747197917661 7.0 9
1747197917677 7.0 9
1747197917695 7.0 9
1747197917713 7.0 9
1747197917730 7.0 9
1747197917746 7.0 9
1747197917762 7.0 9
1747197917779 7.0 9
1747197917796 7.0 9
1747197917812 7.0 9
1747197917829 7.0 9
1747197917846 7.0 9
1747197917862 7.0 9
1747197917880 7.0 9
1747197917897 7.0 9
1747197917914 7.0 9
1747197917930 7.0 9
1747197917947 7.0 9
1747197917973 7.0 9
1747197918012 7.0 9
1747197918047 7.0 9
1747197918073 7.0 9
1747197918094 7.0 9
1747197918119 7.0 9
1747197918140 7.0 9
1747197918161 7.0 9
1747197918202 7.0 9
1747197918222 7.0 9
1747197918257 7.0 9
1747197918277 7.0 9
1747197918292 7.0 9
1747197918312 7.0 9
1747197918347 7.0 9
1747197918368 7.0 9
1747197918384 7.0 9
1747197918401 7.0 9
1747197918416 7.0 9
1747197918433 7.0 9
1747197918450 7.0 9
1747197918467 7.0 9
1747197918484 7.0 9
1747197918500 7.0 9
1747197918516 7.0 9
1747197918537 7.0 9
1747197918554 7.0 9
1747197918571 7.0 9
1747197918587 7.0 9
1747197918604 7.0 9
1747197918621 7.0 9
1747197918639 7.0 9
1747197918655 7.0 9
1747197918671 7.0 9
1747197918689 7.0 9
1747197918705 7.0 9
1747197918721 7.0 9
1747197918738 7.0 9
1747197918756 7.0 9
1747197918772 7.0 9
1747197918788 7.0 9
1747197918805 7.0 9
1747197918821 7.0 9
1747197918838 7.0 9
1747197918855 7.0 9
1747197918873 7.0 9
1747197918889 7.0 9
1747197918906 7.0 9
1747197918923 7.0 9
1747197918941 7.0 9
1747197918958 7.0 9
1747197918975 7.0 9
1747197918993 7.0 9
1747197919009 7.0 9
1747197919025 7.0 9
1747197919041 7.0 9
1747197919059 7.0 9
1747197919075 7.0 9
1747197919093 7.0 9
1747197919110 7.0 9
1747197919126 7.0 9
1747197919148 7.0 9
1747197919164 7.0 9
1747197919180 7.0 9
1747197919195 7.0 9
1747197919212 7.0 9
1747197919229 7.0 9
1747197919245 7.0 9
1747197919263 7.0 9
1747197919280 7.0 9
1747197919296 7.0 9
1747197919314 7.0 9
1747197919330 7.0 9
1747197919345 7.0 9
1747197919363 7.0 9
1747197919379 7.0 9
1747197919396 7.0 9
1747197919413 7.0 9
1747197919429 7.0 9
1747197919445 7.0 9
1747197919461 7.0 9
1747197919477 7.0 9
1747197919494 7.0 9
1747197919511 7.0 9
1747197919528 7.0 9
1747197919546 7.0 9
1747197919562 7.0 9
1747197919578 7.0 9
1747197919596 7.0 9
1747197919613 7.0 9
1747197919630 7.0 9
1747197919646 7.0 9
1747197919664 7.0 9
1747197919681 7.0 9
1747197919699 7.0 9
1747197919715 7.0 9
1747197919733 7.0 9
1747197919749 7.0 9
1747197919766 7.0 9
1747197919782 7.0 9
1747197919802 7.0 9
1747197919818 7.0 9
1747197919835 7.0 9
1747197919853 7.0 9
1747197919868 7.0 9
1747197919884 7.0 9
1747197919901 7.0 9
1747197919917 7.0 9
1747197919933 7.0 9
1747197919950 7.0 9
1747197919967 7.0 9
1747197919984 7.0 9
1747197920001 7.0 9
1747197920017 7.0 9
1747197920032 7.0 9
1747197920049 7.0 9
1747197920066 7.0 9
1747197920085 7.0 9
1747197920115 7.0 9
1747197920133 7.0 9
1747197920150 7.0 9
1747197920166 7.0 9
1747197920181 7.0 9
1747197920198 7.0 9
1747197920216 7.0 9
1747197920232 7.0 9
1747197920248 7.0 9
1747197920264 7.0 9
1747197920281 7.0 9
1747197920299 7.0 9
1747197920325 7.0 9
1747197920342 7.0 9
1747197920358 7.0 9
1747197920375 7.0 9
1747197920391 7.0 9
1747197920409 7.0 9
1747197920425 7.0 9
1747197920441 7.0 9
1747197920458 7.0 9
1747197920475 7.0 9
1747197920492 7.0 9
1747197920508 7.0 9
1747197920525 7.0 9
1747197920542 6.0 9
1747197920557 6.0 9
1747197920573 6.0 9
1747197920591 6.0 9
1747197920608 6.0 9
1747197920625 6.0 9
1747197920643 6.0 9
1747197920659 6.0 9
1747197920675 6.0 9
1747197920692 6.0 9
1747197920708 6.0 9
1747197920724 6.0 9
1747197920739 6.0 9
1747197920756 6.0 9
1747197920774 6.0 9
1747197920791 6.0 9
1747197920809 6.0 9
1747197920825 6.0 9
1747197920841 6.0 9
1747197920858 6.0 9
1747197920874 6.0 9
1747197920891 6.0 9
1747197920907 6.0 9
1747197920923 6.0 9
1747197920939 6.0 9
1747197920956 6.0 9
1747197920972 6.0 9
1747197920989 6.0 9
1747197921006 6.0 9
1747197921022 6.0 9
1747197921040 6.0 9
1747197921065 6.0 9
1747197921082 6.0 9
1747197921104 6.0 9
1747197921123 6.0 9
1747197921142 6.0 9
1747197921168 6.0 9
1747197921186 6.0 9
1747197921206 6.0 9
1747197921224 6.0 9
1747197921241 6.0 9
1747197921259 6.0 9
1747197921279 6.0 9
1747197921299 6.0 9
1747197921315 6.0 9
1747197921332 6.0 9
1747197921349 6.0 9
1747197921366 6.0 9
1747197921382 6.0 9
1747197921399 6.0 9
1747197921419 6.0 9
1747197921437 6.0 9
1747197921464 6.0 9
1747197921479 6.0 9
1747197921496 6.0 9
1747197921513 6.0 9
1747197921529 6.0 9
1747197921546 6.0 9
1747197921564 6.0 9
1747197921580 6.0 9
1747197921597 6.0 9
1747197921614 6.0 9
1747197921631 6.0 9
1747197921647 6.0 9
1747197921664 6.0 9
1747197921680 6.0 9
1747197921696 6.0 9
1747197921712 6.0 9
1747197921728 6.0 9
1747197921746 6.0 9
1747197921762 6.0 9
1747197921779 6.0 9
1747197921795 6.0 9
1747197921811 6.0 9
1747197921828 6.0 9
1747197921845 6.0 9
1747197921861 6.0 9
1747197921877 6.0 9
1747197921894 6.0 9
1747197921911 6.0 9
1747197921927 6.0 9
1747197921944 6.0 9
1747197921960 6.0 9
1747197921976 6.0 9
1747197921992 6.0 9
1747197922010 6.0 9
1747197922026 6.0 9
1747197922059 6.0 9
1747197922076 6.0 9
1747197922093 6.0 9
1747197922109 6.0 9
1747197922125 6.0 9
1747197922142 6.0 9
1747197922159 6.0 9
1747197922176 6.0 9
1747197922192 6.0 9
1747197922207 6.0 9
1747197922224 6.0 9
1747197922240 6.0 9
1747197922256 6.0 9
1747197922273 6.0 9
1747197922289 6.0 9
1747197922305 6.0 9
1747197922323 6.0 9
1747197922341 6.0 9
1747197922361 6.0 9
1747197922378 6.0 9
1747197922395 6.0 9
1747197922412 6.0 9
1747197922428 6.0 9
1747197922444 6.0 9
1747197922461 6.0 9
1747197922477 6.0 9
1747197922494 6.0 9
1747197922512 6.0 9
1747197922530 6.0 9
1747197922546 6.0 9
1747197922562 6.0 9
1747197922579 6.0 9
1747197922596 6.0 9
1747197922613 6.0 9
1747197922629 6.0 9
1747197922645 6.0 9
1747197922660 6.0 9
1747197922678 6.0 9
1747197922693 6.0 9
1747197922710 6.0 9
1747197922726 6.0 9
1747197922743 6.0 9
1747197922759 6.0 9
1747197922775 6.0 9
1747197922791 6.0 9
1747197922808 6.0 9
1747197922825 6.0 9
1747197922842 6.0 9
1747197922860 6.0 9
1747197922877 6.0 9
1747197922894 6.0 9
1747197922910 6.0 9
1747197922927 6.0 9
1747197922944 6.0 9
1747197922960 6.0 9
1747197922977 4.0 9
1747197922994 4.0 9
1747197923010 4.0 9
1747197923027 4.0 9
1747197923045 4.0 9
1747197923061 3.0 9
1747197923077 3.0 9
1747197923093 2.0 9
1747197923110 2.0 9
1747197923126 2.0 9
1747197923144 2.0 9
1747197923160 2.0 9
1747197923176 2.0 9
1747197923193 1.0 9
1747197923209 1.0 9
1747197923225 1.0 9
1747197923242 1.0 9
1747197923258 1.0 9
1747197923471 30.0 10
1747197923493 30.0 10
1747197923518 30.0 10
1747197923540 30.0 10
1747197923562 27.0 10
1747197923583 27.0 10
1747197923605 25.0 10
1747197923626 25.0 10
1747197923647 25.0 10
1747197923670 25.0 10
1747197923690 25.0 10
1747197923711 25.0 10
1747197923734 25.0 10
1747197923754 25.0 10
1747197923776 25.0 10
1747197923798 25.0 10
1747197923820 25.0 10
1747197923842 25.0 10
1747197923867 24.0 10
1747197923889 24.0 10
1747197923911 24.0 10
1747197923936 24.0 10
1747197923959 24.0 10
1747197923984 24.0 10
1747197924007 24.0 10
1747197924029 23.0 10
1747197924049 20.0 10
1747197924070 20.0 10
1747197924089 20.0 10
1747197924110 19.0 10
1747197924132 19.0 10
