1747197614453 0.36666666666666664 1
1747197614493 1.111111111111111 1
1747197614527 2.246666666666667 1
1747197614557 3.784444444444445 1
1747197614584 5.613333333333333 1
1747197614608 7.846666666666667 1
1747197614634 10.401111111111112 1
1747197614657 13.065555555555557 1
1747197614679 15.645555555555555 1
1747197614700 18.19888888888889 1
1747197614722 20.836666666666666 1
1747197614741 23.47666666666667 1
1747197614759 26.380000000000003 1
1747197614779 29.38222222222222 1
1747197614796 32.64888888888889 1
1747197614820 35.99111111111111 1
1747197614839 39.59888888888889 1
1747197614858 43.47222222222222 1
1747197614886 47.6088888888889 1
1747197614904 52.00888888888889 1
1747197614924 56.67 1
1747197614944 61.59222222222222 1
1747197614963 66.02777777777779 1
1747197614985 70.69444444444444 1
1747197615014 75.59444444444445 1
1747197615035 80.41222222222223 1
1747197615054 85.45333333333335 1
1747197615071 90.72000000000001 1
1747197615090 96.21222222222222 1
1747197615110 101.93 1
1747197615130 107.49444444444445 1
1747197615148 113.27222222222223 1
1747197615169 119.26555555555555 1
1747197615190 125.47666666666667 1
1747197615207 131.4777777777778 1
1747197615226 137.68666666666667 1
1747197615244 144.10333333333335 1
1747197615265 150.73000000000002 1
1747197615285 157.56888888888892 1
1747197615302 164.62222222222223 1
1747197615320 171.89000000000001 1
1747197615336 179.3766666666667 1
1747197615352 187.08222222222224 1
1747197615368 195.01111111111112 1
1747197615384 203.1677777777778 1
1747197615402 211.5566666666667 1
1747197615421 220.18222222222224 1
1747197615441 229.0511111111111 1
1747197615458 238.17000000000002 1
1747197615474 247.54555555555555 1
1747197615491 254.58333333333334 1
1747197615506 261.81 1
1747197615523 268.48 1
1747197615540 275.31111111111113 1
1747197615556 282.30333333333334 1
1747197615572 289.45666666666665 1
1747197615588 296.0744444444444 1
1747197615606 300.71444444444444 1
1747197615622 305.46666666666664 1
1747197615640 306.93333333333334 1
1747197615657 308.4244444444444 1
1747197615674 309.93999999999994 1
1747197615691 311.47999999999996 1
1747197615712 313.0444444444444 1
1747197615730 314.6333333333333 1
1747197615744 316.24666666666667 1
1747197615762 317.88444444444445 1
1747197615777 319.5466666666667 1
1747197615793 321.23333333333335 1
1747197615809 322.9444444444444 1
1747197615831 324.68 1
1747197615849 326.43999999999994 1
1747197615865 328.2244444444444 1
1747197615882 330.03333333333336 1
1747197615898 331.8666666666667 1
1747197615914 333.7244444444444 1
1747197615930 335.6066666666666 1
1747197615946 337.5133333333333 1
1747197615962 339.4444444444444 1
1747197615981 341.3999999999999 1
1747197615997 343.38 1
1747197616014 345.38444444444445 1
1747197616030 347.4133333333333 1
1747197616048 349.4666666666666 1
1747197616064 351.5444444444444 1
1747197616082 353.64666666666665 1
1747197616098 355.7733333333333 1
1747197616115 357.9244444444444 1
1747197616132 360.1 1
1747197616149 362.3 1
1747197616165 364.5244444444444 1
1747197616183 366.7733333333333 1
1747197616198 369.0466666666667 1
1747197616216 371.3444444444444 1
1747197616233 373.66666666666663 1
1747197616250 376.0133333333333 1
1747197616266 378.38444444444445 1
1747197616283 380.78 1
1747197616300 383.19999999999993 1
1747197616318 385.6444444444444 1
1747197616334 388.11333333333334 1
1747197616351 390.6066666666666 1
1747197616368 393.1244444444444 1
1747197616384 395.6666666666667 1
1747197616401 398.23333333333335 1
1747197616417 400.82444444444445 1
1747197616434 403.43999999999994 1
1747197616450 406.08 1
1747197616468 408.7444444444444 1
1747197616483 411.43333333333334 1
1747197616500 414.14666666666665 1
1747197616517 416.88444444444445 1
1747197616534 419.64666666666665 1
1747197616552 422.43333333333334 1
1747197616568 425.2444444444444 1
1747197616584 428.08 1
1747197616600 430.93999999999994 1
1747197616616 433.82444444444445 1
1747197616633 436.73333333333335 1
1747197616658 439.6666666666667 1
1747197616673 442.62444444444446 1
1747197616690 445.6066666666666 1
1747197616707 448.61333333333334 1
1747197616724 451.6444444444444 1
1747197616742 454.7 1
1747197616757 457.78 1
1747197616775 460.88444444444445 1
1747197616791 464.0133333333333 1
1747197616808 467.1666666666667 1
1747197616824 470.3444444444444 1
1747197616840 473.5466666666667 1
1747197616858 476.7733333333333 1
1747197616874 480.02444444444444 1
1747197616890 483.3 1
1747197616908 486.6 1
1747197616925 489.9244444444445 1
1747197616943 493.2733333333333 1
1747197616959 496.64666666666665 1
1747197616976 500.0444444444444 1
1747197616995 503.46666666666664 1
1747197617011 506.9133333333333 1
1747197617027 510.38444444444445 1
1747197617043 513.88 1
1747197617059 517.4 1
1747197617076 520.9444444444445 1
1747197617092 524.5133333333333 1
1747197617108 528.1066666666667 1
1747197617124 531.7244444444444 1
1747197617142 535.3666666666667 1
1747197617158 539.0333333333333 1
1747197617175 542.7244444444444 1
1747197617191 546.44 1
1747197617208 550.1800000000001 1
1747197617224 553.9444444444445 1
1747197617240 557.7333333333333 1
1747197617257 561.5466666666666 1
1747197617273 565.3844444444444 1
1747197617290 569.2466666666666 1
1747197617306 573.1333333333333 1
1747197617323 577.0444444444444 1
1747197617340 580.98 1
1747197617357 584.94 1
1747197617374 588.9244444444445 1
1747197617393 592.9333333333333 1
1747197617408 596.9666666666667 1
1747197617425 601.0244444444445 1
1747197617441 605.1066666666667 1
1747197617457 609.2133333333334 1
1747197617474 613.3444444444444 1
1747197617490 617.5 1
1747197617505 621.68 1
1747197617522 625.8844444444444 1
1747197617541 630.1133333333332 1
1747197617557 634.3666666666667 1
1747197617573 638.6444444444444 1
1747197617589 642.9466666666667 1
1747197617605 645.11 1
1747197617622 647.2855555555556 1
1747197617639 649.4733333333334 1
1747197617655 651.6733333333334 1
1747197617672 653.8855555555555 1
1747197617687 656.11 1
1747197617703 658.3466666666667 1
1747197617720 660.5955555555556 1
1747197617738 662.8566666666667 1
1747197617755 665.13 1
1747197617773 667.4155555555556 1
1747197617788 669.7133333333334 1
1747197617806 672.0233333333333 1
1747197617823 674.3455555555556 1
1747197617839 676.6800000000001 1
1747197617856 679.0266666666666 1
1747197617873 681.3855555555555 1
1747197617890 683.7566666666667 1
1747197617906 686.14 1
1747197617922 688.5355555555556 1
1747197617937 690.9433333333333 1
1747197617955 693.3633333333333 1
1747197617970 695.7955555555557 1
1747197617987 698.24 1
1747197618004 700.6966666666667 1
1747197618020 703.1655555555556 1
1747197618037 705.6466666666668 1
1747197618053 708.14 1
1747197618070 710.6455555555556 1
1747197618087 713.1633333333334 1
1747197618104 715.6933333333333 1
1747197618120 718.2355555555555 1
1747197618137 720.7900000000001 1
1747197618153 723.3566666666667 1
1747197618170 725.9355555555555 1
1747197618187 728.5266666666666 1
1747197618203 731.13 1
1747197618218 733.7455555555556 1
1747197618236 736.3733333333333 1
1747197618253 739.0133333333334 1
1747197618269 741.6655555555557 1
1747197618286 744.33 1
1747197618303 747.0066666666667 1
1747197618319 749.6955555555556 1
1747197618336 752.3966666666668 1
1747197618353 755.11 1
1747197618370 757.8355555555555 1
1747197618387 760.5733333333334 1
1747197618404 763.3233333333334 1
1747197618420 766.0855555555555 1
1747197618436 768.86 1
1747197618453 771.6466666666668 1
1747197618468 774.4455555555556 1
1747197618485 777.2566666666667 1
1747197618502 780.08 1
1747197618518 782.9155555555557 1
1747197618535 785.7633333333334 1
1747197618559 788.6233333333333 1
1747197618576 791.4955555555556 1
1747197618592 794.38 1
1747197618608 797.2766666666666 1
1747197618626 800.1855555555555 1
1747197618644 803.1066666666667 1
1747197618660 806.0400000000001 1
1747197618677 808.9855555555555 1
1747197618694 811.9433333333333 1
1747197618710 814.9133333333334 1
1747197618728 817.8955555555556 1
1747197618744 820.89 1
1747197618760 823.8966666666668 1
1747197618778 826.9155555555557 1
1747197618794 829.9466666666667 1
1747197618811 832.99 1
1747197618827 836.0455555555557 1
1747197618845 839.1133333333333 1
1747197618860 842.1933333333333 1
1747197618877 845.2855555555556 1
1747197618894 848.39 1
1747197618911 851.5066666666667 1
1747197618926 854.6355555555555 1
1747197618944 857.7766666666666 1
1747197618960 860.9300000000001 1
1747197618978 864.0955555555556 1
1747197618994 867.2733333333333 1
1747197619010 870.4633333333334 1
1747197619028 873.6655555555557 1
1747197619044 876.88 1
1747197619063 880.1066666666667 1
1747197619080 883.3455555555556 1
1747197619097 886.5966666666667 1
1747197619115 889.86 1
1747197619131 893.1355555555555 1
1747197619148 896.4233333333334 1
1747197619164 899.7233333333334 1
1747197619180 903.0355555555556 1
1747197619198 906.36 1
1747197619215 909.6966666666667 1
1747197619232 913.0455555555557 1
1747197619249 916.4066666666666 1
1747197619265 919.7800000000001 1
1747197619283 923.1655555555557 1
1747197619301 926.5633333333334 1
1747197619317 929.9733333333334 1
1747197619334 933.3955555555556 1
1747197619351 936.83 1
1747197619368 940.2766666666666 1
1747197619385 943.7355555555555 1
1747197619401 947.2066666666667 1
1747197619418 950.69 1
1747197619435 954.1855555555555 1
1747197619452 957.6933333333333 1
1747197619469 961.2133333333334 1
1747197619486 964.7455555555556 1
1747197619502 968.2900000000001 1
1747197619518 971.8466666666667 1
1747197619536 975.4155555555557 1
1747197619553 978.9966666666667 1
1747197619568 982.59 1
1747197619585 986.1955555555556 1
1747197619602 989.8133333333334 1
1747197619618 993.4433333333333 1
1747197619635 997.0855555555555 1
1747197619652 1000.74 1
1747197619669 1004.4066666666666 1
1747197619686 1008.0855555555555 1
1747197619702 1011.7766666666666 1
1747197619720 1015.4799999999999 1
1747197619736 1019.1955555555555 1
1747197619753 1022.9233333333333 1
1747197619770 1026.6633333333332 1
1747197619786 1030.4155555555556 1
1747197619802 1034.1799999999998 1
1747197619821 1037.9566666666665 1
1747197619836 1041.7455555555555 1
1747197619852 1045.5466666666666 1
1747197619869 1049.36 1
1747197619886 1053.1855555555555 1
1747197619902 1057.0233333333333 1
1747197619920 1060.8733333333334 1
1747197619936 1064.7355555555555 1
1747197619953 1068.61 1
1747197619970 1072.4966666666667 1
1747197619986 1076.3955555555556 1
1747197620003 1080.3066666666666 1
1747197620019 1084.23 1
1747197620036 1088.1655555555556 1
1747197620052 1092.1133333333332 1
1747197620070 1096.0733333333333 1
1747197620086 1100.0455555555554 1
1747197620103 1104.0299999999997 1
1747197620119 1108.0266666666664 1
1747197620137 1112.0355555555554 1
1747197620154 1116.0566666666666 1
1747197620170 1120.09 1
1747197620186 1124.1355555555556 1
1747197620204 1128.1933333333332 1
1747197620220 1132.263333333333 1
1747197620237 1136.3455555555554 1
1747197620254 1140.4399999999998 1
1747197620269 1144.5466666666664 1
1747197620287 1148.6655555555553 1
1747197620304 1152.7966666666664 1
1747197620328 1156.9399999999998 1
1747197620340 1161.0955555555554 1
1747197620356 1165.263333333333 1
1747197620372 1169.4433333333332 1
1747197620389 1173.6355555555556 1
1747197620407 1177.84 1
1747197620424 1182.0566666666666 1
1747197620441 1186.2855555555554 1
1747197620458 1190.5266666666664 1
1747197620475 1194.7799999999997 1
1747197620491 1199.0455555555554 1
1747197620507 1203.3233333333333 1
1747197620523 1207.6133333333332 1
1747197620539 1211.9155555555553 1
1747197620556 1216.2299999999998 1
1747197620574 1220.5566666666666 1
1747197620590 1224.8955555555553 1
1747197620607 1229.2466666666664 1
1747197620624 1233.61 1
1747197620644 1237.9855555555555 1
1747197620661 1242.3733333333332 1
1747197620676 1246.7733333333333 1
1747197620693 1251.1855555555555 1
1747197620708 1255.61 1
1747197620725 1260.0466666666664 1
1747197620743 1264.4955555555555 1
1747197620760 1268.9566666666665 1
1747197620777 1273.4299999999998 1
1747197620794 1277.9155555555553 1
1747197620811 1282.4133333333332 1
1747197620827 1286.9233333333332 1
1747197620844 1291.4455555555553 1
1747197620860 1295.9799999999998 1
1747197620878 1300.5266666666664 1
1747197620895 1305.0855555555556 1
1747197620912 1309.6566666666665 1
1747197620928 1314.24 1
1747197620945 1318.8355555555556 1
1747197620961 1323.4433333333332 1
1747197620978 1328.063333333333 1
1747197620995 1332.6955555555553 1
1747197621011 1337.34 1
1747197621029 1341.9966666666664 1
1747197621046 1346.6655555555553 1
1747197621062 1351.3466666666666 1
1747197621080 1356.04 1
1747197621097 1360.7455555555555 1
1747197621114 1365.4633333333331 1
1747197621131 1370.1933333333332 1
1747197621148 1374.9355555555555 1
1747197621165 1379.6899999999998 1
1747197621182 1384.4566666666665 1
1747197621203 1389.2355555555555 1
1747197621218 1394.0266666666664 1
1747197621235 1398.8299999999997 1
1747197621252 1403.6455555555553 1
1747197621274 1408.4733333333331 1
1747197621290 1413.313333333333 1
1747197621307 1418.1655555555553 1
1747197621325 1423.0299999999997 1
1747197621341 1427.9066666666665 1
1747197621357 1432.7955555555554 1
1747197621374 1437.6966666666665 1
1747197621391 1442.61 1
1747197621407 1447.5355555555554 1
1747197621424 1452.4733333333331 1
1747197621441 1457.4233333333332 1
1747197621456 1462.3855555555556 1
1747197621473 1467.36 1
1747197621490 1472.3466666666666 1
1747197621507 1477.3455555555554 1
1747197621523 1482.3566666666666 1
1747197621539 1487.3799999999999 1
1747197621556 1492.4155555555553 1
1747197621572 1497.4633333333331 1
1747197621590 1502.5233333333333 1
1747197621606 1507.5955555555554 1
1747197621624 1512.6799999999998 1
1747197621641 1517.7766666666664 1
1747197621657 1522.8855555555556 1
1747197621673 1528.0066666666667 1
1747197621688 1533.1399999999999 1
1747197621705 1538.2855555555554 1
1747197621723 1543.4433333333332 1
1747197621740 1548.6133333333332 1
1747197621757 1553.7955555555554 1
1747197621774 1558.99 1
1747197621790 1564.1966666666665 1
1747197621806 1569.4155555555553 1
1747197621823 1574.6466666666665 1
1747197621838 1579.8899999999999 1
1747197621855 1585.1455555555553 1
1747197621871 1590.4133333333332 1
1747197621889 1595.6933333333332 1
1747197621905 1600.9855555555555 1
1747197621922 1606.29 1
1747197621940 1611.6066666666666 1
1747197621956 1616.9355555555555 1
1747197621972 1622.2766666666664 1
1747197621990 1627.6299999999999 1
1747197622007 1632.9955555555555 1
1747197622023 1638.3733333333332 1
1747197622040 1643.763333333333 1
1747197622056 1649.1655555555553 1
1747197622073 1654.5799999999997 1
1747197622090 1660.0066666666667 1
1747197622106 1665.4455555555553 1
1747197622123 1670.8966666666665 1
1747197622140 1676.36 1
1747197622156 1681.8355555555556 1
1747197622172 1687.3233333333333 1
1747197622189 1692.8233333333333 1
1747197622206 1698.3355555555556 1
1747197622222 1703.86 1
1747197622238 1709.3966666666665 1
1747197622255 1714.9455555555553 1
1747197622271 1720.5066666666667 1
1747197622287 1726.0799999999997 1
1747197622305 1731.6655555555553 1
1747197622321 1737.263333333333 1
1747197622337 1742.8733333333332 1
1747197622353 1748.4955555555555 1
1747197622370 1754.1299999999999 1
1747197622387 1759.7766666666664 1
1747197622403 1765.4355555555555 1
1747197622420 1771.1066666666666 1
1747197622436 1776.79 1
1747197622452 1782.4855555555555 1
1747197622469 1788.1933333333332 1
1747197622485 1793.9133333333332 1
1747197622501 1799.6455555555553 1
1747197622518 1805.3899999999999 1
1747197622534 1811.1466666666665 1
1747197622550 1816.9155555555553 1
1747197622568 1822.6966666666665 1
1747197622584 1828.49 1
1747197622601 1834.2955555555554 1
1747197622628 1840.1133333333332 1
1747197622640 1845.9433333333332 1
1747197622656 1851.7855555555554 1
1747197622673 1857.6399999999999 1
1747197622690 1863.5066666666667 1
1747197622706 1869.3855555555556 1
1747197622723 1875.2766666666664 1
1747197622740 1881.1799999999998 1
1747197622757 1887.0955555555554 1
1747197622773 1893.0233333333333 1
1747197622790 1898.9633333333331 1
1747197622807 1904.9155555555553 1
1747197622823 1910.8799999999999 1
1747197622840 1916.8566666666666 1
1747197622857 1922.8455555555554 1
1747197622873 1928.8466666666666 1
1747197622889 1934.86 1
1747197622905 1940.8855555555556 1
1747197622922 1946.9233333333332 1
1747197622940 1952.9733333333331 1
1747197622957 1959.0355555555554 1
1747197622973 1965.11 1
1747197622990 1971.1966666666665 1
1747197623007 1977.2955555555554 1
1747197623024 1983.4066666666665 1
1747197623039 1989.5299999999997 1
1747197623063 1995.6655555555553 1
1747197623080 2001.813333333333 1
1747197623097 2007.9733333333331 1
1747197623113 2014.1455555555553 1
1747197623129 2020.3299999999997 1
1747197623146 2026.5266666666664 1
1747197623163 2032.7355555555555 1
1747197623180 2038.9566666666665 1
1747197623196 2045.1899999999998 1
1747197623213 2051.4355555555553 1
1747197623229 2057.693333333333 1
1747197623246 2063.963333333333 1
1747197623263 2070.2455555555553 1
1747197623280 2076.54 1
1747197623296 2082.8466666666664 1
1747197623313 2089.1655555555553 1
1747197623330 2095.4966666666664 1
1747197623347 2101.8399999999997 1
1747197623363 2108.1955555555555 1
1747197623380 2114.563333333333 1
1747197623396 2120.943333333333 1
1747197623413 2127.3355555555554 1
1747197623430 2133.74 1
1747197623448 2140.1566666666668 1
1747197623464 2146.5855555555554 1
1747197623482 2153.0266666666666 1
1747197623498 2159.48 1
1747197623512 2165.9455555555555 1
1747197623528 2172.423333333333 1
1747197623545 2178.913333333333 1
1747197623563 2185.4155555555553 1
1747197623580 2191.93 1
1747197623595 2198.4566666666665 1
1747197623613 2204.9955555555557 1
1747197623630 2211.5466666666666 1
1747197623646 2218.11 1
1747197623664 2224.6855555555553 1
1747197623681 2231.273333333333 1
1747197623698 2237.8733333333334 1
1747197623714 2244.4855555555555 1
1747197623731 2251.11 1
1747197623748 2257.7466666666664 1
1747197623764 2264.395555555556 1
1747197623782 2271.0566666666664 1
1747197623797 2277.73 1
1747197623815 2284.4155555555553 1
1747197623831 2291.1133333333332 1
1747197623846 2297.8233333333333 1
1747197623862 2304.5455555555554 1
1747197623879 2311.2799999999997 1
1747197623897 2318.0266666666666 1
1747197623913 2324.7855555555557 1
1747197623930 2331.5566666666664 1
1747197623945 2338.3399999999997 1
1747197623962 2345.1355555555556 1
1747197623977 2351.9433333333336 1
1747197624000 2358.7633333333333 1
1747197624012 2365.5955555555556 1
1747197624030 2372.44 1
1747197624045 2379.2966666666666 1
1747197624063 2386.1655555555553 1
1747197624080 2393.0466666666666 1
1747197624095 2399.94 1
1747197624113 2406.8455555555556 1
1747197624130 2413.7633333333333 1
1747197624146 2420.6933333333336 1
1747197624162 2427.6355555555556 1
1747197624180 2434.5899999999997 1
1747197624195 2441.5566666666664 1
1747197624211 2448.5355555555557 1
1747197624228 2455.5266666666666 1
1747197624244 2462.5299999999997 1
