1747197614457 11.0 1
1747197614498 22.333333333333332 1
1747197614531 34.06666666666667 1
1747197614560 46.13333333333333 1
1747197614587 57.8 1
1747197614612 69.93333333333334 1
1747197614637 81.96666666666667 1
1747197614660 93.16666666666667 1
1747197614682 103.03333333333333 1
1747197614702 112.13333333333334 1
1747197614725 120.6 1
1747197614743 128.3 1
1747197614763 136.2 1
1747197614781 143.93333333333334 1
1747197614799 151.86666666666667 1
1747197614822 159.63333333333333 1
1747197614841 167.6 1
1747197614871 175.56666666666666 1
1747197614889 183.46666666666667 1
1747197614907 191.36666666666667 1
1747197614926 199.2 1
1747197614947 207.03333333333333 1
1747197614965 213.9 1
1747197614988 220.83333333333334 1
1747197615017 227.83333333333334 1
1747197615038 234.53333333333333 1
1747197615057 241.23333333333332 1
1747197615074 248.0 1
1747197615094 254.76666666666668 1
1747197615113 261.53333333333336 1
1747197615132 267.93333333333334 1
1747197615152 274.3333333333333 1
1747197615172 280.8 1
1747197615192 287.3333333333333 1
1747197615211 293.5 1
1747197615228 299.73333333333335 1
1747197615247 305.96666666666664 1
1747197615270 312.26666666666665 1
1747197615288 318.6333333333333 1
1747197615305 325.06666666666666 1
1747197615323 331.5 1
1747197615338 338.06666666666666 1
1747197615355 344.6333333333333 1
1747197615370 351.3333333333333 1
1747197615388 358.1666666666667 1
1747197615404 365.1333333333333 1
1747197615424 372.23333333333335 1
1747197615444 379.53333333333336 1
1747197615461 387.03333333333336 1
1747197615477 394.73333333333335 1
1747197615493 400.26666666666665 1
1747197615510 405.93333333333334 1
1747197615526 410.7 1
1747197615542 415.53333333333336 1
1747197615558 420.3666666666667 1
1747197615574 425.2 1
1747197615590 429.6666666666667 1
1747197615608 433.03333333333336 1
1747197615625 436.4 1
1747197615643 437.1333333333333 1
1747197615660 437.8666666666667 1
1747197615677 438.6 1
1747197615694 439.3333333333333 1
1747197615716 440.06666666666666 1
1747197615733 440.8 1
1747197615747 441.53333333333336 1
1747197615764 442.26666666666665 1
1747197615780 443.0 1
1747197615796 443.73333333333335 1
1747197615821 444.46666666666664 1
1747197615834 445.2 1
1747197615851 445.93333333333334 1
1747197615868 446.6666666666667 1
1747197615884 447.4 1
1747197615901 448.1333333333333 1
1747197615917 448.8666666666667 1
1747197615933 449.6 1
1747197615948 450.3333333333333 1
1747197615965 451.06666666666666 1
1747197615984 451.8 1
1747197616000 452.53333333333336 1
1747197616016 453.26666666666665 1
1747197616033 454.0 1
1747197616050 454.73333333333335 1
1747197616067 455.46666666666664 1
1747197616084 456.2 1
1747197616100 456.93333333333334 1
1747197616118 457.6666666666667 1
1747197616134 458.4 1
1747197616151 459.1333333333333 1
1747197616168 459.8666666666667 1
1747197616186 460.6 1
1747197616202 461.3333333333333 1
1747197616219 462.06666666666666 1
1747197616236 462.8 1
1747197616253 463.53333333333336 1
1747197616269 464.26666666666665 1
1747197616286 465.0 1
1747197616302 465.73333333333335 1
1747197616321 466.46666666666664 1
1747197616338 467.2 1
1747197616354 467.93333333333334 1
1747197616371 468.6666666666667 1
1747197616387 469.4 1
1747197616404 470.1333333333333 1
1747197616420 470.8666666666667 1
1747197616438 471.6 1
1747197616452 472.3333333333333 1
1747197616470 473.06666666666666 1
1747197616486 473.8 1
1747197616502 474.53333333333336 1
1747197616519 475.26666666666665 1
1747197616536 476.0 1
1747197616554 476.73333333333335 1
1747197616571 477.46666666666664 1
1747197616587 478.2 1
1747197616603 478.93333333333334 1
1747197616619 479.6666666666667 1
1747197616637 480.4 1
1747197616660 481.1333333333333 1
1747197616676 481.8666666666667 1
1747197616692 482.6 1
1747197616711 483.3333333333333 1
1747197616727 484.06666666666666 1
1747197616744 484.8 1
1747197616761 485.53333333333336 1
1747197616778 486.26666666666665 1
1747197616795 487.0 1
1747197616812 487.73333333333335 1
1747197616827 488.46666666666664 1
1747197616845 489.2 1
1747197616860 489.93333333333334 1
1747197616877 490.6666666666667 1
1747197616893 491.4 1
1747197616911 492.1333333333333 1
1747197616928 492.8666666666667 1
1747197616946 493.6 1
1747197616964 494.3333333333333 1
1747197616980 495.06666666666666 1
1747197616998 495.8 1
1747197617014 496.53333333333336 1
1747197617030 497.26666666666665 1
1747197617047 498.0 1
1747197617062 498.73333333333335 1
1747197617080 499.46666666666664 1
1747197617095 500.2 1
1747197617111 500.93333333333334 1
1747197617128 501.6666666666667 1
1747197617146 502.4 1
1747197617162 503.1333333333333 1
1747197617178 503.8666666666667 1
1747197617194 504.6 1
1747197617212 505.3333333333333 1
1747197617227 506.06666666666666 1
1747197617242 506.8 1
1747197617259 507.53333333333336 1
1747197617276 508.26666666666665 1
1747197617292 509.0 1
1747197617310 509.73333333333335 1
1747197617326 510.46666666666664 1
1747197617343 511.2 1
1747197617360 511.93333333333334 1
1747197617378 512.6666666666666 1
1747197617396 513.4 1
1747197617412 514.1333333333333 1
1747197617428 514.8666666666667 1
1747197617444 515.6 1
1747197617460 516.3333333333334 1
1747197617477 517.0666666666667 1
1747197617493 517.8 1
1747197617508 518.5333333333333 1
1747197617524 519.2666666666667 1
1747197617544 520.0 1
1747197617560 520.7333333333333 1
1747197617575 521.4666666666667 1
1747197617591 522.2 1
1747197617608 522.5666666666667 1
1747197617625 522.9333333333333 1
1747197617641 523.3 1
1747197617657 523.6666666666666 1
1747197617674 524.0333333333333 1
1747197617690 524.4 1
1747197617706 524.7666666666667 1
1747197617723 525.1333333333333 1
1747197617740 525.5 1
1747197617757 525.8666666666667 1
1747197617776 526.2333333333333 1
1747197617792 526.6 1
1747197617809 526.9666666666667 1
1747197617826 527.3333333333334 1
1747197617841 527.7 1
1747197617859 528.0666666666667 1
1747197617876 528.4333333333333 1
1747197617892 528.8 1
1747197617908 529.1666666666666 1
1747197617924 529.5333333333333 1
1747197617940 529.9 1
1747197617957 530.2666666666667 1
1747197617972 530.6333333333333 1
1747197617989 531.0 1
1747197618006 531.3666666666667 1
1747197618022 531.7333333333333 1
1747197618039 532.1 1
1747197618056 532.4666666666667 1
1747197618072 532.8333333333334 1
1747197618090 533.2 1
1747197618106 533.5666666666667 1
1747197618122 533.9333333333333 1
1747197618139 534.3 1
1747197618156 534.6666666666666 1
1747197618173 535.0333333333333 1
1747197618190 535.4 1
1747197618206 535.7666666666667 1
1747197618222 536.1333333333333 1
1747197618238 536.5 1
1747197618255 536.8666666666667 1
1747197618271 537.2333333333333 1
1747197618289 537.6 1
1747197618305 537.9666666666667 1
1747197618321 538.3333333333334 1
1747197618338 538.7 1
1747197618355 539.0666666666667 1
1747197618372 539.4333333333333 1
1747197618389 539.8 1
1747197618406 540.1666666666666 1
1747197618422 540.5333333333333 1
1747197618439 540.9 1
1747197618455 541.2666666666667 1
1747197618472 541.6333333333333 1
1747197618488 542.0 1
1747197618504 542.3666666666667 1
1747197618522 542.7333333333333 1
1747197618549 543.1 1
1747197618563 543.4666666666667 1
1747197618578 543.8333333333334 1
1747197618595 544.2 1
1747197618612 544.5666666666667 1
1747197618628 544.9333333333333 1
1747197618646 545.3 1
1747197618663 545.6666666666666 1
1747197618679 546.0333333333333 1
1747197618697 546.4 1
1747197618714 546.7666666666667 1
1747197618730 547.1333333333333 1
1747197618747 547.5 1
1747197618763 547.8666666666667 1
1747197618780 548.2333333333333 1
1747197618796 548.6 1
1747197618813 548.9666666666667 1
1747197618830 549.3333333333334 1
1747197618847 549.7 1
1747197618863 550.0666666666667 1
1747197618879 550.4333333333333 1
1747197618897 550.8 1
1747197618914 551.1666666666666 1
1747197618930 551.5333333333333 1
1747197618947 551.9 1
1747197618963 552.2666666666667 1
1747197618980 552.6333333333333 1
1747197618996 553.0 1
1747197619013 553.3666666666667 1
1747197619031 553.7333333333333 1
1747197619047 554.1 1
1747197619065 554.4666666666667 1
1747197619083 554.8333333333334 1
1747197619100 555.2 1
1747197619117 555.5666666666667 1
1747197619133 555.9333333333333 1
1747197619151 556.3 1
1747197619166 556.6666666666666 1
1747197619183 557.0333333333333 1
1747197619200 557.4 1
1747197619217 557.7666666666667 1
1747197619235 558.1333333333333 1
1747197619251 558.5 1
1747197619267 558.8666666666667 1
1747197619285 559.2333333333333 1
1747197619303 559.6 1
1747197619320 559.9666666666667 1
1747197619337 560.3333333333334 1
1747197619353 560.7 1
1747197619371 561.0666666666667 1
1747197619388 561.4333333333333 1
1747197619404 561.8 1
1747197619420 562.1666666666666 1
1747197619437 562.5333333333333 1
1747197619454 562.9 1
1747197619471 563.2666666666667 1
1747197619489 563.6333333333333 1
1747197619504 564.0 1
1747197619521 564.3666666666667 1
1747197619538 564.7333333333333 1
1747197619555 565.1 1
1747197619571 565.4666666666667 1
1747197619587 565.8333333333334 1
1747197619604 566.2 1
1747197619621 566.5666666666667 1
1747197619637 566.9333333333333 1
1747197619654 567.3 1
1747197619671 567.6666666666666 1
1747197619688 568.0333333333333 1
1747197619704 568.4 1
1747197619722 568.7666666666667 1
1747197619738 569.1333333333333 1
1747197619755 569.5 1
1747197619772 569.8666666666667 1
1747197619788 570.2333333333333 1
1747197619805 570.6 1
1747197619823 570.9666666666667 1
1747197619838 571.3333333333334 1
1747197619855 571.7 1
1747197619871 572.0666666666667 1
1747197619889 572.4333333333333 1
1747197619905 572.8 1
1747197619923 573.1666666666666 1
1747197619938 573.5333333333333 1
1747197619956 573.9 1
1747197619972 574.2666666666667 1
1747197619989 574.6333333333333 1
1747197620005 575.0 1
1747197620021 575.3666666666667 1
1747197620038 575.7333333333333 1
1747197620055 576.1 1
1747197620072 576.4666666666667 1
1747197620089 576.8333333333334 1
1747197620105 577.2 1
1747197620122 577.5666666666667 1
1747197620140 577.9333333333333 1
1747197620156 578.3 1
1747197620172 578.6666666666666 1
1747197620188 579.0333333333333 1
1747197620206 579.4 1
1747197620222 579.7666666666667 1
1747197620240 580.1333333333333 1
1747197620256 580.5 1
1747197620272 580.8666666666667 1
1747197620289 581.2333333333333 1
1747197620307 581.6 1
1747197620330 581.9666666666667 1
1747197620343 582.3333333333334 1
1747197620358 582.7 1
1747197620374 583.0666666666667 1
1747197620392 583.4333333333333 1
1747197620409 583.8 1
1747197620427 584.1666666666666 1
1747197620444 584.5333333333333 1
1747197620462 584.9 1
1747197620477 585.2666666666667 1
1747197620494 585.6333333333333 1
1747197620510 586.0 1
1747197620525 586.3666666666667 1
1747197620542 586.7333333333333 1
1747197620559 587.1 1
1747197620576 587.4666666666667 1
1747197620593 587.8333333333334 1
1747197620611 588.2 1
1747197620627 588.5666666666667 1
1747197620646 588.9333333333333 1
1747197620663 589.3 1
1747197620680 589.6666666666666 1
1747197620696 590.0333333333333 1
1747197620712 590.4 1
1747197620728 590.7666666666667 1
1747197620746 591.1333333333333 1
1747197620763 591.5 1
1747197620781 591.8666666666667 1
1747197620797 592.2333333333333 1
1747197620813 592.6 1
1747197620830 592.9666666666667 1
1747197620847 593.3333333333334 1
1747197620863 593.7 1
1747197620880 594.0666666666667 1
1747197620898 594.4333333333333 1
1747197620915 594.8 1
1747197620931 595.1666666666666 1
1747197620948 595.5333333333333 1
1747197620964 595.9 1
1747197620980 596.2666666666667 1
1747197620998 596.6333333333333 1
1747197621015 597.0 1
1747197621032 597.3666666666667 1
1747197621049 597.7333333333333 1
1747197621065 598.1 1
1747197621083 598.4666666666667 1
1747197621100 598.8333333333334 1
1747197621117 599.2 1
1747197621134 599.5666666666667 1
1747197621151 599.9333333333333 1
1747197621168 600.3 1
1747197621186 600.6666666666666 1
1747197621206 601.0333333333333 1
1747197621222 601.4 1
1747197621238 601.7666666666667 1
1747197621255 602.1333333333333 1
1747197621276 602.5 1
1747197621293 602.8666666666667 1
1747197621310 603.2333333333333 1
1747197621327 603.6 1
1747197621344 603.9666666666667 1
1747197621360 604.3333333333334 1
1747197621376 604.7 1
1747197621394 605.0666666666667 1
1747197621410 605.4333333333333 1
1747197621426 605.8 1
1747197621443 606.1666666666666 1
1747197621460 606.5333333333333 1
1747197621475 606.9 1
1747197621493 607.2666666666667 1
1747197621508 607.6333333333333 1
1747197621525 608.0 1
1747197621543 608.3666666666667 1
1747197621558 608.7333333333333 1
1747197621575 609.1 1
1747197621592 609.4666666666667 1
1747197621608 609.8333333333334 1
1747197621626 610.2 1
1747197621643 610.5666666666667 1
1747197621660 610.9333333333333 1
1747197621675 611.3 1
1747197621692 611.6666666666666 1
1747197621708 612.0333333333333 1
1747197621726 612.4 1
1747197621744 612.7666666666667 1
1747197621761 613.1333333333333 1
1747197621777 613.5 1
1747197621793 613.8666666666667 1
1747197621809 614.2333333333333 1
1747197621826 614.6 1
1747197621842 614.9666666666667 1
1747197621858 615.3333333333334 1
1747197621874 615.7 1
1747197621891 616.0666666666667 1
1747197621907 616.4333333333333 1
1747197621924 616.8 1
1747197621943 617.1666666666666 1
1747197621958 617.5333333333333 1
1747197621975 617.9 1
1747197621992 618.2666666666667 1
1747197622010 618.6333333333333 1
1747197622025 619.0 1
1747197622042 619.3666666666667 1
1747197622058 619.7333333333333 1
1747197622076 620.1 1
1747197622093 620.4666666666667 1
1747197622108 620.8333333333334 1
1747197622125 621.2 1
1747197622142 621.5666666666667 1
1747197622158 621.9333333333333 1
1747197622175 622.3 1
1747197622191 622.6666666666666 1
1747197622208 623.0333333333333 1
1747197622224 623.4 1
1747197622242 623.7666666666667 1
1747197622257 624.1333333333333 1
1747197622274 624.5 1
1747197622290 624.8666666666667 1
1747197622308 625.2333333333333 1
1747197622324 625.6 1
1747197622340 625.9666666666667 1
1747197622355 626.3333333333334 1
1747197622372 626.7 1
1747197622389 627.0666666666667 1
1747197622405 627.4333333333333 1
1747197622422 627.8 1
1747197622438 628.1666666666666 1
1747197622455 628.5333333333333 1
1747197622472 628.9 1
1747197622488 629.2666666666667 1
1747197622503 629.6333333333333 1
1747197622521 630.0 1
1747197622536 630.3666666666667 1
1747197622553 630.7333333333333 1
1747197622571 631.1 1
1747197622587 631.4666666666667 1
1747197622603 631.8333333333334 1
1747197622630 632.2 1
1747197622642 632.5666666666667 1
1747197622660 632.9333333333333 1
1747197622675 633.3 1
1747197622692 633.6666666666666 1
1747197622707 634.0333333333333 1
1747197622726 634.4 1
1747197622742 634.7666666666667 1
1747197622759 635.1333333333333 1
1747197622775 635.5 1
1747197622793 635.8666666666667 1
1747197622809 636.2333333333333 1
1747197622826 636.6 1
1747197622843 636.9666666666667 1
1747197622859 637.3333333333334 1
1747197622875 637.7 1
1747197622891 638.0666666666667 1
1747197622908 638.4333333333333 1
1747197622925 638.8 1
1747197622942 639.1666666666666 1
1747197622960 639.5333333333333 1
1747197622975 639.9 1
1747197622993 640.2666666666667 1
1747197623010 640.6333333333333 1
1747197623027 641.0 1
1747197623042 641.3666666666667 1
1747197623068 641.7333333333333 1
1747197623083 642.1 1
1747197623099 642.4666666666667 1
1747197623116 642.8333333333334 1
1747197623132 643.2 1
1747197623149 643.5666666666667 1
1747197623166 643.9333333333333 1
1747197623182 644.3 1
1747197623200 644.6666666666666 1
1747197623215 645.0333333333333 1
1747197623232 645.4 1
1747197623248 645.7666666666667 1
1747197623266 646.1333333333333 1
1747197623284 646.5 1
1747197623299 646.8666666666667 1
1747197623317 647.2333333333333 1
1747197623333 647.6 1
1747197623351 647.9666666666667 1
1747197623366 648.3333333333334 1
1747197623382 648.7 1
1747197623399 649.0666666666667 1
1747197623416 649.4333333333333 1
1747197623433 649.8 1
1747197623451 650.1666666666666 1
1747197623467 650.5333333333333 1
1747197623485 650.9 1
1747197623501 651.2666666666667 1
1747197623516 651.6333333333333 1
1747197623532 652.0 1
1747197623548 652.3666666666667 1
1747197623566 652.7333333333333 1
1747197623583 653.1 1
1747197623600 653.4666666666667 1
1747197623616 653.8333333333334 1
1747197623632 654.2 1
1747197623649 654.5666666666667 1
1747197623666 654.9333333333333 1
1747197623683 655.3 1
1747197623700 655.6666666666666 1
1747197623716 656.0333333333333 1
1747197623734 656.4 1
1747197623751 656.7666666666667 1
1747197623767 657.1333333333333 1
1747197623785 657.5 1
1747197623800 657.8666666666667 1
1747197623818 658.2333333333333 1
1747197623834 658.6 1
1747197623850 658.9666666666667 1
1747197623865 659.3333333333334 1
1747197623881 659.7 1
1747197623899 660.0666666666667 1
1747197623916 660.4333333333333 1
1747197623933 660.8 1
1747197623948 661.1666666666666 1
1747197623965 661.5333333333333 1
1747197623981 661.9 1
1747197624003 662.2666666666667 1
1747197624014 662.6333333333333 1
1747197624032 663.0 1
1747197624048 663.3666666666667 1
1747197624067 663.7333333333333 1
1747197624083 664.1 1
1747197624099 664.4666666666667 1
1747197624116 664.8333333333334 1
1747197624132 665.2 1
1747197624150 665.5666666666667 1
1747197624165 665.9333333333333 1
1747197624182 666.3 1
1747197624198 666.6666666666666 1
1747197624215 667.0333333333333 1
1747197624231 667.4 1
1747197624247 667.7666666666667 1
