1747197614464 1.0 1
1747197614504 2.0 1
1747197614535 3.0 1
1747197614562 4.0 1
1747197614589 4.933333333333334 1
1747197614615 5.866666666666666 1
1747197614640 6.766666666666667 1
1747197614663 7.566666666666666 1
1747197614685 8.233333333333333 1
1747197614705 8.8 1
1747197614727 9.333333333333334 1
1747197614746 9.833333333333334 1
1747197614765 10.333333333333334 1
1747197614784 10.8 1
1747197614803 11.266666666666667 1
1747197614825 11.7 1
1747197614846 12.133333333333333 1
1747197614873 12.566666666666666 1
1747197614891 13.0 1
1747197614910 13.433333333333334 1
1747197614929 13.866666666666667 1
1747197614950 14.3 1
1747197614968 14.7 1
1747197614991 15.1 1
1747197615020 15.5 1
1747197615041 15.866666666666667 1
1747197615060 16.233333333333334 1
1747197615077 16.6 1
1747197615097 16.966666666666665 1
1747197615117 17.333333333333332 1
1747197615135 17.666666666666668 1
1747197615156 18.0 1
1747197615175 18.333333333333332 1
1747197615195 18.666666666666668 1
1747197615214 18.966666666666665 1
1747197615233 19.266666666666666 1
1747197615252 19.566666666666666 1
1747197615273 19.866666666666667 1
1747197615290 20.166666666666668 1
1747197615308 20.466666666666665 1
1747197615326 20.766666666666666 1
1747197615341 21.066666666666666 1
1747197615357 21.366666666666667 1
1747197615373 21.666666666666668 1
1747197615391 21.966666666666665 1
1747197615407 22.266666666666666 1
1747197615428 22.566666666666666 1
1747197615447 22.866666666666667 1
1747197615464 23.166666666666668 1
1747197615480 23.466666666666665 1
1747197615496 23.733333333333334 1
1747197615512 24.0 1
1747197615528 24.233333333333334 1
1747197615545 24.466666666666665 1
1747197615562 24.7 1
1747197615577 24.933333333333334 1
1747197615594 25.133333333333333 1
1747197615612 25.233333333333334 1
1747197615628 25.333333333333332 1
1747197615646 25.4 1
1747197615662 25.466666666666665 1
1747197615680 25.533333333333335 1
1747197615696 25.6 1
1747197615720 25.666666666666668 1
1747197615736 25.733333333333334 1
1747197615750 25.8 1
1747197615767 25.866666666666667 1
1747197615783 25.933333333333334 1
1747197615799 26.0 1
1747197615823 26.066666666666666 1
1747197615836 26.133333333333333 1
1747197615854 26.2 1
1747197615870 26.266666666666666 1
1747197615887 26.333333333333332 1
1747197615904 26.4 1
1747197615919 26.466666666666665 1
1747197615936 26.533333333333335 1
1747197615952 26.6 1
1747197615967 26.666666666666668 1
1747197615986 26.733333333333334 1
1747197616003 26.8 1
1747197616019 26.866666666666667 1
1747197616035 26.933333333333334 1
1747197616052 27.0 1
1747197616069 27.066666666666666 1
1747197616087 27.133333333333333 1
1747197616104 27.2 1
1747197616120 27.266666666666666 1
1747197616137 27.333333333333332 1
1747197616154 27.4 1
1747197616170 27.466666666666665 1
1747197616188 27.533333333333335 1
1747197616205 27.6 1
1747197616222 27.666666666666668 1
1747197616238 27.733333333333334 1
1747197616255 27.8 1
1747197616272 27.866666666666667 1
1747197616288 27.933333333333334 1
1747197616305 28.0 1
1747197616324 28.066666666666666 1
1747197616342 28.133333333333333 1
1747197616356 28.2 1
1747197616373 28.266666666666666 1
1747197616389 28.333333333333332 1
1747197616406 28.4 1
1747197616423 28.466666666666665 1
1747197616441 28.533333333333335 1
1747197616455 28.6 1
1747197616473 28.666666666666668 1
1747197616488 28.733333333333334 1
1747197616506 28.8 1
1747197616522 28.866666666666667 1
1747197616539 28.933333333333334 1
1747197616557 29.0 1
1747197616574 29.066666666666666 1
1747197616590 29.133333333333333 1
1747197616605 29.2 1
1747197616621 29.266666666666666 1
1747197616643 29.333333333333332 1
1747197616663 29.4 1
1747197616678 29.466666666666665 1
1747197616695 29.533333333333335 1
1747197616714 29.6 1
1747197616729 29.666666666666668 1
1747197616748 29.733333333333334 1
1747197616763 29.8 1
1747197616781 29.866666666666667 1
1747197616798 29.933333333333334 1
1747197616816 30.0 1
1747197616830 30.066666666666666 1
1747197616847 30.133333333333333 1
1747197616863 30.2 1
1747197616880 30.266666666666666 1
1747197616896 30.333333333333332 1
1747197616915 30.4 1
1747197616931 30.466666666666665 1
1747197616949 30.533333333333335 1
1747197616968 30.6 1
1747197616983 30.666666666666668 1
1747197617001 30.733333333333334 1
1747197617017 30.8 1
1747197617033 30.866666666666667 1
1747197617050 30.933333333333334 1
1747197617065 31.0 1
1747197617084 31.066666666666666 1
1747197617098 31.133333333333333 1
1747197617114 31.2 1
1747197617132 31.266666666666666 1
1747197617149 31.333333333333332 1
1747197617165 31.4 1
1747197617181 31.466666666666665 1
1747197617197 31.533333333333335 1
1747197617215 31.6 1
1747197617230 31.666666666666668 1
1747197617245 31.733333333333334 1
1747197617262 31.8 1
1747197617278 31.866666666666667 1
1747197617295 31.933333333333334 1
1747197617313 32.0 1
1747197617328 32.06666666666667 1
1747197617346 32.13333333333333 1
1747197617364 32.2 1
1747197617383 32.266666666666666 1
1747197617398 32.333333333333336 1
1747197617415 32.4 1
1747197617432 32.46666666666667 1
1747197617447 32.53333333333333 1
1747197617462 32.6 1
1747197617480 32.666666666666664 1
1747197617495 32.733333333333334 1
1747197617511 32.8 1
1747197617527 32.86666666666667 1
1747197617547 32.93333333333333 1
1747197617563 33.0 1
1747197617578 33.06666666666667 1
1747197617593 33.13333333333333 1
1747197617611 33.166666666666664 1
1747197617627 33.2 1
1747197617644 33.233333333333334 1
1747197617660 33.266666666666666 1
1747197617677 33.3 1
1747197617693 33.333333333333336 1
1747197617708 33.36666666666667 1
1747197617726 33.4 1
1747197617743 33.43333333333333 1
1747197617760 33.46666666666667 1
1747197617778 33.5 1
1747197617795 33.53333333333333 1
1747197617812 33.56666666666667 1
1747197617828 33.6 1
1747197617844 33.63333333333333 1
1747197617861 33.666666666666664 1
1747197617878 33.7 1
1747197617895 33.733333333333334 1
1747197617911 33.766666666666666 1
1747197617927 33.8 1
1747197617943 33.833333333333336 1
1747197617960 33.86666666666667 1
1747197617975 33.9 1
1747197617991 33.93333333333333 1
1747197618008 33.96666666666667 1
1747197618025 34.0 1
1747197618041 34.03333333333333 1
1747197618058 34.06666666666667 1
1747197618075 34.1 1
1747197618091 34.13333333333333 1
1747197618108 34.166666666666664 1
1747197618124 34.2 1
1747197618141 34.233333333333334 1
1747197618158 34.266666666666666 1
1747197618175 34.3 1
1747197618192 34.333333333333336 1
1747197618208 34.36666666666667 1
1747197618224 34.4 1
1747197618242 34.43333333333333 1
1747197618258 34.46666666666667 1
1747197618274 34.5 1
1747197618290 34.53333333333333 1
1747197618308 34.56666666666667 1
1747197618324 34.6 1
1747197618342 34.63333333333333 1
1747197618357 34.666666666666664 1
1747197618375 34.7 1
1747197618391 34.733333333333334 1
1747197618408 34.766666666666666 1
1747197618425 34.8 1
1747197618441 34.833333333333336 1
1747197618458 34.86666666666667 1
1747197618474 34.9 1
1747197618491 34.93333333333333 1
1747197618507 34.96666666666667 1
1747197618525 35.0 1
1747197618552 35.03333333333333 1
1747197618565 35.06666666666667 1
1747197618581 35.1 1
1747197618597 35.13333333333333 1
1747197618614 35.166666666666664 1
1747197618632 35.2 1
1747197618649 35.233333333333334 1
1747197618666 35.266666666666666 1
1747197618682 35.3 1
1747197618699 35.333333333333336 1
1747197618718 35.36666666666667 1
1747197618733 35.4 1
1747197618749 35.43333333333333 1
1747197618766 35.46666666666667 1
1747197618784 35.5 1
1747197618800 35.53333333333333 1
1747197618816 35.56666666666667 1
1747197618833 35.6 1
1747197618850 35.63333333333333 1
1747197618866 35.666666666666664 1
1747197618882 35.7 1
1747197618900 35.733333333333334 1
1747197618917 35.766666666666666 1
1747197618933 35.8 1
1747197618949 35.833333333333336 1
1747197618966 35.86666666666667 1
1747197618984 35.9 1
1747197618998 35.93333333333333 1
1747197619016 35.96666666666667 1
1747197619033 36.0 1
1747197619050 36.03333333333333 1
1747197619068 36.06666666666667 1
1747197619085 36.1 1
1747197619103 36.13333333333333 1
1747197619120 36.166666666666664 1
1747197619136 36.2 1
1747197619153 36.233333333333334 1
1747197619168 36.266666666666666 1
1747197619185 36.3 1
1747197619202 36.333333333333336 1
1747197619220 36.36666666666667 1
1747197619237 36.4 1
1747197619253 36.43333333333333 1
1747197619270 36.46666666666667 1
1747197619288 36.5 1
1747197619305 36.53333333333333 1
1747197619322 36.56666666666667 1
1747197619338 36.6 1
1747197619356 36.63333333333333 1
1747197619373 36.666666666666664 1
1747197619390 36.7 1
1747197619406 36.733333333333334 1
1747197619422 36.766666666666666 1
1747197619440 36.8 1
1747197619457 36.833333333333336 1
1747197619474 36.86666666666667 1
1747197619491 36.9 1
1747197619506 36.93333333333333 1
1747197619524 36.96666666666667 1
1747197619540 37.0 1
1747197619558 37.03333333333333 1
1747197619574 37.06666666666667 1
1747197619590 37.1 1
1747197619607 37.13333333333333 1
1747197619623 37.166666666666664 1
1747197619640 37.2 1
1747197619657 37.233333333333334 1
1747197619674 37.266666666666666 1
1747197619692 37.3 1
1747197619707 37.333333333333336 1
1747197619725 37.36666666666667 1
1747197619741 37.4 1
1747197619758 37.43333333333333 1
1747197619775 37.46666666666667 1
1747197619791 37.5 1
1747197619807 37.53333333333333 1
1747197619826 37.56666666666667 1
1747197619841 37.6 1
1747197619857 37.63333333333333 1
1747197619874 37.666666666666664 1
1747197619891 37.7 1
1747197619908 37.733333333333334 1
1747197619925 37.766666666666666 1
1747197619942 37.8 1
1747197619958 37.833333333333336 1
1747197619975 37.86666666666667 1
1747197619992 37.9 1
1747197620008 37.93333333333333 1
1747197620024 37.96666666666667 1
1747197620040 38.0 1
1747197620058 38.03333333333333 1
1747197620075 38.06666666666667 1
1747197620091 38.1 1
1747197620107 38.13333333333333 1
1747197620124 38.166666666666664 1
1747197620143 38.2 1
1747197620158 38.233333333333334 1
1747197620175 38.266666666666666 1
1747197620192 38.3 1
1747197620208 38.333333333333336 1
1747197620225 38.36666666666667 1
1747197620242 38.4 1
1747197620259 38.43333333333333 1
1747197620274 38.46666666666667 1
1747197620291 38.5 1
1747197620309 38.53333333333333 1
1747197620333 38.56666666666667 1
1747197620346 38.6 1
1747197620362 38.63333333333333 1
1747197620377 38.666666666666664 1
1747197620395 38.7 1
1747197620412 38.733333333333334 1
1747197620429 38.766666666666666 1
1747197620446 38.8 1
1747197620465 38.833333333333336 1
1747197620480 38.86666666666667 1
1747197620497 38.9 1
1747197620513 38.93333333333333 1
1747197620528 38.96666666666667 1
1747197620545 39.0 1
1747197620562 39.03333333333333 1
1747197620580 39.06666666666667 1
1747197620596 39.1 1
1747197620614 39.13333333333333 1
1747197620630 39.166666666666664 1
1747197620648 39.2 1
1747197620666 39.233333333333334 1
1747197620682 39.266666666666666 1
1747197620698 39.3 1
1747197620715 39.333333333333336 1
1747197620731 39.36666666666667 1
1747197620748 39.4 1
1747197620765 39.43333333333333 1
1747197620783 39.46666666666667 1
1747197620800 39.5 1
1747197620817 39.53333333333333 1
1747197620832 39.56666666666667 1
1747197620849 39.6 1
1747197620865 39.63333333333333 1
1747197620883 39.666666666666664 1
1747197620902 39.7 1
1747197620918 39.733333333333334 1
1747197620933 39.766666666666666 1
1747197620950 39.8 1
1747197620967 39.833333333333336 1
1747197620983 39.86666666666667 1
1747197621001 39.9 1
1747197621017 39.93333333333333 1
1747197621035 39.96666666666667 1
1747197621052 40.0 1
1747197621068 40.03333333333333 1
1747197621086 40.06666666666667 1
1747197621102 40.1 1
1747197621121 40.13333333333333 1
1747197621137 40.166666666666664 1
1747197621153 40.2 1
1747197621170 40.233333333333334 1
1747197621191 40.266666666666666 1
1747197621210 40.3 1
1747197621225 40.333333333333336 1
1747197621240 40.36666666666667 1
1747197621257 40.4 1
1747197621279 40.43333333333333 1
1747197621296 40.46666666666667 1
1747197621313 40.5 1
1747197621331 40.53333333333333 1
1747197621347 40.56666666666667 1
1747197621363 40.6 1
1747197621378 40.63333333333333 1
1747197621397 40.666666666666664 1
1747197621413 40.7 1
1747197621430 40.733333333333334 1
1747197621446 40.766666666666666 1
1747197621463 40.8 1
1747197621478 40.833333333333336 1
1747197621496 40.86666666666667 1
1747197621512 40.9 1
1747197621528 40.93333333333333 1
1747197621545 40.96666666666667 1
1747197621561 41.0 1
1747197621577 41.03333333333333 1
1747197621595 41.06666666666667 1
1747197621611 41.1 1
1747197621628 41.13333333333333 1
1747197621646 41.166666666666664 1
1747197621663 41.2 1
1747197621678 41.233333333333334 1
1747197621695 41.266666666666666 1
1747197621712 41.3 1
1747197621728 41.333333333333336 1
1747197621747 41.36666666666667 1
1747197621764 41.4 1
1747197621779 41.43333333333333 1
1747197621795 41.46666666666667 1
1747197621811 41.5 1
1747197621828 41.53333333333333 1
1747197621844 41.56666666666667 1
1747197621861 41.6 1
1747197621877 41.63333333333333 1
1747197621894 41.666666666666664 1
1747197621910 41.7 1
1747197621927 41.733333333333334 1
1747197621945 41.766666666666666 1
1747197621961 41.8 1
1747197621977 41.833333333333336 1
1747197621996 41.86666666666667 1
1747197622013 41.9 1
1747197622028 41.93333333333333 1
1747197622045 41.96666666666667 1
1747197622061 42.0 1
1747197622079 42.03333333333333 1
1747197622096 42.06666666666667 1
1747197622112 42.1 1
1747197622128 42.13333333333333 1
1747197622145 42.166666666666664 1
1747197622162 42.2 1
1747197622178 42.233333333333334 1
1747197622194 42.266666666666666 1
1747197622211 42.3 1
1747197622227 42.333333333333336 1
1747197622245 42.36666666666667 1
1747197622260 42.4 1
1747197622277 42.43333333333333 1
1747197622293 42.46666666666667 1
1747197622310 42.5 1
1747197622326 42.53333333333333 1
1747197622342 42.56666666666667 1
1747197622358 42.6 1
1747197622375 42.63333333333333 1
1747197622391 42.666666666666664 1
1747197622408 42.7 1
1747197622425 42.733333333333334 1
1747197622441 42.766666666666666 1
1747197622457 42.8 1
1747197622474 42.833333333333336 1
1747197622490 42.86666666666667 1
1747197622506 42.9 1
1747197622524 42.93333333333333 1
1747197622538 42.96666666666667 1
1747197622555 43.0 1
1747197622573 43.03333333333333 1
1747197622590 43.06666666666667 1
1747197622606 43.1 1
1747197622633 43.13333333333333 1
1747197622645 43.166666666666664 1
1747197622663 43.2 1
1747197622678 43.233333333333334 1
1747197622695 43.266666666666666 1
1747197622711 43.3 1
1747197622728 43.333333333333336 1
1747197622746 43.36666666666667 1
1747197622762 43.4 1
1747197622778 43.43333333333333 1
1747197622795 43.46666666666667 1
1747197622811 43.5 1
1747197622829 43.53333333333333 1
1747197622846 43.56666666666667 1
1747197622862 43.6 1
1747197622878 43.63333333333333 1
1747197622894 43.666666666666664 1
1747197622911 43.7 1
1747197622928 43.733333333333334 1
1747197622945 43.766666666666666 1
1747197622963 43.8 1
1747197622978 43.833333333333336 1
1747197622996 43.86666666666667 1
1747197623013 43.9 1
1747197623029 43.93333333333333 1
1747197623045 43.96666666666667 1
1747197623072 44.0 1
1747197623086 44.03333333333333 1
1747197623102 44.06666666666667 1
1747197623118 44.1 1
1747197623134 44.13333333333333 1
1747197623152 44.166666666666664 1
1747197623170 44.2 1
1747197623185 44.233333333333334 1
1747197623202 44.266666666666666 1
1747197623218 44.3 1
1747197623235 44.333333333333336 1
1747197623252 44.36666666666667 1
1747197623269 44.4 1
1747197623286 44.43333333333333 1
1747197623302 44.46666666666667 1
1747197623320 44.5 1
1747197623335 44.53333333333333 1
1747197623354 44.56666666666667 1
1747197623368 44.6 1
1747197623385 44.63333333333333 1
1747197623401 44.666666666666664 1
1747197623418 44.7 1
1747197623436 44.733333333333334 1
1747197623454 44.766666666666666 1
1747197623469 44.8 1
1747197623487 44.833333333333336 1
1747197623505 44.86666666666667 1
1747197623519 44.9 1
1747197623535 44.93333333333333 1
1747197623551 44.96666666666667 1
1747197623569 45.0 1
1747197623586 45.03333333333333 1
1747197623603 45.06666666666667 1
1747197623620 45.1 1
1747197623635 45.13333333333333 1
1747197623651 45.166666666666664 1
1747197623669 45.2 1
1747197623686 45.233333333333334 1
1747197623703 45.266666666666666 1
1747197623718 45.3 1
1747197623737 45.333333333333336 1
1747197623754 45.36666666666667 1
1747197623770 45.4 1
1747197623788 45.43333333333333 1
1747197623803 45.46666666666667 1
1747197623821 45.5 1
1747197623836 45.53333333333333 1
1747197623853 45.56666666666667 1
1747197623868 45.6 1
1747197623884 45.63333333333333 1
1747197623903 45.666666666666664 1
1747197623919 45.7 1
1747197623935 45.733333333333334 1
1747197623951 45.766666666666666 1
1747197623967 45.8 1
1747197623984 45.833333333333336 1
1747197624005 45.86666666666667 1
1747197624017 45.9 1
1747197624035 45.93333333333333 1
1747197624051 45.96666666666667 1
1747197624069 46.0 1
1747197624085 46.03333333333333 1
1747197624102 46.06666666666667 1
1747197624118 46.1 1
1747197624135 46.13333333333333 1
1747197624153 46.166666666666664 1
1747197624168 46.2 1
1747197624185 46.233333333333334 1
1747197624201 46.266666666666666 1
1747197624218 46.3 1
1747197624234 46.333333333333336 1
1747197624253 46.36666666666667 1
