1747197614451 1.0 1
1747197614491 2.0 1
1747197614525 3.0 1
1747197614555 4.0 1
1747197614582 5.0 1
1747197614607 6.0 1
1747197614633 7.0 1
1747197614656 8.0 1
1747197614677 9.0 1
1747197614698 10.0 1
1747197614721 11.0 1
1747197614740 12.0 1
1747197614757 13.0 1
1747197614777 14.0 1
1747197614795 15.0 1
1747197614818 16.0 1
1747197614838 17.0 1
1747197614857 18.0 1
1747197614885 19.0 1
1747197614902 20.0 1
1747197614922 21.0 1
1747197614942 22.0 1
1747197614961 23.0 1
1747197614983 24.0 1
1747197615013 25.0 1
1747197615034 26.0 1
1747197615053 27.0 1
1747197615070 28.0 1
1747197615088 29.0 1
1747197615108 30.0 1
1747197615128 31.0 1
1747197615147 32.0 1
1747197615167 33.0 1
1747197615188 34.0 1
1747197615206 35.0 1
1747197615224 36.0 1
1747197615243 37.0 1
1747197615263 38.0 1
1747197615284 39.0 1
1747197615301 40.0 1
1747197615319 41.0 1
1747197615334 42.0 1
1747197615350 43.0 1
1747197615367 44.0 1
1747197615383 45.0 1
1747197615401 46.0 1
1747197615418 47.0 1
1747197615440 48.0 1
1747197615456 49.0 1
1747197615473 50.0 1
1747197615490 51.0 1
1747197615505 52.0 1
1747197615522 53.0 1
1747197615539 54.0 1
1747197615555 55.0 1
1747197615570 56.0 1
1747197615587 57.0 1
1747197615605 58.0 1
1747197615621 59.0 1
1747197615639 60.0 1
1747197615656 61.0 1
1747197615673 62.0 1
1747197615690 63.0 1
1747197615708 64.0 1
1747197615727 65.0 1
1747197615742 66.0 1
1747197615760 67.0 1
1747197615776 68.0 1
1747197615791 69.0 1
1747197615807 70.0 1
1747197615830 71.0 1
1747197615848 72.0 1
1747197615864 73.0 1
1747197615880 74.0 1
1747197615896 75.0 1
1747197615913 76.0 1
1747197615928 77.0 1
1747197615945 78.0 1
1747197615961 79.0 1
1747197615979 80.0 1
1747197615996 81.0 1
1747197616013 82.0 1
1747197616029 83.0 1
1747197616046 84.0 1
1747197616063 85.0 1
1747197616080 86.0 1
1747197616097 87.0 1
1747197616114 88.0 1
1747197616130 89.0 1
1747197616147 90.0 1
1747197616164 91.0 1
1747197616182 92.0 1
1747197616198 93.0 1
1747197616215 94.0 1
1747197616232 95.0 1
1747197616249 96.0 1
1747197616265 97.0 1
1747197616282 98.0 1
1747197616299 99.0 1
1747197616316 100.0 1
1747197616333 101.0 1
1747197616350 102.0 1
1747197616367 103.0 1
1747197616383 104.0 1
1747197616399 105.0 1
1747197616416 106.0 1
1747197616432 107.0 1
1747197616449 108.0 1
1747197616466 109.0 1
1747197616482 110.0 1
1747197616499 111.0 1
1747197616516 112.0 1
1747197616533 113.0 1
1747197616549 114.0 1
1747197616567 115.0 1
1747197616583 116.0 1
1747197616599 117.0 1
1747197616615 118.0 1
1747197616631 119.0 1
1747197616656 120.0 1
1747197616672 121.0 1
1747197616688 122.0 1
1747197616706 123.0 1
1747197616723 124.0 1
1747197616740 125.0 1
1747197616756 126.0 1
1747197616774 127.0 1
1747197616790 128.0 1
1747197616807 129.0 1
1747197616823 130.0 1
1747197616839 131.0 1
1747197616857 132.0 1
1747197616873 133.0 1
1747197616890 134.0 1
1747197616906 135.0 1
1747197616924 136.0 1
1747197616941 137.0 1
1747197616958 138.0 1
1747197616975 139.0 1
1747197616993 140.0 1
1747197617008 141.0 1
1747197617025 142.0 1
1747197617042 143.0 1
1747197617057 144.0 1
1747197617075 145.0 1
1747197617091 146.0 1
1747197617107 147.0 1
1747197617123 148.0 1
1747197617140 149.0 1
1747197617157 150.0 1
1747197617173 151.0 1
1747197617190 152.0 1
1747197617207 153.0 1
1747197617223 154.0 1
1747197617239 155.0 1
1747197617256 156.0 1
1747197617272 157.0 1
1747197617289 158.0 1
1747197617305 159.0 1
1747197617322 160.0 1
1747197617339 161.0 1
1747197617355 162.0 1
1747197617373 163.0 1
1747197617391 164.0 1
1747197617407 165.0 1
1747197617423 166.0 1
1747197617440 167.0 1
1747197617456 168.0 1
1747197617473 169.0 1
1747197617488 170.0 1
1747197617505 171.0 1
1747197617521 172.0 1
1747197617538 173.0 1
1747197617556 174.0 1
1747197617571 175.0 1
1747197617588 176.0 1
1747197617605 177.0 1
1747197617621 178.0 1
1747197617638 179.0 1
1747197617654 180.0 1
1747197617670 181.0 1
1747197617686 182.0 1
1747197617702 183.0 1
1747197617720 184.0 1
1747197617737 185.0 1
1747197617754 186.0 1
1747197617772 187.0 1
1747197617788 188.0 1
1747197617805 189.0 1
1747197617822 190.0 1
1747197617838 191.0 1
1747197617855 192.0 1
1747197617872 193.0 1
1747197617888 194.0 1
1747197617904 195.0 1
1747197617920 196.0 1
1747197617936 197.0 1
1747197617953 198.0 1
1747197617969 199.0 1
1747197617986 200.0 1
1747197618003 201.0 1
1747197618018 202.0 1
1747197618036 203.0 1
1747197618052 204.0 1
1747197618069 205.0 1
1747197618086 206.0 1
1747197618103 207.0 1
1747197618119 208.0 1
1747197618136 209.0 1
1747197618152 210.0 1
1747197618168 211.0 1
1747197618186 212.0 1
1747197618202 213.0 1
1747197618218 214.0 1
1747197618235 215.0 1
1747197618251 216.0 1
1747197618268 217.0 1
1747197618285 218.0 1
1747197618302 219.0 1
1747197618318 220.0 1
1747197618335 221.0 1
1747197618351 222.0 1
1747197618369 223.0 1
1747197618386 224.0 1
1747197618403 225.0 1
1747197618419 226.0 1
1747197618435 227.0 1
1747197618451 228.0 1
1747197618467 229.0 1
1747197618483 230.0 1
1747197618500 231.0 1
1747197618517 232.0 1
1747197618534 233.0 1
1747197618558 234.0 1
1747197618575 235.0 1
1747197618591 236.0 1
1747197618608 237.0 1
1747197618625 238.0 1
1747197618643 239.0 1
1747197618660 240.0 1
1747197618676 241.0 1
1747197618693 242.0 1
1747197618708 243.0 1
1747197618726 244.0 1
1747197618743 245.0 1
1747197618759 246.0 1
1747197618777 247.0 1
1747197618793 248.0 1
1747197618808 249.0 1
1747197618826 250.0 1
1747197618843 251.0 1
1747197618858 252.0 1
1747197618876 253.0 1
1747197618893 254.0 1
1747197618910 255.0 1
1747197618925 256.0 1
1747197618943 257.0 1
1747197618959 258.0 1
1747197618977 259.0 1
1747197618992 260.0 1
1747197619010 261.0 1
1747197619027 262.0 1
1747197619042 263.0 1
1747197619062 264.0 1
1747197619078 265.0 1
1747197619096 266.0 1
1747197619113 267.0 1
1747197619130 268.0 1
1747197619146 269.0 1
1747197619163 270.0 1
1747197619179 271.0 1
1747197619197 272.0 1
1747197619214 273.0 1
1747197619231 274.0 1
1747197619248 275.0 1
1747197619264 276.0 1
1747197619282 277.0 1
1747197619298 278.0 1
1747197619316 279.0 1
1747197619333 280.0 1
1747197619350 281.0 1
1747197619367 282.0 1
1747197619384 283.0 1
1747197619400 284.0 1
1747197619417 285.0 1
1747197619434 286.0 1
1747197619451 287.0 1
1747197619468 288.0 1
1747197619485 289.0 1
1747197619501 290.0 1
1747197619518 291.0 1
1747197619535 292.0 1
1747197619552 293.0 1
1747197619567 294.0 1
1747197619583 295.0 1
1747197619600 296.0 1
1747197619617 297.0 1
1747197619634 298.0 1
1747197619651 299.0 1
1747197619668 300.0 1
1747197619685 301.0 1
1747197619701 302.0 1
1747197619719 303.0 1
1747197619735 304.0 1
1747197619752 305.0 1
1747197619768 306.0 1
1747197619785 307.0 1
1747197619801 308.0 1
1747197619818 309.0 1
1747197619834 310.0 1
1747197619851 311.0 1
1747197619868 312.0 1
1747197619885 313.0 1
1747197619901 314.0 1
1747197619918 315.0 1
1747197619935 316.0 1
1747197619952 317.0 1
1747197619969 318.0 1
1747197619985 319.0 1
1747197620001 320.0 1
1747197620018 321.0 1
1747197620035 322.0 1
1747197620051 323.0 1
1747197620069 324.0 1
1747197620085 325.0 1
1747197620102 326.0 1
1747197620118 327.0 1
1747197620136 328.0 1
1747197620153 329.0 1
1747197620169 330.0 1
1747197620185 331.0 1
1747197620203 332.0 1
1747197620219 333.0 1
1747197620236 334.0 1
1747197620253 335.0 1
1747197620268 336.0 1
1747197620286 337.0 1
1747197620303 338.0 1
1747197620326 339.0 1
1747197620338 340.0 1
1747197620355 341.0 1
1747197620370 342.0 1
1747197620388 343.0 1
1747197620405 344.0 1
1747197620423 345.0 1
1747197620439 346.0 1
1747197620456 347.0 1
1747197620473 348.0 1
1747197620490 349.0 1
1747197620505 350.0 1
1747197620522 351.0 1
1747197620538 352.0 1
1747197620556 353.0 1
1747197620573 354.0 1
1747197620589 355.0 1
1747197620605 356.0 1
1747197620623 357.0 1
1747197620642 358.0 1
1747197620658 359.0 1
1747197620675 360.0 1
1747197620691 361.0 1
1747197620707 362.0 1
1747197620724 363.0 1
1747197620742 364.0 1
1747197620759 365.0 1
1747197620776 366.0 1
1747197620793 367.0 1
1747197620808 368.0 1
1747197620826 369.0 1
1747197620843 370.0 1
1747197620859 371.0 1
1747197620877 372.0 1
1747197620894 373.0 1
1747197620910 374.0 1
1747197620927 375.0 1
1747197620944 376.0 1
1747197620960 377.0 1
1747197620976 378.0 1
1747197620993 379.0 1
1747197621010 380.0 1
1747197621028 381.0 1
1747197621045 382.0 1
1747197621061 383.0 1
1747197621079 384.0 1
1747197621096 385.0 1
1747197621113 386.0 1
1747197621130 387.0 1
1747197621147 388.0 1
1747197621164 389.0 1
1747197621180 390.0 1
1747197621200 391.0 1
1747197621217 392.0 1
1747197621234 393.0 1
1747197621251 394.0 1
1747197621272 395.0 1
1747197621289 396.0 1
1747197621307 397.0 1
1747197621324 398.0 1
1747197621340 399.0 1
1747197621356 400.0 1
1747197621372 401.0 1
1747197621390 402.0 1
1747197621407 403.0 1
1747197621423 404.0 1
1747197621438 405.0 1
1747197621455 406.0 1
1747197621471 407.0 1
1747197621488 408.0 1
1747197621506 409.0 1
1747197621522 410.0 1
1747197621538 411.0 1
1747197621555 412.0 1
1747197621571 413.0 1
1747197621589 414.0 1
1747197621605 415.0 1
1747197621623 416.0 1
1747197621640 417.0 1
1747197621656 418.0 1
1747197621672 419.0 1
1747197621688 420.0 1
1747197621704 421.0 1
1747197621721 422.0 1
1747197621738 423.0 1
1747197621756 424.0 1
1747197621773 425.0 1
1747197621788 426.0 1
1747197621805 427.0 1
1747197621822 428.0 1
1747197621838 429.0 1
1747197621854 430.0 1
1747197621870 431.0 1
1747197621888 432.0 1
1747197621904 433.0 1
1747197621921 434.0 1
1747197621938 435.0 1
1747197621955 436.0 1
1747197621971 437.0 1
1747197621989 438.0 1
1747197622006 439.0 1
1747197622022 440.0 1
1747197622039 441.0 1
1747197622055 442.0 1
1747197622072 443.0 1
1747197622088 444.0 1
1747197622105 445.0 1
1747197622121 446.0 1
1747197622139 447.0 1
1747197622155 448.0 1
1747197622171 449.0 1
1747197622188 450.0 1
1747197622205 451.0 1
1747197622221 452.0 1
1747197622238 453.0 1
1747197622253 454.0 1
1747197622270 455.0 1
1747197622285 456.0 1
1747197622304 457.0 1
1747197622320 458.0 1
1747197622336 459.0 1
1747197622352 460.0 1
1747197622369 461.0 1
1747197622386 462.0 1
1747197622402 463.0 1
1747197622419 464.0 1
1747197622435 465.0 1
1747197622451 466.0 1
1747197622468 467.0 1
1747197622484 468.0 1
1747197622500 469.0 1
1747197622517 470.0 1
1747197622533 471.0 1
1747197622550 472.0 1
1747197622566 473.0 1
1747197622583 474.0 1
1747197622600 475.0 1
1747197622626 476.0 1
1747197622638 477.0 1
1747197622655 478.0 1
1747197622672 479.0 1
1747197622688 480.0 1
1747197622704 481.0 1
1747197622721 482.0 1
1747197622738 483.0 1
1747197622756 484.0 1
1747197622772 485.0 1
1747197622788 486.0 1
1747197622806 487.0 1
1747197622822 488.0 1
1747197622838 489.0 1
1747197622856 490.0 1
1747197622872 491.0 1
1747197622888 492.0 1
1747197622904 493.0 1
1747197622921 494.0 1
1747197622939 495.0 1
1747197622956 496.0 1
1747197622971 497.0 1
1747197622988 498.0 1
1747197623006 499.0 1
1747197623023 500.0 1
1747197623038 501.0 1
1747197623061 502.0 1
1747197623078 503.0 1
1747197623095 504.0 1
1747197623111 505.0 1
1747197623127 506.0 1
1747197623145 507.0 1
1747197623162 508.0 1
1747197623178 509.0 1
1747197623195 510.0 1
1747197623211 511.0 1
1747197623228 512.0 1
1747197623245 513.0 1
1747197623262 514.0 1
1747197623278 515.0 1
1747197623295 516.0 1
1747197623311 517.0 1
1747197623328 518.0 1
1747197623345 519.0 1
1747197623361 520.0 1
1747197623379 521.0 1
1747197623395 522.0 1
1747197623412 523.0 1
1747197623429 524.0 1
1747197623446 525.0 1
1747197623463 526.0 1
1747197623478 527.0 1
1747197623495 528.0 1
1747197623510 529.0 1
1747197623527 530.0 1
1747197623543 531.0 1
1747197623562 532.0 1
1747197623578 533.0 1
1747197623594 534.0 1
1747197623612 535.0 1
1747197623629 536.0 1
1747197623645 537.0 1
1747197623662 538.0 1
1747197623679 539.0 1
1747197623696 540.0 1
1747197623712 541.0 1
1747197623730 542.0 1
1747197623747 543.0 1
1747197623763 544.0 1
1747197623781 545.0 1
1747197623796 546.0 1
1747197623813 547.0 1
1747197623830 548.0 1
1747197623845 549.0 1
1747197623860 550.0 1
1747197623878 551.0 1
1747197623895 552.0 1
1747197623911 553.0 1
1747197623928 554.0 1
1747197623944 555.0 1
1747197623960 556.0 1
1747197623976 557.0 1
1747197623999 558.0 1
1747197624011 559.0 1
1747197624028 560.0 1
1747197624044 561.0 1
1747197624061 562.0 1
1747197624078 563.0 1
1747197624094 564.0 1
1747197624111 565.0 1
1747197624128 566.0 1
1747197624144 567.0 1
1747197624161 568.0 1
1747197624178 569.0 1
1747197624194 570.0 1
1747197624210 571.0 1
1747197624227 572.0 1
1747197624243 573.0 1
