1747197614455 0.36666666666666664 1
1747197614495 1.1666666666666667 1
1747197614529 2.466666666666667 1
1747197614559 4.333333333333334 1
1747197614585 6.833333333333334 1
1747197614610 10.033333333333335 1
1747197614636 14.000000000000002 1
1747197614659 18.8 1
1747197614681 24.5 1
1747197614701 31.166666666666668 1
1747197614723 38.86666666666667 1
1747197614742 47.66666666666667 1
1747197614761 57.63333333333334 1
1747197614780 68.83333333333334 1
1747197614798 81.33333333333334 1
1747197614821 95.20000000000002 1
1747197614840 110.50000000000001 1
1747197614869 127.30000000000001 1
1747197614888 145.60000000000002 1
1747197614905 165.40000000000003 1
1747197614925 186.70000000000005 1
1747197614945 209.50000000000006 1
1747197614964 233.86666666666673 1
1747197614987 259.86666666666673 1
1747197615016 287.50000000000006 1
1747197615037 316.83333333333337 1
1747197615055 347.86666666666673 1
1747197615073 380.66666666666674 1
1747197615091 415.2333333333334 1
1747197615111 451.5666666666667 1
1747197615131 489.66666666666674 1
1747197615151 529.5333333333334 1
1747197615170 571.1666666666667 1
1747197615191 614.5666666666667 1
1747197615209 659.7333333333333 1
1747197615228 706.7333333333333 1
1747197615246 755.5666666666667 1
1747197615267 806.2333333333333 1
1747197615287 858.8000000000001 1
1747197615304 913.3333333333334 1
1747197615321 969.8333333333334 1
1747197615337 1028.3666666666668 1
1747197615353 1088.9333333333334 1
1747197615369 1151.6000000000001 1
1747197615386 1216.3666666666668 1
1747197615403 1283.2333333333333 1
1747197615422 1352.2 1
1747197615443 1423.3333333333335 1
1747197615458 1496.7 1
1747197615476 1572.3666666666668 1
1747197615492 1646.6666666666663 1
1747197615508 1727.5999999999997 1
1747197615524 1811.0999999999997 1
1747197615541 1897.2333333333331 1
1747197615557 1985.9999999999998 1
1747197615573 2077.3999999999996 1
1747197615590 2171.433333333333 1
1747197615607 2268.0999999999995 1
1747197615624 2367.3999999999996 1
1747197615642 2367.3999999999996 1
1747197615658 2367.3999999999996 1
1747197615675 2367.3999999999996 1
1747197615692 2367.3999999999996 1
1747197615714 2367.3999999999996 1
1747197615732 2367.3999999999996 1
1747197615745 2367.3999999999996 1
1747197615763 2367.3999999999996 1
1747197615778 2367.3999999999996 1
1747197615794 2367.3999999999996 1
1747197615810 2367.3999999999996 1
1747197615833 2367.3999999999996 1
1747197615850 2367.3999999999996 1
1747197615867 2367.3999999999996 1
1747197615883 2367.3999999999996 1
1747197615900 2367.3999999999996 1
1747197615915 2367.3999999999996 1
1747197615932 2367.3999999999996 1
1747197615948 2367.3999999999996 1
1747197615964 2367.3999999999996 1
1747197615982 2367.3999999999996 1
1747197615998 2367.3999999999996 1
1747197616015 2367.3999999999996 1
1747197616031 2367.3999999999996 1
1747197616049 2367.3999999999996 1
1747197616065 2367.3999999999996 1
1747197616083 2367.3999999999996 1
1747197616099 2367.3999999999996 1
1747197616116 2367.3999999999996 1
1747197616133 2367.3999999999996 1
1747197616150 2367.3999999999996 1
1747197616166 2367.3999999999996 1
1747197616184 2367.3999999999996 1
1747197616201 2367.3999999999996 1
1747197616218 2367.3999999999996 1
1747197616235 2367.3999999999996 1
1747197616251 2367.3999999999996 1
1747197616268 2367.3999999999996 1
1747197616285 2367.3999999999996 1
1747197616301 2367.3999999999996 1
1747197616320 2367.3999999999996 1
1747197616336 2367.3999999999996 1
1747197616352 2367.3999999999996 1
1747197616370 2367.3999999999996 1
1747197616385 2367.3999999999996 1
1747197616402 2367.3999999999996 1
1747197616418 2367.3999999999996 1
1747197616436 2367.3999999999996 1
1747197616451 2367.3999999999996 1
1747197616469 2367.3999999999996 1
1747197616485 2367.3999999999996 1
1747197616502 2367.3999999999996 1
1747197616518 2367.3999999999996 1
1747197616535 2367.3999999999996 1
1747197616553 2403.5 1
1747197616570 2445.6666666666665 1
1747197616585 2488.2 1
1747197616601 2531.1 1
1747197616618 2574.366666666667 1
1747197616635 2618.0 1
1747197616659 2662.0 1
1747197616674 2706.366666666667 1
1747197616691 2751.1 1
1747197616708 2796.2 1
1747197616726 2841.6666666666665 1
1747197616743 2887.5 1
1747197616758 2933.7 1
1747197616777 2980.2666666666664 1
1747197616793 3027.2 1
1747197616810 3074.5 1
1747197616826 3122.1666666666665 1
1747197616843 3170.2 1
1747197616859 3218.6 1
1747197616875 3267.366666666667 1
1747197616892 3316.5 1
1747197616910 3366.0 1
1747197616926 3415.866666666667 1
1747197616944 3466.1 1
1747197616963 3516.7 1
1747197616978 3567.6666666666665 1
1747197616997 3619.0 1
1747197617012 3670.7 1
1747197617028 3722.7666666666664 1
1747197617045 3775.2 1
1747197617060 3828.0 1
1747197617078 3881.1666666666665 1
1747197617094 3934.7 1
1747197617110 3988.6 1
1747197617126 4042.866666666667 1
1747197617144 4097.5 1
1747197617160 4152.5 1
1747197617176 4207.866666666667 1
1747197617193 4263.6 1
1747197617210 4319.700000000001 1
1747197617225 4376.166666666667 1
1747197617241 4433.0 1
1747197617258 4490.2 1
1747197617274 4547.766666666666 1
1747197617291 4605.7 1
1747197617308 4664.0 1
1747197617325 4722.666666666667 1
1747197617341 4781.700000000001 1
1747197617358 4841.1 1
1747197617376 4900.866666666667 1
1747197617394 4961.0 1
1747197617410 5021.5 1
1747197617426 5082.366666666667 1
1747197617443 5143.6 1
1747197617458 5205.200000000001 1
1747197617476 5267.166666666667 1
1747197617491 5329.5 1
1747197617507 5392.2 1
1747197617523 5455.266666666666 1
1747197617543 5518.7 1
1747197617558 5582.5 1
1747197617574 5646.666666666667 1
1747197617590 5711.200000000001 1
1747197617607 5776.1 1
1747197617624 5841.366666666667 1
1747197617640 5907.0 1
1747197617656 5973.0 1
1747197617673 6039.366666666667 1
1747197617688 6106.1 1
1747197617705 6173.200000000001 1
1747197617722 6240.666666666667 1
1747197617740 6308.5 1
1747197617756 6376.7 1
1747197617774 6445.266666666666 1
1747197617791 6514.2 1
1747197617808 6583.5 1
1747197617825 6653.166666666667 1
1747197617840 6723.200000000001 1
1747197617857 6793.6 1
1747197617874 6864.366666666667 1
1747197617891 6935.5 1
1747197617907 7007.0 1
1747197617923 7078.866666666667 1
1747197617938 7151.1 1
1747197617956 7223.700000000001 1
1747197617971 7296.666666666667 1
1747197617988 7370.0 1
1747197618005 7443.7 1
1747197618021 7517.766666666666 1
1747197618038 7592.2 1
1747197618054 7667.0 1
1747197618071 7742.166666666667 1
1747197618088 7817.700000000001 1
1747197618105 7893.6 1
1747197618121 7969.866666666667 1
1747197618138 8046.5 1
1747197618154 8123.5 1
1747197618172 8200.866666666667 1
1747197618188 8278.6 1
1747197618204 8356.7 1
1747197618221 8435.166666666668 1
1747197618237 8514.000000000002 1
1747197618254 8593.200000000003 1
1747197618270 8672.76666666667 1
1747197618287 8752.700000000003 1
1747197618304 8833.000000000002 1
1747197618320 8913.666666666668 1
1747197618337 8994.7 1
1747197618354 9076.1 1
1747197618371 9157.866666666667 1
1747197618388 9240.0 1
1747197618405 9322.5 1
1747197618421 9405.366666666667 1
1747197618437 9488.6 1
1747197618454 9572.2 1
1747197618469 9656.166666666668 1
1747197618487 9740.500000000002 1
1747197618503 9825.200000000003 1
1747197618521 9910.26666666667 1
1747197618548 9995.700000000003 1
1747197618561 10081.500000000002 1
1747197618577 10167.666666666668 1
1747197618594 10254.2 1
1747197618611 10341.1 1
1747197618627 10428.366666666667 1
1747197618645 10516.0 1
1747197618662 10604.0 1
1747197618678 10692.366666666667 1
1747197618695 10781.1 1
1747197618712 10870.2 1
1747197618730 10959.666666666668 1
1747197618745 11049.500000000002 1
1747197618762 11139.700000000003 1
1747197618779 11230.26666666667 1
1747197618795 11321.200000000003 1
1747197618812 11412.500000000002 1
1747197618828 11504.166666666668 1
1747197618846 11596.2 1
1747197618862 11688.6 1
1747197618878 11781.366666666667 1
1747197618895 11874.5 1
1747197618913 11968.0 1
1747197618927 12061.866666666667 1
1747197618945 12156.1 1
1747197618962 12250.7 1
1747197618979 12345.666666666668 1
1747197618995 12441.000000000002 1
1747197619012 12536.700000000003 1
1747197619029 12632.76666666667 1
1747197619045 12729.200000000003 1
1747197619064 12826.000000000002 1
1747197619081 12923.166666666668 1
1747197619098 13020.7 1
1747197619116 13118.6 1
1747197619132 13216.866666666667 1
1747197619149 13315.5 1
1747197619165 13414.5 1
1747197619181 13513.866666666667 1
1747197619199 13613.6 1
1747197619216 13713.7 1
1747197619233 13814.166666666668 1
1747197619250 13915.000000000002 1
1747197619266 14016.200000000003 1
1747197619284 14117.76666666667 1
1747197619302 14219.700000000003 1
1747197619318 14322.000000000002 1
1747197619335 14424.666666666668 1
1747197619352 14527.7 1
1747197619370 14631.1 1
1747197619387 14734.866666666667 1
1747197619403 14839.0 1
1747197619419 14943.5 1
1747197619436 15048.366666666667 1
1747197619453 15153.6 1
1747197619470 15259.2 1
1747197619487 15365.166666666668 1
1747197619503 15471.500000000002 1
1747197619520 15578.200000000003 1
1747197619537 15685.26666666667 1
1747197619554 15792.700000000003 1
1747197619570 15900.500000000002 1
1747197619586 16008.666666666668 1
1747197619603 16117.2 1
1747197619620 16226.1 1
1747197619636 16335.366666666667 1
1747197619653 16445.0 1
1747197619670 16555.0 1
1747197619687 16665.366666666665 1
1747197619703 16776.1 1
1747197619721 16887.199999999997 1
1747197619737 16998.666666666664 1
1747197619754 17110.499999999996 1
1747197619771 17222.699999999997 1
1747197619787 17335.266666666663 1
1747197619804 17448.199999999997 1
1747197619822 17561.499999999996 1
1747197619837 17675.166666666664 1
1747197619854 17789.199999999997 1
1747197619870 17903.6 1
1747197619887 18018.366666666665 1
1747197619904 18133.5 1
1747197619922 18249.0 1
1747197619937 18364.866666666665 1
1747197619954 18481.1 1
1747197619971 18597.699999999997 1
1747197619987 18714.666666666664 1
1747197620004 18831.999999999996 1
1747197620020 18949.699999999997 1
1747197620037 19067.766666666663 1
1747197620054 19186.199999999997 1
1747197620071 19304.999999999996 1
1747197620087 19424.166666666664 1
1747197620104 19543.699999999997 1
1747197620121 19663.6 1
1747197620138 19783.866666666665 1
1747197620155 19904.5 1
1747197620171 20025.5 1
1747197620187 20146.866666666665 1
1747197620205 20268.6 1
1747197620221 20390.699999999997 1
1747197620238 20513.166666666664 1
1747197620255 20635.999999999996 1
1747197620271 20759.199999999997 1
1747197620288 20882.766666666663 1
1747197620305 21006.699999999997 1
1747197620329 21130.999999999996 1
1747197620341 21255.666666666664 1
1747197620357 21380.699999999997 1
1747197620373 21506.1 1
1747197620391 21631.866666666665 1
1747197620408 21758.0 1
1747197620425 21884.5 1
1747197620442 22011.366666666665 1
1747197620460 22138.6 1
1747197620476 22266.199999999997 1
1747197620493 22394.166666666664 1
1747197620508 22522.499999999996 1
1747197620524 22651.199999999997 1
1747197620541 22780.266666666663 1
1747197620558 22909.699999999997 1
1747197620575 23039.499999999996 1
1747197620591 23169.666666666664 1
1747197620608 23300.199999999997 1
1747197620625 23431.1 1
1747197620645 23562.366666666665 1
1747197620662 23694.0 1
1747197620678 23826.0 1
1747197620694 23958.366666666665 1
1747197620711 24091.1 1
1747197620726 24224.199999999997 1
1747197620745 24357.666666666664 1
1747197620762 24491.499999999996 1
1747197620779 24625.699999999997 1
1747197620796 24760.266666666663 1
1747197620812 24895.199999999997 1
1747197620829 25030.499999999996 1
1747197620846 25166.166666666664 1
1747197620862 25302.199999999997 1
1747197620879 25438.6 1
1747197620897 25575.366666666665 1
1747197620914 25712.5 1
1747197620930 25850.0 1
1747197620946 25987.866666666665 1
1747197620963 26126.1 1
1747197620978 26264.699999999997 1
1747197620996 26403.666666666664 1
1747197621013 26542.999999999996 1
1747197621030 26682.699999999997 1
1747197621047 26822.766666666663 1
1747197621064 26963.199999999997 1
1747197621082 27103.999999999996 1
1747197621099 27245.166666666664 1
1747197621116 27386.699999999997 1
1747197621133 27528.6 1
1747197621150 27670.866666666665 1
1747197621167 27813.5 1
1747197621185 27956.5 1
1747197621205 28099.866666666665 1
1747197621219 28243.6 1
1747197621236 28387.699999999997 1
1747197621253 28532.166666666664 1
1747197621275 28676.999999999996 1
1747197621292 28822.199999999997 1
1747197621308 28967.766666666663 1
1747197621326 29113.699999999997 1
1747197621342 29259.999999999996 1
1747197621358 29406.666666666664 1
1747197621374 29553.699999999997 1
1747197621393 29701.1 1
1747197621408 29848.866666666665 1
1747197621425 29997.0 1
1747197621442 30145.5 1
1747197621458 30294.366666666665 1
1747197621474 30443.6 1
1747197621492 30593.199999999997 1
1747197621508 30743.166666666664 1
1747197621524 30893.499999999996 1
1747197621542 31044.199999999997 1
1747197621557 31195.266666666663 1
1747197621574 31346.699999999997 1
1747197621591 31498.499999999996 1
1747197621607 31650.666666666664 1
1747197621625 31803.199999999997 1
1747197621642 31956.1 1
1747197621658 32109.366666666665 1
1747197621674 32263.0 1
1747197621691 32417.0 1
1747197621706 32571.366666666665 1
1747197621724 32726.1 1
1747197621742 32881.2 1
1747197621759 33036.666666666664 1
1747197621775 33192.5 1
1747197621792 33348.7 1
1747197621807 33505.26666666666 1
1747197621824 33662.2 1
1747197621841 33819.5 1
1747197621856 33977.166666666664 1
1747197621873 34135.2 1
1747197621890 34293.6 1
1747197621906 34452.36666666667 1
1747197621923 34611.5 1
1747197621942 34771.0 1
1747197621957 34930.86666666667 1
1747197621974 35091.1 1
1747197621991 35251.7 1
1747197622008 35412.666666666664 1
1747197622024 35574.0 1
1747197622041 35735.7 1
1747197622057 35897.76666666666 1
1747197622075 36060.2 1
1747197622092 36223.0 1
1747197622107 36386.166666666664 1
1747197622124 36549.7 1
1747197622141 36713.6 1
1747197622157 36877.86666666667 1
1747197622173 37042.5 1
1747197622190 37207.5 1
1747197622207 37372.86666666667 1
1747197622223 37538.6 1
1747197622241 37704.7 1
1747197622256 37871.166666666664 1
1747197622273 38038.0 1
1747197622288 38205.2 1
1747197622306 38372.76666666666 1
1747197622322 38540.7 1
1747197622338 38709.0 1
1747197622354 38877.666666666664 1
1747197622371 39046.7 1
1747197622388 39216.1 1
1747197622404 39385.86666666667 1
1747197622421 39556.0 1
1747197622437 39726.5 1
1747197622454 39897.36666666667 1
1747197622470 40068.6 1
1747197622487 40240.2 1
1747197622502 40412.166666666664 1
1747197622520 40584.5 1
1747197622535 40757.2 1
1747197622552 40930.26666666666 1
1747197622570 41103.7 1
1747197622585 41277.5 1
1747197622602 41451.666666666664 1
1747197622629 41626.2 1
1747197622641 41801.1 1
1747197622658 41976.36666666667 1
1747197622674 42152.0 1
1747197622691 42328.0 1
1747197622707 42504.36666666667 1
1747197622724 42681.1 1
1747197622741 42858.2 1
1747197622758 43035.666666666664 1
1747197622774 43213.5 1
1747197622792 43391.7 1
1747197622808 43570.26666666666 1
1747197622824 43749.2 1
1747197622842 43928.5 1
1747197622858 44108.166666666664 1
1747197622874 44288.2 1
1747197622890 44468.6 1
1747197622906 44649.36666666667 1
1747197622923 44830.5 1
1747197622941 45012.0 1
1747197622958 45193.86666666667 1
1747197622974 45376.1 1
1747197622992 45558.7 1
1747197623008 45741.666666666664 1
1747197623025 45925.0 1
1747197623041 46108.7 1
1747197623065 46292.76666666666 1
1747197623081 46477.2 1
1747197623098 46662.0 1
1747197623115 46847.166666666664 1
1747197623130 47032.7 1
1747197623148 47218.6 1
1747197623164 47404.86666666667 1
1747197623180 47591.5 1
1747197623198 47778.5 1
1747197623214 47965.86666666667 1
1747197623230 48153.6 1
1747197623248 48341.7 1
1747197623265 48530.166666666664 1
1747197623282 48719.0 1
1747197623297 48908.2 1
1747197623315 49097.76666666666 1
1747197623332 49287.7 1
1747197623348 49478.0 1
1747197623364 49668.666666666664 1
1747197623381 49859.7 1
1747197623398 50051.1 1
1747197623415 50242.86666666667 1
1747197623431 50435.0 1
1747197623450 50627.5 1
1747197623466 50820.36666666667 1
1747197623483 51013.6 1
1747197623500 51207.2 1
1747197623515 51401.166666666664 1
1747197623531 51595.5 1
1747197623547 51790.2 1
1747197623565 51985.26666666666 1
1747197623582 52180.7 1
1747197623597 52376.5 1
1747197623615 52572.666666666664 1
1747197623631 52769.2 1
1747197623647 52966.1 1
1747197623665 53163.36666666667 1
1747197623682 53361.0 1
1747197623699 53559.0 1
1747197623715 53757.36666666667 1
1747197623733 53956.1 1
1747197623750 54155.2 1
1747197623766 54354.666666666664 1
1747197623783 54554.5 1
1747197623798 54754.7 1
1747197623816 54955.26666666666 1
1747197623832 55156.2 1
1747197623847 55357.5 1
1747197623863 55559.166666666664 1
1747197623880 55761.2 1
1747197623898 55963.6 1
1747197623914 56166.36666666667 1
1747197623931 56369.5 1
1747197623947 56573.0 1
1747197623963 56776.86666666667 1
1747197623978 56981.1 1
1747197624002 57185.7 1
1747197624013 57390.666666666664 1
1747197624031 57596.0 1
1747197624047 57801.7 1
1747197624064 58007.76666666666 1
1747197624081 58214.2 1
1747197624097 58421.0 1
1747197624114 58628.166666666664 1
1747197624130 58835.7 1
1747197624148 59043.6 1
1747197624164 59251.86666666667 1
1747197624181 59460.5 1
1747197624197 59669.5 1
1747197624214 59878.86666666667 1
1747197624230 60088.6 1
1747197624246 60298.7 1
