1747197614460 11.0 1
1747197614502 24.0 1
1747197614533 39.0 1
1747197614560 56.0 1
1747197614588 75.0 1
1747197614614 96.0 1
1747197614638 119.0 1
1747197614661 144.0 1
1747197614684 171.0 1
1747197614703 200.0 1
1747197614726 231.0 1
1747197614745 264.0 1
1747197614764 299.0 1
1747197614782 336.0 1
1747197614800 375.0 1
1747197614823 416.0 1
1747197614843 459.0 1
1747197614872 504.0 1
1747197614890 549.0 1
1747197614908 594.0 1
1747197614928 639.0 1
1747197614948 684.0 1
1747197614967 731.0 1
1747197614989 780.0 1
1747197615019 831.0 1
1747197615040 882.0 1
1747197615058 933.0 1
1747197615075 984.0 1
1747197615095 1037.0 1
1747197615115 1090.0 1
1747197615134 1143.0 1
1747197615154 1196.0 1
1747197615173 1249.0 1
1747197615194 1302.0 1
1747197615213 1355.0 1
1747197615231 1410.0 1
1747197615250 1465.0 1
1747197615271 1520.0 1
1747197615289 1577.0 1
1747197615306 1636.0 1
1747197615324 1695.0 1
1747197615340 1756.0 1
1747197615356 1817.0 1
1747197615371 1880.0 1
1747197615388 1943.0 1
1747197615406 2006.0 1
1747197615427 2069.0 1
1747197615445 2134.0 1
1747197615463 2203.0 1
1747197615478 2276.0 1
1747197615495 2351.0 1
1747197615511 2428.0 1
1747197615527 2505.0 1
1747197615544 2584.0 1
1747197615560 2663.0 1
1747197615576 2742.0 1
1747197615592 2821.0 1
1747197615610 2900.0 1
1747197615626 2979.0 1
1747197615645 2979.0 1
1747197615661 2979.0 1
1747197615678 2979.0 1
1747197615695 2979.0 1
1747197615718 2979.0 1
1747197615735 2979.0 1
1747197615748 2979.0 1
1747197615765 2979.0 1
1747197615782 2979.0 1
1747197615797 2979.0 1
1747197615822 2979.0 1
1747197615835 2979.0 1
1747197615853 2979.0 1
1747197615869 2979.0 1
1747197615885 2979.0 1
1747197615902 2979.0 1
1747197615918 2979.0 1
1747197615934 2979.0 1
1747197615951 2979.0 1
1747197615966 2979.0 1
1747197615985 2979.0 1
1747197616001 2979.0 1
1747197616018 2979.0 1
1747197616034 2979.0 1
1747197616051 2979.0 1
1747197616068 2979.0 1
1747197616086 2979.0 1
1747197616102 2979.0 1
1747197616119 2979.0 1
1747197616136 2979.0 1
1747197616153 2979.0 1
1747197616169 2979.0 1
1747197616187 2979.0 1
1747197616204 2979.0 1
1747197616220 2979.0 1
1747197616237 2979.0 1
1747197616254 2979.0 1
1747197616270 2979.0 1
1747197616288 2979.0 1
1747197616304 2979.0 1
1747197616322 2979.0 1
1747197616340 2979.0 1
1747197616355 2979.0 1
1747197616372 2979.0 1
1747197616388 2979.0 1
1747197616405 2979.0 1
1747197616422 2979.0 1
1747197616440 2979.0 1
1747197616453 2979.0 1
1747197616471 2979.0 1
1747197616487 2979.0 1
1747197616505 2979.0 1
1747197616520 2979.0 1
1747197616538 2979.0 1
1747197616556 2979.0 1
1747197616572 2979.0 1
1747197616588 2979.0 1
1747197616604 2979.0 1
1747197616620 2979.0 1
1747197616639 2979.0 1
1747197616661 2979.0 1
1747197616677 2979.0 1
1747197616694 2979.0 1
1747197616713 2979.0 1
1747197616728 2979.0 1
1747197616746 2979.0 1
1747197616762 2979.0 1
1747197616779 2979.0 1
1747197616796 2979.0 1
1747197616814 2979.0 1
1747197616828 2979.0 1
1747197616846 2979.0 1
1747197616861 2979.0 1
1747197616878 2979.0 1
1747197616895 2979.0 1
1747197616914 2979.0 1
1747197616930 2979.0 1
1747197616948 2979.0 1
1747197616966 2979.0 1
1747197616981 2979.0 1
1747197617000 2979.0 1
1747197617015 2979.0 1
1747197617032 2979.0 1
1747197617049 2979.0 1
1747197617063 2979.0 1
1747197617083 2979.0 1
1747197617097 2979.0 1
1747197617112 2979.0 1
1747197617130 2979.0 1
1747197617148 2979.0 1
1747197617163 2979.0 1
1747197617180 2979.0 1
1747197617196 2979.0 1
1747197617213 2979.0 1
1747197617228 2979.0 1
1747197617243 2979.0 1
1747197617260 2979.0 1
1747197617277 2979.0 1
1747197617294 2979.0 1
1747197617311 2979.0 1
1747197617327 2979.0 1
1747197617345 2979.0 1
1747197617362 2979.0 1
1747197617380 2979.0 1
1747197617397 2979.0 1
1747197617413 2979.0 1
1747197617430 2979.0 1
1747197617446 2979.0 1
1747197617461 2979.0 1
1747197617479 2979.0 1
1747197617494 2979.0 1
1747197617510 2979.0 1
1747197617526 2979.0 1
1747197617545 2979.0 1
1747197617561 2979.0 1
1747197617577 2979.0 1
1747197617592 2979.0 1
1747197617610 2979.0 1
1747197617626 2979.0 1
1747197617643 2979.0 1
1747197617659 2979.0 1
1747197617676 2979.0 1
1747197617691 2979.0 1
1747197617707 2979.0 1
1747197617724 2979.0 1
1747197617742 2979.0 1
1747197617759 2979.0 1
1747197617777 2979.0 1
1747197617793 2979.0 1
1747197617810 2979.0 1
1747197617827 2979.0 1
1747197617842 2979.0 1
1747197617860 2979.0 1
1747197617877 2979.0 1
1747197617894 2979.0 1
1747197617910 2979.0 1
1747197617926 2979.0 1
1747197617941 2979.0 1
1747197617958 2979.0 1
1747197617973 2979.0 1
1747197617990 2979.0 1
1747197618007 2979.0 1
1747197618023 2979.0 1
1747197618040 2979.0 1
1747197618057 2979.0 1
1747197618073 2979.0 1
1747197618090 2979.0 1
1747197618107 2979.0 1
1747197618123 2979.0 1
1747197618140 2979.0 1
1747197618157 2979.0 1
1747197618174 2979.0 1
1747197618191 2979.0 1
1747197618207 2979.0 1
1747197618223 2979.0 1
1747197618240 2979.0 1
1747197618256 2979.0 1
1747197618272 2979.0 1
1747197618290 2979.0 1
1747197618307 2979.0 1
1747197618322 2979.0 1
1747197618340 2979.0 1
1747197618356 2979.0 1
1747197618373 2979.0 1
1747197618390 2979.0 1
1747197618407 2979.0 1
1747197618424 2979.0 1
1747197618440 2979.0 1
1747197618457 2979.0 1
1747197618473 2979.0 1
1747197618490 2979.0 1
1747197618505 2979.0 1
1747197618523 2979.0 1
1747197618550 2979.0 1
1747197618564 2979.0 1
1747197618580 2979.0 1
1747197618596 2979.0 1
1747197618613 2979.0 1
1747197618630 2979.0 1
1747197618647 2979.0 1
1747197618664 2979.0 1
1747197618680 2979.0 1
1747197618698 2979.0 1
1747197618717 2979.0 1
1747197618732 2979.0 1
1747197618748 2979.0 1
1747197618764 2979.0 1
1747197618781 2979.0 1
1747197618798 2979.0 1
1747197618814 2979.0 1
1747197618831 2979.0 1
1747197618849 2979.0 1
1747197618864 2979.0 1
1747197618880 2979.0 1
1747197618898 2979.0 1
1747197618915 2979.0 1
1747197618932 2979.0 1
1747197618948 2979.0 1
1747197618964 2979.0 1
1747197618982 2979.0 1
1747197618997 2979.0 1
1747197619014 2979.0 1
1747197619032 2979.0 1
1747197619049 2979.0 1
1747197619067 2979.0 1
1747197619084 2979.0 1
1747197619101 2979.0 1
1747197619118 2979.0 1
1747197619134 2979.0 1
1747197619152 2979.0 1
1747197619168 2979.0 1
1747197619184 2981.0 1
1747197619201 2992.0 1
1747197619218 3003.0 1
1747197619236 3014.0 1
1747197619252 3025.0 1
1747197619268 3036.0 1
1747197619287 3047.0 1
1747197619305 3058.0 1
1747197619321 3069.0 1
1747197619338 3080.0 1
1747197619355 3091.0 1
1747197619372 3102.0 1
1747197619389 3113.0 1
1747197619405 3124.0 1
1747197619421 3135.0 1
1747197619439 3146.0 1
1747197619456 3157.0 1
1747197619472 3168.0 1
1747197619490 3179.0 1
1747197619505 3190.0 1
1747197619522 3201.0 1
1747197619540 3212.0 1
1747197619557 3223.0 1
1747197619572 3234.0 1
1747197619589 3245.0 1
1747197619606 3256.0 1
1747197619622 3267.0 1
1747197619638 3278.0 1
1747197619656 3289.0 1
1747197619672 3300.0 1
1747197619690 3311.0 1
1747197619706 3322.0 1
1747197619724 3333.0 1
1747197619740 3344.0 1
1747197619757 3355.0 1
1747197619773 3366.0 1
1747197619790 3377.0 1
1747197619806 3388.0 1
1747197619824 3399.0 1
1747197619840 3410.0 1
1747197619856 3421.0 1
1747197619872 3432.0 1
1747197619890 3443.0 1
1747197619906 3454.0 1
1747197619924 3465.0 1
1747197619940 3476.0 1
1747197619957 3487.0 1
1747197619973 3498.0 1
1747197619990 3509.0 1
1747197620006 3520.0 1
1747197620022 3531.0 1
1747197620040 3542.0 1
1747197620056 3553.0 1
1747197620073 3564.0 1
1747197620090 3575.0 1
1747197620106 3586.0 1
1747197620123 3597.0 1
1747197620141 3608.0 1
1747197620158 3619.0 1
1747197620173 3630.0 1
1747197620190 3641.0 1
1747197620207 3652.0 1
1747197620223 3663.0 1
1747197620240 3674.0 1
1747197620257 3685.0 1
1747197620273 3696.0 1
1747197620290 3707.0 1
1747197620308 3718.0 1
1747197620332 3729.0 1
1747197620344 3740.0 1
1747197620361 3751.0 1
1747197620375 3762.0 1
1747197620394 3773.0 1
1747197620411 3784.0 1
1747197620428 3795.0 1
1747197620445 3806.0 1
1747197620463 3817.0 1
1747197620478 3828.0 1
1747197620496 3839.0 1
1747197620512 3850.0 1
1747197620527 3861.0 1
1747197620543 3872.0 1
1747197620560 3883.0 1
1747197620578 3894.0 1
1747197620595 3905.0 1
1747197620612 3916.0 1
1747197620628 3927.0 1
1747197620647 3938.0 1
1747197620665 3949.0 1
1747197620681 3960.0 1
1747197620697 3971.0 1
1747197620714 3982.0 1
1747197620729 3993.0 1
1747197620748 4004.0 1
1747197620764 4015.0 1
1747197620782 4026.0 1
1747197620798 4037.0 1
1747197620815 4048.0 1
1747197620831 4059.0 1
1747197620848 4070.0 1
1747197620864 4081.0 1
1747197620882 4092.0 1
1747197620901 4103.0 1
1747197620917 4114.0 1
1747197620932 4125.0 1
1747197620949 4136.0 1
1747197620965 4147.0 1
1747197620982 4158.0 1
1747197620999 4169.0 1
1747197621016 4180.0 1
1747197621033 4191.0 1
1747197621051 4202.0 1
1747197621067 4213.0 1
1747197621085 4224.0 1
1747197621101 4235.0 1
1747197621118 4246.0 1
1747197621135 4257.0 1
1747197621152 4268.0 1
1747197621169 4279.0 1
1747197621189 4290.0 1
1747197621208 4301.0 1
1747197621223 4312.0 1
1747197621238 4323.0 1
1747197621256 4334.0 1
1747197621278 4345.0 1
1747197621295 4356.0 1
1747197621312 4367.0 1
1747197621328 4378.0 1
1747197621345 4389.0 1
1747197621361 4400.0 1
1747197621377 4411.0 1
1747197621395 4422.0 1
1747197621412 4433.0 1
1747197621428 4444.0 1
1747197621444 4455.0 1
1747197621461 4466.0 1
1747197621477 4477.0 1
1747197621494 4488.0 1
1747197621511 4499.0 1
1747197621527 4510.0 1
1747197621544 4521.0 1
1747197621560 4532.0 1
1747197621576 4543.0 1
1747197621594 4554.0 1
1747197621610 4565.0 1
1747197621628 4576.0 1
1747197621644 4587.0 1
1747197621661 4598.0 1
1747197621677 4609.0 1
1747197621693 4620.0 1
1747197621710 4631.0 1
1747197621727 4642.0 1
1747197621745 4653.0 1
1747197621762 4664.0 1
1747197621778 4675.0 1
1747197621794 4686.0 1
1747197621810 4697.0 1
1747197621827 4708.0 1
1747197621843 4719.0 1
1747197621858 4730.0 1
1747197621875 4741.0 1
1747197621893 4752.0 1
1747197621909 4763.0 1
1747197621926 4774.0 1
1747197621944 4785.0 1
1747197621960 4796.0 1
1747197621976 4807.0 1
1747197621994 4818.0 1
1747197622012 4829.0 1
1747197622027 4840.0 1
1747197622044 4851.0 1
1747197622060 4862.0 1
1747197622077 4873.0 1
1747197622095 4884.0 1
1747197622110 4895.0 1
1747197622126 4906.0 1
1747197622144 4917.0 1
1747197622159 4928.0 1
1747197622176 4939.0 1
1747197622192 4950.0 1
1747197622210 4961.0 1
1747197622226 4972.0 1
1747197622244 4983.0 1
1747197622258 4994.0 1
1747197622276 5005.0 1
1747197622291 5016.0 1
1747197622309 5027.0 1
1747197622325 5038.0 1
1747197622341 5049.0 1
1747197622357 5060.0 1
1747197622374 5071.0 1
1747197622390 5082.0 1
1747197622407 5093.0 1
1747197622423 5104.0 1
1747197622440 5115.0 1
1747197622456 5126.0 1
1747197622473 5137.0 1
1747197622489 5148.0 1
1747197622505 5159.0 1
1747197622523 5170.0 1
1747197622538 5181.0 1
1747197622554 5192.0 1
1747197622572 5203.0 1
1747197622588 5214.0 1
1747197622605 5225.0 1
1747197622632 5236.0 1
1747197622643 5247.0 1
1747197622662 5258.0 1
1747197622676 5269.0 1
1747197622693 5280.0 1
1747197622709 5291.0 1
1747197622727 5302.0 1
1747197622744 5313.0 1
1747197622761 5324.0 1
1747197622777 5335.0 1
1747197622794 5346.0 1
1747197622810 5357.0 1
1747197622827 5368.0 1
1747197622845 5379.0 1
1747197622860 5390.0 1
1747197622877 5401.0 1
1747197622892 5412.0 1
1747197622909 5423.0 1
1747197622926 5434.0 1
1747197622944 5445.0 1
1747197622962 5456.0 1
1747197622976 5467.0 1
1747197622994 5478.0 1
1747197623011 5489.0 1
1747197623028 5500.0 1
1747197623044 5511.0 1
1747197623070 5522.0 1
1747197623084 5533.0 1
1747197623100 5544.0 1
1747197623117 5555.0 1
1747197623133 5566.0 1
1747197623150 5577.0 1
1747197623168 5588.0 1
1747197623183 5599.0 1
1747197623200 5610.0 1
1747197623217 5621.0 1
1747197623233 5632.0 1
1747197623251 5643.0 1
1747197623268 5654.0 1
1747197623285 5665.0 1
1747197623301 5676.0 1
1747197623318 5687.0 1
1747197623334 5698.0 1
1747197623352 5709.0 1
1747197623367 5720.0 1
1747197623384 5731.0 1
1747197623400 5742.0 1
1747197623417 5753.0 1
1747197623434 5764.0 1
1747197623453 5775.0 1
1747197623468 5786.0 1
1747197623486 5797.0 1
1747197623503 5808.0 1
1747197623517 5819.0 1
1747197623534 5830.0 1
1747197623549 5841.0 1
1747197623567 5852.0 1
1747197623584 5863.0 1
1747197623601 5874.0 1
1747197623618 5885.0 1
1747197623634 5896.0 1
1747197623650 5907.0 1
1747197623668 5918.0 1
1747197623685 5929.0 1
1747197623701 5940.0 1
1747197623718 5951.0 1
1747197623736 5962.0 1
1747197623753 5973.0 1
1747197623769 5984.0 1
1747197623786 5995.0 1
1747197623802 6006.0 1
1747197623820 6017.0 1
1747197623835 6028.0 1
1747197623852 6039.0 1
1747197623866 6050.0 1
1747197623883 6061.0 1
1747197623900 6072.0 1
1747197623918 6083.0 1
1747197623934 6094.0 1
1747197623950 6105.0 1
1747197623966 6116.0 1
1747197623982 6127.0 1
1747197624004 6138.0 1
1747197624016 6149.0 1
1747197624034 6160.0 1
1747197624050 6171.0 1
1747197624067 6182.0 1
1747197624084 6193.0 1
1747197624101 6204.0 1
1747197624117 6215.0 1
1747197624133 6226.0 1
1747197624151 6237.0 1
1747197624166 6248.0 1
1747197624184 6259.0 1
1747197624199 6270.0 1
1747197624217 6281.0 1
1747197624233 6292.0 1
1747197624249 6303.0 1
