1747197614447 30.0 1
1747197614488 30.0 1
1747197614523 30.0 1
1747197614554 30.0 1
1747197614581 28.0 1
1747197614605 28.0 1
1747197614631 27.0 1
1747197614654 24.0 1
1747197614675 20.0 1
1747197614696 17.0 1
1747197614718 16.0 1
1747197614737 15.0 1
1747197614756 15.0 1
1747197614776 14.0 1
1747197614793 14.0 1
1747197614816 13.0 1
1747197614836 13.0 1
1747197614855 13.0 1
1747197614883 13.0 1
1747197614901 13.0 1
1747197614921 13.0 1
1747197614940 13.0 1
1747197614960 12.0 1
1747197614982 12.0 1
1747197615011 12.0 1
1747197615032 11.0 1
1747197615051 11.0 1
1747197615069 11.0 1
1747197615086 11.0 1
1747197615106 11.0 1
1747197615126 10.0 1
1747197615145 10.0 1
1747197615166 10.0 1
1747197615186 10.0 1
1747197615204 9.0 1
1747197615222 9.0 1
1747197615241 9.0 1
1747197615262 9.0 1
1747197615282 9.0 1
1747197615298 9.0 1
1747197615317 9.0 1
1747197615333 9.0 1
1747197615349 9.0 1
1747197615365 9.0 1
1747197615381 9.0 1
1747197615400 9.0 1
1747197615417 9.0 1
1747197615437 9.0 1
1747197615455 9.0 1
1747197615471 9.0 1
1747197615488 8.0 1
1747197615503 8.0 1
1747197615520 7.0 1
1747197615537 7.0 1
1747197615553 7.0 1
1747197615569 7.0 1
1747197615585 6.0 1
1747197615603 3.0 1
1747197615620 3.0 1
1747197615637 2.0 1
1747197615654 2.0 1
1747197615671 2.0 1
1747197615688 2.0 1
1747197615704 2.0 1
1747197615725 2.0 1
1747197615741 2.0 1
1747197615758 2.0 1
1747197615774 2.0 1
1747197615790 2.0 1
1747197615806 2.0 1
1747197615828 2.0 1
1747197615846 2.0 1
1747197615862 2.0 1
1747197615878 2.0 1
1747197615894 2.0 1
1747197615911 2.0 1
1747197615927 2.0 1
1747197615943 2.0 1
1747197615960 2.0 1
1747197615977 2.0 1
1747197615994 2.0 1
1747197616011 2.0 1
1747197616027 2.0 1
1747197616044 2.0 1
1747197616061 2.0 1
1747197616078 2.0 1
1747197616095 2.0 1
1747197616112 2.0 1
1747197616128 2.0 1
1747197616145 2.0 1
1747197616162 2.0 1
1747197616180 2.0 1
1747197616197 2.0 1
1747197616214 2.0 1
1747197616230 2.0 1
1747197616247 2.0 1
1747197616263 2.0 1
1747197616280 2.0 1
1747197616297 2.0 1
1747197616314 2.0 1
1747197616331 2.0 1
1747197616348 2.0 1
1747197616365 2.0 1
1747197616381 2.0 1
1747197616398 2.0 1
1747197616414 2.0 1
1747197616430 2.0 1
1747197616447 2.0 1
1747197616464 2.0 1
1747197616480 2.0 1
1747197616497 2.0 1
1747197616514 2.0 1
1747197616531 2.0 1
1747197616548 2.0 1
1747197616565 2.0 1
1747197616581 2.0 1
1747197616597 2.0 1
1747197616613 2.0 1
1747197616630 2.0 1
1747197616654 2.0 1
1747197616670 2.0 1
1747197616686 2.0 1
1747197616704 2.0 1
1747197616721 2.0 1
1747197616738 2.0 1
1747197616755 2.0 1
1747197616772 2.0 1
1747197616789 2.0 1
1747197616805 2.0 1
1747197616821 2.0 1
1747197616838 2.0 1
1747197616855 2.0 1
1747197616871 2.0 1
1747197616888 2.0 1
1747197616905 2.0 1
1747197616922 2.0 1
1747197616938 2.0 1
1747197616957 2.0 1
1747197616974 2.0 1
1747197616991 2.0 1
1747197617007 2.0 1
1747197617023 2.0 1
1747197617040 2.0 1
1747197617055 2.0 1
1747197617073 2.0 1
1747197617089 2.0 1
1747197617105 2.0 1
1747197617122 2.0 1
1747197617138 2.0 1
1747197617155 2.0 1
1747197617171 2.0 1
1747197617188 2.0 1
1747197617205 2.0 1
1747197617221 2.0 1
1747197617237 2.0 1
1747197617254 2.0 1
1747197617270 2.0 1
1747197617287 2.0 1
1747197617304 2.0 1
1747197617320 2.0 1
1747197617337 2.0 1
1747197617353 2.0 1
1747197617371 2.0 1
1747197617389 2.0 1
1747197617405 2.0 1
1747197617421 2.0 1
1747197617438 2.0 1
1747197617454 2.0 1
1747197617471 2.0 1
1747197617487 2.0 1
1747197617503 2.0 1
1747197617519 2.0 1
1747197617537 2.0 1
1747197617554 2.0 1
1747197617570 2.0 1
1747197617586 2.0 1
1747197617603 1.0 1
1747197617620 1.0 1
1747197617636 1.0 1
1747197617652 1.0 1
1747197617668 1.0 1
1747197617684 1.0 1
1747197617700 1.0 1
1747197617718 1.0 1
1747197617735 1.0 1
1747197617752 1.0 1
1747197617770 1.0 1
1747197617786 1.0 1
1747197617803 1.0 1
1747197617821 1.0 1
1747197617836 1.0 1
1747197617853 1.0 1
1747197617870 1.0 1
1747197617886 1.0 1
1747197617902 1.0 1
1747197617918 1.0 1
1747197617934 1.0 1
1747197617951 1.0 1
1747197617967 1.0 1
1747197617984 1.0 1
1747197618001 1.0 1
1747197618017 1.0 1
1747197618034 1.0 1
1747197618050 1.0 1
1747197618067 1.0 1
1747197618084 1.0 1
1747197618101 1.0 1
1747197618117 1.0 1
1747197618134 1.0 1
1747197618150 1.0 1
1747197618167 1.0 1
1747197618184 1.0 1
1747197618200 1.0 1
1747197618216 1.0 1
1747197618233 1.0 1
1747197618250 1.0 1
1747197618266 1.0 1
1747197618283 1.0 1
1747197618300 1.0 1
1747197618316 1.0 1
1747197618333 1.0 1
1747197618350 1.0 1
1747197618367 1.0 1
1747197618384 1.0 1
1747197618401 1.0 1
1747197618417 1.0 1
1747197618433 1.0 1
1747197618450 1.0 1
1747197618465 1.0 1
1747197618482 1.0 1
1747197618499 1.0 1
1747197618516 1.0 1
1747197618532 1.0 1
1747197618556 1.0 1
1747197618573 1.0 1
1747197618590 1.0 1
1747197618606 1.0 1
1747197618623 1.0 1
1747197618641 1.0 1
1747197618658 1.0 1
1747197618674 1.0 1
1747197618691 1.0 1
1747197618707 1.0 1
1747197618724 1.0 1
1747197618741 1.0 1
1747197618758 1.0 1
1747197618775 1.0 1
1747197618791 1.0 1
1747197618807 1.0 1
1747197618824 1.0 1
1747197618841 1.0 1
1747197618857 1.0 1
1747197618874 1.0 1
1747197618891 1.0 1
1747197618907 1.0 1
1747197618923 1.0 1
1747197618941 1.0 1
1747197618958 1.0 1
1747197618975 1.0 1
1747197618991 1.0 1
1747197619008 1.0 1
1747197619025 1.0 1
1747197619041 1.0 1
1747197619060 1.0 1
1747197619076 1.0 1
1747197619094 1.0 1
1747197619111 1.0 1
1747197619128 1.0 1
1747197619144 1.0 1
1747197619161 1.0 1
1747197619177 1.0 1
1747197619195 1.0 1
1747197619212 1.0 1
1747197619229 1.0 1
1747197619246 1.0 1
1747197619262 1.0 1
1747197619280 1.0 1
1747197619297 1.0 1
1747197619314 1.0 1
1747197619331 1.0 1
1747197619348 1.0 1
1747197619365 1.0 1
1747197619382 1.0 1
1747197619398 1.0 1
1747197619415 1.0 1
1747197619432 1.0 1
1747197619449 1.0 1
1747197619466 1.0 1
1747197619483 1.0 1
1747197619499 1.0 1
1747197619516 1.0 1
1747197619533 1.0 1
1747197619549 1.0 1
1747197619565 1.0 1
1747197619582 1.0 1
1747197619599 1.0 1
1747197619615 1.0 1
1747197619632 1.0 1
1747197619649 1.0 1
1747197619666 1.0 1
1747197619683 1.0 1
1747197619699 1.0 1
1747197619717 1.0 1
1747197619733 1.0 1
1747197619750 1.0 1
1747197619766 1.0 1
1747197619783 1.0 1
1747197619800 1.0 1
1747197619817 1.0 1
1747197619833 1.0 1
1747197619850 1.0 1
1747197619866 1.0 1
1747197619883 1.0 1
1747197619900 1.0 1
1747197619917 1.0 1
1747197619933 1.0 1
1747197619950 1.0 1
1747197619967 1.0 1
1747197619983 1.0 1
1747197619999 1.0 1
1747197620016 1.0 1
1747197620033 1.0 1
1747197620050 1.0 1
1747197620067 1.0 1
1747197620083 1.0 1
1747197620100 1.0 1
1747197620117 1.0 1
1747197620134 1.0 1
1747197620151 1.0 1
1747197620167 1.0 1
1747197620183 1.0 1
1747197620200 1.0 1
1747197620217 1.0 1
1747197620234 1.0 1
1747197620251 1.0 1
1747197620267 1.0 1
1747197620284 1.0 1
1747197620301 1.0 1
1747197620318 1.0 1
1747197620337 1.0 1
1747197620353 1.0 1
1747197620369 1.0 1
1747197620386 1.0 1
1747197620404 1.0 1
1747197620421 1.0 1
1747197620438 1.0 1
1747197620454 1.0 1
1747197620471 1.0 1
1747197620488 1.0 1
1747197620504 1.0 1
1747197620520 1.0 1
1747197620537 1.0 1
1747197620554 1.0 1
1747197620571 1.0 1
1747197620587 1.0 1
1747197620605 1.0 1
1747197620621 1.0 1
1747197620640 1.0 1
1747197620657 1.0 1
1747197620673 1.0 1
1747197620690 1.0 1
1747197620706 1.0 1
1747197620723 1.0 1
1747197620740 1.0 1
1747197620757 1.0 1
1747197620774 1.0 1
1747197620791 1.0 1
1747197620807 1.0 1
1747197620824 1.0 1
1747197620841 1.0 1
1747197620858 1.0 1
1747197620875 1.0 1
1747197620892 1.0 1
1747197620908 1.0 1
1747197620925 1.0 1
1747197620942 1.0 1
1747197620958 1.0 1
1747197620975 1.0 1
1747197620992 1.0 1
1747197621009 1.0 1
1747197621026 1.0 1
1747197621043 1.0 1
1747197621060 1.0 1
1747197621077 1.0 1
1747197621094 1.0 1
1747197621111 1.0 1
1747197621128 1.0 1
1747197621145 1.0 1
1747197621162 1.0 1
1747197621178 1.0 1
1747197621198 1.0 1
1747197621215 1.0 1
1747197621232 1.0 1
1747197621249 1.0 1
1747197621271 1.0 1
1747197621287 1.0 1
1747197621305 1.0 1
1747197621322 1.0 1
1747197621338 1.0 1
1747197621354 1.0 1
1747197621370 1.0 1
1747197621388 1.0 1
1747197621405 1.0 1
1747197621421 1.0 1
1747197621437 1.0 1
1747197621453 1.0 1
1747197621470 1.0 1
1747197621487 1.0 1
1747197621504 1.0 1
1747197621520 1.0 1
1747197621537 1.0 1
1747197621553 1.0 1
1747197621570 1.0 1
1747197621587 1.0 1
1747197621604 1.0 1
1747197621621 1.0 1
1747197621638 1.0 1
1747197621654 1.0 1
1747197621670 1.0 1
1747197621686 1.0 1
1747197621702 1.0 1
1747197621720 1.0 1
1747197621737 1.0 1
1747197621754 1.0 1
1747197621771 1.0 1
1747197621787 1.0 1
1747197621803 1.0 1
1747197621820 1.0 1
1747197621836 1.0 1
1747197621852 1.0 1
1747197621869 1.0 1
1747197621886 1.0 1
1747197621902 1.0 1
1747197621919 1.0 1
1747197621937 1.0 1
1747197621953 1.0 1
1747197621969 1.0 1
1747197621987 1.0 1
1747197622004 1.0 1
1747197622020 1.0 1
1747197622037 1.0 1
1747197622053 1.0 1
1747197622070 1.0 1
1747197622087 1.0 1
1747197622103 1.0 1
1747197622120 1.0 1
1747197622137 1.0 1
1747197622153 1.0 1
1747197622170 1.0 1
1747197622186 1.0 1
1747197622203 1.0 1
1747197622219 1.0 1
1747197622236 1.0 1
1747197622252 1.0 1
1747197622268 1.0 1
1747197622284 1.0 1
1747197622302 1.0 1
1747197622318 1.0 1
1747197622334 1.0 1
1747197622350 1.0 1
1747197622367 1.0 1
1747197622384 1.0 1
1747197622400 1.0 1
1747197622417 1.0 1
1747197622433 1.0 1
1747197622449 1.0 1
1747197622466 1.0 1
1747197622482 1.0 1
1747197622498 1.0 1
1747197622515 1.0 1
1747197622531 1.0 1
1747197622548 1.0 1
1747197622565 1.0 1
1747197622581 1.0 1
1747197622598 1.0 1
1747197622615 1.0 1
1747197622637 1.0 1
1747197622653 1.0 1
1747197622670 1.0 1
1747197622686 1.0 1
1747197622703 1.0 1
1747197622720 1.0 1
1747197622736 1.0 1
1747197622754 1.0 1
1747197622770 1.0 1
1747197622787 1.0 1
1747197622804 1.0 1
1747197622820 1.0 1
1747197622837 1.0 1
1747197622854 1.0 1
1747197622870 1.0 1
1747197622886 1.0 1
1747197622902 1.0 1
1747197622920 1.0 1
1747197622937 1.0 1
1747197622954 1.0 1
1747197622970 1.0 1
1747197622987 1.0 1
1747197623004 1.0 1
1747197623021 1.0 1
1747197623037 1.0 1
1747197623057 1.0 1
1747197623076 1.0 1
1747197623093 1.0 1
1747197623110 1.0 1
1747197623125 1.0 1
1747197623143 1.0 1
1747197623159 1.0 1
1747197623176 1.0 1
1747197623193 1.0 1
1747197623210 1.0 1
1747197623226 1.0 1
1747197623243 1.0 1
1747197623260 1.0 1
1747197623276 1.0 1
1747197623292 1.0 1
1747197623310 1.0 1
1747197623327 1.0 1
1747197623343 1.0 1
1747197623360 1.0 1
1747197623376 1.0 1
1747197623393 1.0 1
1747197623410 1.0 1
1747197623427 1.0 1
1747197623444 1.0 1
1747197623461 1.0 1
1747197623477 1.0 1
1747197623494 1.0 1
1747197623509 1.0 1
1747197623525 1.0 1
1747197623541 1.0 1
1747197623560 1.0 1
1747197623576 1.0 1
1747197623592 1.0 1
1747197623610 1.0 1
1747197623627 1.0 1
1747197623643 1.0 1
1747197623660 1.0 1
1747197623677 1.0 1
1747197623694 1.0 1
1747197623711 1.0 1
1747197623728 1.0 1
1747197623745 1.0 1
1747197623761 1.0 1
1747197623778 1.0 1
1747197623794 1.0 1
1747197623811 1.0 1
1747197623827 1.0 1
1747197623843 1.0 1
1747197623859 1.0 1
1747197623876 1.0 1
1747197623893 1.0 1
1747197623910 1.0 1
1747197623926 1.0 1
1747197623942 1.0 1
1747197623958 1.0 1
1747197623974 1.0 1
1747197623991 1.0 1
1747197624010 1.0 1
1747197624026 1.0 1
1747197624042 1.0 1
1747197624060 1.0 1
1747197624076 1.0 1
1747197624092 1.0 1
1747197624110 1.0 1
1747197624126 1.0 1
1747197624142 1.0 1
1747197624159 1.0 1
1747197624176 1.0 1
1747197624192 1.0 1
1747197624208 1.0 1
1747197624225 1.0 1
1747197624241 1.0 1
