1747197780236 1.0 1
1747197780267 2.0 1
1747197780296 3.0 1
1747197780325 4.0 1
1747197780351 4.933333333333334 1
1747197780377 5.833333333333333 1
1747197780399 6.666666666666667 1
1747197780424 7.466666666666667 1
1747197780446 8.166666666666666 1
1747197780467 8.866666666666667 1
1747197780489 9.566666666666666 1
1747197780510 10.2 1
1747197780529 10.766666666666667 1
1747197780548 11.3 1
1747197780568 11.8 1
1747197780588 12.266666666666667 1
1747197780610 12.733333333333333 1
1747197780639 13.166666666666666 1
1747197780658 13.566666666666666 1
1747197780676 13.966666666666667 1
1747197780694 14.366666666666667 1
1747197780711 14.633333333333333 1
1747197780727 14.9 1
1747197780743 15.166666666666666 1
1747197780762 15.433333333333334 1
1747197780778 15.7 1
1747197780797 15.933333333333334 1
1747197780813 16.166666666666668 1
1747197780829 16.4 1
1747197780845 16.633333333333333 1
1747197780861 16.866666666666667 1
1747197780878 17.1 1
1747197780892 17.333333333333332 1
1747197780910 17.566666666666666 1
1747197780927 17.8 1
1747197780946 18.033333333333335 1
1747197780964 18.266666666666666 1
1747197780978 18.5 1
1747197780995 18.733333333333334 1
1747197781012 18.966666666666665 1
1747197781028 19.2 1
1747197781044 19.433333333333334 1
1747197781061 19.666666666666668 1
1747197781077 19.9 1
1747197781093 20.133333333333333 1
1747197781110 20.366666666666667 1
1747197781128 20.6 1
1747197781144 20.833333333333332 1
1747197781159 21.066666666666666 1
1747197781177 21.3 1
1747197781193 21.533333333333335 1
1747197781209 21.766666666666666 1
1747197781223 21.966666666666665 1
1747197781243 22.166666666666668 1
1747197781258 22.333333333333332 1
1747197781276 22.5 1
1747197781293 22.666666666666668 1
1747197781309 22.766666666666666 1
1747197781328 22.866666666666667 1
1747197781342 22.966666666666665 1
1747197781360 23.066666666666666 1
1747197781377 23.166666666666668 1
1747197781393 23.266666666666666 1
1747197781410 23.366666666666667 1
1747197781428 23.466666666666665 1
1747197781443 23.566666666666666 1
1747197781459 23.666666666666668 1
1747197781474 23.766666666666666 1
1747197781491 23.866666666666667 1
1747197781508 23.966666666666665 1
1747197781523 24.066666666666666 1
1747197781542 24.166666666666668 1
1747197781555 24.266666666666666 1
1747197781573 24.366666666666667 1
1747197781590 24.466666666666665 1
1747197781605 24.566666666666666 1
1747197781623 24.666666666666668 1
1747197781638 24.766666666666666 1
1747197781655 24.866666666666667 1
1747197781671 24.966666666666665 1
1747197781687 25.066666666666666 1
1747197781705 25.166666666666668 1
1747197781722 25.266666666666666 1
1747197781741 25.366666666666667 1
1747197781757 25.466666666666665 1
1747197781772 25.566666666666666 1
1747197781792 25.666666666666668 1
1747197781805 25.766666666666666 1
1747197781824 25.866666666666667 1
1747197781841 25.966666666666665 1
1747197781858 26.066666666666666 1
1747197781873 26.166666666666668 1
1747197781887 26.266666666666666 1
1747197781904 26.366666666666667 1
1747197781924 26.466666666666665 1
1747197781939 26.566666666666666 1
1747197781956 26.666666666666668 1
1747197781970 26.766666666666666 1
1747197781989 26.866666666666667 1
1747197782006 26.966666666666665 1
1747197782023 27.066666666666666 1
1747197782038 27.166666666666668 1
1747197782053 27.266666666666666 1
1747197782071 27.366666666666667 1
1747197782088 27.466666666666665 1
1747197782106 27.566666666666666 1
1747197782130 27.666666666666668 1
1747197782143 27.766666666666666 1
1747197782160 27.866666666666667 1
1747197782176 27.966666666666665 1
1747197782193 28.066666666666666 1
1747197782210 28.166666666666668 1
1747197782226 28.266666666666666 1
1747197782241 28.366666666666667 1
1747197782258 28.466666666666665 1
1747197782274 28.566666666666666 1
1747197782293 28.666666666666668 1
1747197782309 28.766666666666666 1
1747197782324 28.866666666666667 1
1747197782341 28.966666666666665 1
1747197782357 29.066666666666666 1
1747197782373 29.166666666666668 1
1747197782389 29.266666666666666 1
1747197782405 29.366666666666667 1
1747197782423 29.466666666666665 1
1747197782438 29.566666666666666 1
1747197782456 29.666666666666668 1
1747197782470 29.766666666666666 1
1747197782487 29.866666666666667 1
1747197782504 29.966666666666665 1
1747197782521 30.066666666666666 1
1747197782536 30.166666666666668 1
1747197782554 30.266666666666666 1
1747197782570 30.366666666666667 1
1747197782585 30.466666666666665 1
1747197782602 30.566666666666666 1
1747197782617 30.666666666666668 1
1747197782635 30.766666666666666 1
1747197782652 30.866666666666667 1
1747197782668 30.966666666666665 1
1747197782685 31.066666666666666 1
1747197782701 31.166666666666668 1
1747197782719 31.266666666666666 1
1747197782734 31.366666666666667 1
1747197782748 31.466666666666665 1
1747197782765 31.566666666666666 1
1747197782781 31.666666666666668 1
1747197782799 31.766666666666666 1
1747197782818 31.866666666666667 1
1747197782833 31.966666666666665 1
1747197782849 32.03333333333333 1
1747197782864 32.1 1
1747197782880 32.166666666666664 1
1747197782898 32.233333333333334 1
1747197782914 32.3 1
1747197782931 32.36666666666667 1
1747197782945 32.43333333333333 1
1747197782962 32.5 1
1747197782978 32.56666666666667 1
1747197782995 32.63333333333333 1
1747197783012 32.7 1
1747197783028 32.766666666666666 1
1747197783045 32.833333333333336 1
1747197783061 32.9 1
1747197783078 32.96666666666667 1
1747197783096 33.03333333333333 1
1747197783112 33.1 1
1747197783129 33.166666666666664 1
1747197783142 33.233333333333334 1
1747197783159 33.3 1
1747197783178 33.36666666666667 1
1747197783194 33.43333333333333 1
1747197783210 33.5 1
1747197783227 33.56666666666667 1
1747197783242 33.63333333333333 1
1747197783260 33.7 1
1747197783274 33.766666666666666 1
1747197783291 33.833333333333336 1
1747197783306 33.9 1
1747197783327 33.96666666666667 1
1747197783341 34.03333333333333 1
1747197783356 34.1 1
1747197783374 34.166666666666664 1
1747197783389 34.233333333333334 1
1747197783405 34.3 1
1747197783423 34.36666666666667 1
1747197783436 34.43333333333333 1
1747197783453 34.5 1
1747197783470 34.56666666666667 1
1747197783487 34.63333333333333 1
1747197783504 34.7 1
1747197783520 34.766666666666666 1
1747197783537 34.833333333333336 1
1747197783553 34.9 1
1747197783571 34.96666666666667 1
1747197783588 35.03333333333333 1
1747197783603 35.1 1
1747197783622 35.166666666666664 1
1747197783636 35.233333333333334 1
1747197783653 35.3 1
1747197783671 35.36666666666667 1
1747197783687 35.43333333333333 1
1747197783702 35.5 1
1747197783720 35.56666666666667 1
1747197783736 35.63333333333333 1
1747197783752 35.7 1
1747197783769 35.766666666666666 1
1747197783786 35.833333333333336 1
1747197783802 35.9 1
1747197783823 35.96666666666667 1
1747197783836 36.03333333333333 1
1747197783854 36.1 1
1747197783870 36.166666666666664 1
1747197783889 36.233333333333334 1
1747197783903 36.3 1
1747197783920 36.36666666666667 1
1747197783938 36.43333333333333 1
1747197783953 36.5 1
1747197783969 36.56666666666667 1
1747197783989 36.63333333333333 1
1747197784005 36.7 1
1747197784021 36.766666666666666 1
1747197784038 36.833333333333336 1
1747197784054 36.86666666666667 1
1747197784072 36.9 1
1747197784086 36.93333333333333 1
1747197784103 36.96666666666667 1
1747197784120 37.0 1
1747197784137 37.03333333333333 1
1747197784153 37.06666666666667 1
1747197784169 37.1 1
1747197784187 37.13333333333333 1
1747197784202 37.166666666666664 1
1747197784220 37.2 1
1747197784237 37.233333333333334 1
1747197784253 37.266666666666666 1
1747197784269 37.3 1
1747197784286 37.333333333333336 1
1747197784303 37.36666666666667 1
1747197784324 37.4 1
1747197784340 37.43333333333333 1
1747197784357 37.46666666666667 1
1747197784370 37.5 1
1747197784386 37.53333333333333 1
1747197784404 37.56666666666667 1
1747197784421 37.6 1
1747197784438 37.63333333333333 1
1747197784454 37.666666666666664 1
1747197784469 37.7 1
1747197784487 37.733333333333334 1
1747197784502 37.766666666666666 1
1747197784518 37.8 1
1747197784534 37.833333333333336 1
1747197784551 37.86666666666667 1
1747197784571 37.9 1
1747197784586 37.93333333333333 1
1747197784600 37.96666666666667 1
1747197784617 38.0 1
1747197784634 38.03333333333333 1
1747197784652 38.06666666666667 1
1747197784669 38.1 1
1747197784686 38.13333333333333 1
1747197784703 38.166666666666664 1
1747197784720 38.2 1
1747197784737 38.233333333333334 1
1747197784754 38.266666666666666 1
1747197784769 38.3 1
1747197784785 38.333333333333336 1
1747197784800 38.36666666666667 1
1747197784819 38.4 1
1747197784846 38.43333333333333 1
1747197784858 38.46666666666667 1
1747197784874 38.5 1
1747197784892 38.53333333333333 1
1747197784908 38.56666666666667 1
1747197784926 38.6 1
1747197784940 38.63333333333333 1
1747197784958 38.666666666666664 1
1747197784974 38.7 1
1747197784992 38.733333333333334 1
1747197785008 38.766666666666666 1
1747197785023 38.8 1
1747197785040 38.833333333333336 1
1747197785056 38.86666666666667 1
1747197785072 38.9 1
1747197785089 38.93333333333333 1
1747197785105 38.96666666666667 1
1747197785123 39.0 1
1747197785138 39.03333333333333 1
1747197785155 39.06666666666667 1
1747197785174 39.1 1
1747197785190 39.13333333333333 1
1747197785207 39.166666666666664 1
1747197785222 39.2 1
1747197785240 39.233333333333334 1
1747197785256 39.266666666666666 1
1747197785272 39.3 1
1747197785289 39.333333333333336 1
1747197785306 39.36666666666667 1
1747197785323 39.4 1
1747197785340 39.43333333333333 1
1747197785355 39.46666666666667 1
1747197785371 39.5 1
1747197785386 39.53333333333333 1
1747197785404 39.56666666666667 1
1747197785423 39.6 1
1747197785438 39.63333333333333 1
1747197785454 39.666666666666664 1
1747197785468 39.7 1
1747197785487 39.733333333333334 1
1747197785503 39.766666666666666 1
1747197785520 39.8 1
1747197785534 39.833333333333336 1
1747197785551 39.86666666666667 1
1747197785570 39.9 1
1747197785586 39.93333333333333 1
1747197785602 39.96666666666667 1
1747197785618 40.0 1
1747197785634 40.03333333333333 1
1747197785652 40.06666666666667 1
1747197785667 40.1 1
1747197785684 40.13333333333333 1
1747197785703 40.166666666666664 1
1747197785718 40.2 1
1747197785735 40.233333333333334 1
1747197785753 40.266666666666666 1
1747197785769 40.3 1
1747197785785 40.333333333333336 1
1747197785802 40.36666666666667 1
1747197785820 40.4 1
1747197785835 40.43333333333333 1
1747197785852 40.46666666666667 1
1747197785866 40.5 1
1747197785884 40.53333333333333 1
1747197785901 40.56666666666667 1
1747197785918 40.6 1
1747197785934 40.63333333333333 1
1747197785949 40.666666666666664 1
1747197785964 40.7 1
1747197785981 40.733333333333334 1
1747197785998 40.766666666666666 1
1747197786014 40.8 1
1747197786030 40.833333333333336 1
1747197786046 40.86666666666667 1
1747197786064 40.9 1
1747197786081 40.93333333333333 1
1747197786097 40.96666666666667 1
1747197786113 41.0 1
1747197786131 41.03333333333333 1
1747197786148 41.06666666666667 1
1747197786163 41.1 1
1747197786181 41.13333333333333 1
1747197786206 41.166666666666664 1
1747197786220 41.2 1
1747197786236 41.233333333333334 1
1747197786251 41.266666666666666 1
1747197786268 41.3 1
1747197786284 41.333333333333336 1
1747197786301 41.36666666666667 1
1747197786318 41.4 1
1747197786335 41.43333333333333 1
1747197786352 41.46666666666667 1
1747197786368 41.5 1
1747197786383 41.53333333333333 1
1747197786400 41.56666666666667 1
1747197786416 41.6 1
1747197786434 41.63333333333333 1
1747197786449 41.666666666666664 1
1747197786465 41.7 1
1747197786481 41.733333333333334 1
1747197786499 41.766666666666666 1
1747197786515 41.8 1
1747197786531 41.833333333333336 1
1747197786547 41.86666666666667 1
1747197786564 41.9 1
1747197786580 41.93333333333333 1
1747197786597 41.96666666666667 1
1747197786614 42.0 1
1747197786630 42.03333333333333 1
1747197786646 42.06666666666667 1
1747197786663 42.1 1
1747197786681 42.13333333333333 1
1747197786697 42.166666666666664 1
1747197786714 42.2 1
1747197786731 42.233333333333334 1
1747197786748 42.266666666666666 1
1747197786764 42.3 1
1747197786781 42.333333333333336 1
1747197786797 42.36666666666667 1
1747197786814 42.4 1
1747197786830 42.43333333333333 1
1747197786847 42.46666666666667 1
1747197786862 42.5 1
1747197786879 42.53333333333333 1
1747197786897 42.56666666666667 1
1747197786913 42.6 1
1747197786929 42.63333333333333 1
1747197786946 42.666666666666664 1
1747197786965 42.7 1
1747197786983 42.733333333333334 1
1747197786998 42.766666666666666 1
1747197787015 42.8 1
1747197787031 42.833333333333336 1
1747197787047 42.86666666666667 1
1747197787064 42.9 1
1747197787079 42.93333333333333 1
1747197787096 42.96666666666667 1
1747197787112 43.0 1
1747197787130 43.03333333333333 1
1747197787147 43.06666666666667 1
1747197787164 43.1 1
1747197787180 43.13333333333333 1
1747197787197 43.166666666666664 1
1747197787214 43.2 1
1747197787230 43.233333333333334 1
1747197787246 43.266666666666666 1
1747197787264 43.3 1
1747197787281 43.333333333333336 1
1747197787298 43.36666666666667 1
1747197787315 43.4 1
1747197787332 43.43333333333333 1
1747197787347 43.46666666666667 1
1747197787366 43.5 1
1747197787381 43.53333333333333 1
1747197787395 43.56666666666667 1
1747197787410 43.6 1
1747197787428 43.63333333333333 1
1747197787445 43.666666666666664 1
1747197787461 43.7 1
1747197787478 43.733333333333334 1
1747197787494 43.766666666666666 1
1747197787512 43.8 1
1747197787528 43.833333333333336 1
1747197787544 43.86666666666667 1
1747197787560 43.9 1
1747197787580 43.93333333333333 1
1747197787594 43.96666666666667 1
1747197787610 44.0 1
1747197787626 44.03333333333333 1
1747197787643 44.06666666666667 1
1747197787659 44.1 1
1747197787677 44.13333333333333 1
1747197787691 44.166666666666664 1
1747197787707 44.2 1
1747197787723 44.233333333333334 1
1747197787740 44.266666666666666 1
1747197787757 44.3 1
1747197787772 44.333333333333336 1
1747197787791 44.36666666666667 1
1747197787805 44.4 1
1747197787822 44.43333333333333 1
1747197787839 44.46666666666667 1
1747197787854 44.5 1
1747197787871 44.53333333333333 1
1747197787886 44.56666666666667 1
1747197787904 44.6 1
1747197787920 44.63333333333333 1
1747197787936 44.666666666666664 1
1747197787951 44.7 1
1747197787967 44.733333333333334 1
1747197787985 44.766666666666666 1
1747197788000 44.8 1
1747197788016 44.833333333333336 1
1747197788032 44.86666666666667 1
1747197788048 44.9 1
1747197788066 44.93333333333333 1
1747197788082 44.96666666666667 1
1747197788101 45.0 1
1747197788115 45.03333333333333 1
1747197788132 45.06666666666667 1
1747197788149 45.1 1
1747197788165 45.13333333333333 1
1747197788182 45.166666666666664 1
1747197788198 45.2 1
1747197788214 45.233333333333334 1
1747197788232 45.266666666666666 1
1747197788248 45.3 1
1747197788264 45.333333333333336 1
1747197788280 45.36666666666667 1
1747197788297 45.4 1
1747197788320 45.43333333333333 1
1747197788333 45.46666666666667 1
1747197788350 45.5 1
1747197788368 45.53333333333333 1
1747197788384 45.56666666666667 1
1747197788402 45.6 1
1747197788418 45.63333333333333 1
1747197788434 45.666666666666664 1
1747197788451 45.7 1
1747197788467 45.733333333333334 1
1747197788483 45.766666666666666 1
1747197788500 45.8 1
1747197788519 45.833333333333336 1
1747197788532 45.86666666666667 1
1747197788550 45.9 1
1747197788566 45.93333333333333 1
1747197788581 45.96666666666667 1
1747197788599 46.0 1
1747197788614 46.03333333333333 1
1747197788631 46.06666666666667 1
1747197788646 46.1 1
1747197788661 46.13333333333333 1
1747197788679 46.166666666666664 1
1747197788695 46.2 1
1747197788712 46.233333333333334 1
1747197788728 46.266666666666666 1
1747197788746 46.3 1
1747197788762 46.333333333333336 1
1747197788778 46.36666666666667 1
1747197788796 46.4 1
1747197788810 46.43333333333333 1
1747197788826 46.46666666666667 1
1747197788845 46.5 1
1747197788860 46.53333333333333 1
1747197788876 46.56666666666667 1
1747197788892 46.6 1
1747197788910 46.63333333333333 1
1747197788937 46.666666666666664 1
1747197788950 46.7 1
1747197788967 46.733333333333334 1
1747197788982 46.766666666666666 1
1747197789000 46.8 1
1747197789016 46.833333333333336 1
1747197789032 46.86666666666667 1
1747197789047 46.9 1
1747197789065 46.93333333333333 1
1747197789080 46.96666666666667 1
1747197789098 47.0 1
1747197789115 47.03333333333333 1
1747197789131 47.06666666666667 1
1747197789147 47.1 1
1747197789163 47.13333333333333 1
1747197789180 47.166666666666664 1
1747197789196 47.2 1
1747197789213 47.233333333333334 1
1747197789227 47.266666666666666 1
1747197789244 47.3 1
1747197789261 47.333333333333336 1
1747197789277 47.36666666666667 1
1747197789296 47.4 1
1747197789311 47.43333333333333 1
1747197789329 47.46666666666667 1
1747197789344 47.5 1
1747197789360 47.53333333333333 1
1747197789377 47.56666666666667 1
1747197789394 47.6 1
1747197789410 47.63333333333333 1
1747197789428 47.666666666666664 1
1747197789443 47.7 1
1747197789461 47.733333333333334 1
1747197789477 47.766666666666666 1
1747197789494 47.8 1
1747197789512 47.833333333333336 1
1747197789527 47.86666666666667 1
1747197789544 47.9 1
1747197789561 47.93333333333333 1
1747197789577 47.96666666666667 1
1747197789595 48.0 1
1747197789611 48.03333333333333 1
1747197789629 48.06666666666667 1
1747197789665 48.1 1
1747197789689 48.13333333333333 1
1747197789714 48.166666666666664 1
1747197789732 48.2 1
1747197789746 48.233333333333334 1
1747197789764 48.266666666666666 1
1747197789779 48.3 1
1747197789797 48.333333333333336 1
1747197789813 48.36666666666667 1
1747197789832 48.4 1
1747197789850 48.43333333333333 1
1747197789866 48.46666666666667 1
1747197789884 48.5 1
1747197789901 48.53333333333333 1
1747197789918 48.56666666666667 1
1747197789933 48.6 1
1747197789950 48.63333333333333 1
1747197789967 48.666666666666664 1
1747197789986 48.7 1
1747197790000 48.733333333333334 1
1747197790016 48.766666666666666 1
1747197790031 48.8 1
1747197790048 48.833333333333336 1
1747197790064 48.86666666666667 1
1747197790081 48.9 1
1747197790100 48.93333333333333 1
1747197790112 48.96666666666667 1
1747197790131 49.0 1
1747197790148 49.03333333333333 1
1747197790163 49.06666666666667 1
1747197790180 49.1 1
1747197790195 49.13333333333333 1
1747197790214 49.166666666666664 1
1747197790229 49.2 1
1747197790243 49.233333333333334 1
1747197790264 49.266666666666666 1
1747197790278 49.3 1
1747197790301 49.333333333333336 1
1747197790317 49.36666666666667 1
1747197790334 49.4 1
1747197790354 49.43333333333333 1
1747197790372 49.46666666666667 1
1747197790390 49.5 1
1747197790407 49.53333333333333 1
1747197790419 49.56666666666667 1
1747197790436 49.6 1
1747197790454 49.63333333333333 1
1747197790469 49.666666666666664 1
1747197790489 49.7 1
1747197790505 49.733333333333334 1
1747197790521 49.766666666666666 1
1747197790533 49.8 1
1747197790552 49.833333333333336 1
1747197790575 49.86666666666667 1
1747197790592 49.9 1
1747197790608 49.93333333333333 1
1747197790627 49.96666666666667 1
1747197790640 50.0 1
1747197790656 50.03333333333333 1
1747197790679 50.06666666666667 1
1747197790691 50.1 1
1747197790711 50.13333333333333 1
1747197790724 50.166666666666664 1
1747197790743 50.2 1
1747197790757 50.233333333333334 1
1747197790773 50.266666666666666 1
1747197790792 50.3 1
1747197790806 50.333333333333336 1
1747197790824 50.36666666666667 1
1747197790839 50.4 1
1747197790860 50.43333333333333 1
1747197790878 50.46666666666667 1
1747197790895 50.5 1
1747197790909 50.53333333333333 1
1747197790933 50.56666666666667 1
1747197790957 50.6 1
1747197790972 50.63333333333333 1
1747197790988 50.666666666666664 1
1747197791006 50.7 1
1747197791021 50.733333333333334 1
1747197791037 50.766666666666666 1
1747197791054 50.8 1
1747197791069 50.833333333333336 1
1747197791085 50.86666666666667 1
1747197791102 50.9 1
1747197791120 50.93333333333333 1
1747197791135 50.96666666666667 1
1747197791154 51.0 1
1747197791174 51.03333333333333 1
1747197791190 51.06666666666667 1
1747197791206 51.1 1
1747197791223 51.13333333333333 1
1747197791239 51.166666666666664 1
1747197791256 51.2 1
1747197791273 51.233333333333334 1
1747197791287 51.266666666666666 1
1747197791304 51.3 1
1747197791321 51.333333333333336 1
1747197791338 51.36666666666667 1
1747197791353 51.4 1
1747197791374 51.43333333333333 1
1747197791389 51.46666666666667 1
1747197791406 51.5 1
1747197791422 51.53333333333333 1
1747197791438 51.56666666666667 1
1747197791454 51.6 1
1747197791472 51.63333333333333 1
1747197791488 51.666666666666664 1
1747197791506 51.7 1
1747197791521 51.733333333333334 1
1747197791536 51.766666666666666 1
1747197791553 51.8 1
1747197791569 51.833333333333336 1
1747197791586 51.86666666666667 1
1747197791603 51.9 1
1747197791617 51.93333333333333 1
1747197791632 51.96666666666667 1
1747197791658 52.0 1
1747197791674 52.03333333333333 1
1747197791689 52.06666666666667 1
1747197791707 52.1 1
1747197791726 52.13333333333333 1
1747197791739 52.166666666666664 1
1747197791757 52.2 1
1747197791774 52.233333333333334 1
1747197791791 52.266666666666666 1
1747197791806 52.3 1
1747197791824 52.333333333333336 1
1747197791841 52.36666666666667 1
1747197791856 52.4 1
1747197791874 52.43333333333333 1
1747197791890 52.46666666666667 1
1747197791907 52.5 1
1747197791923 52.53333333333333 1
1747197791940 52.56666666666667 1
1747197791957 52.6 1
1747197791973 52.63333333333333 1
1747197791989 52.666666666666664 1
1747197792008 52.7 1
1747197792022 52.733333333333334 1
1747197792040 52.766666666666666 1
1747197792058 52.8 1
1747197792072 52.833333333333336 1
1747197792090 52.86666666666667 1
1747197792107 52.9 1
1747197792123 52.93333333333333 1
1747197792140 52.96666666666667 1
1747197792155 53.0 1
1747197792172 53.03333333333333 1
1747197792189 53.06666666666667 1
1747197792205 53.1 1
1747197792223 53.13333333333333 1
1747197792240 53.166666666666664 1
1747197792258 53.2 1
1747197792272 53.233333333333334 1
1747197792291 53.266666666666666 1
1747197792306 53.3 1
1747197792321 53.333333333333336 1
1747197792336 53.36666666666667 1
1747197792354 53.4 1
1747197792369 53.43333333333333 1
1747197792388 53.46666666666667 1
1747197792404 53.5 1
1747197792419 53.53333333333333 1
1747197792435 53.56666666666667 1
1747197792450 53.6 1
1747197792468 53.63333333333333 1
1747197792483 53.666666666666664 1
1747197792499 53.7 1
1747197792516 53.733333333333334 1
1747197792532 53.766666666666666 1
1747197792549 53.8 1
1747197792564 53.833333333333336 1
1747197792580 53.86666666666667 1
1747197792598 53.9 1
1747197792613 53.93333333333333 1
1747197792630 53.96666666666667 1
1747197792646 54.0 1
1747197792661 54.03333333333333 1
1747197792681 54.06666666666667 1
1747197792694 54.1 1
1747197792712 54.13333333333333 1
1747197792728 54.166666666666664 1
1747197792745 54.2 1
1747197792762 54.233333333333334 1
1747197792776 54.266666666666666 1
1747197792794 54.3 1
1747197792808 54.333333333333336 1
1747197792824 54.36666666666667 1
1747197792842 54.4 1
1747197792858 54.43333333333333 1
1747197792877 54.46666666666667 1
1747197792891 54.5 1
1747197792907 54.53333333333333 1
1747197792924 54.56666666666667 1
1747197792942 54.6 1
1747197792959 54.63333333333333 1
1747197792973 54.666666666666664 1
1747197792990 54.7 1
1747197793009 54.733333333333334 1
1747197793035 54.766666666666666 1
1747197793048 54.8 1
1747197793066 54.833333333333336 1
1747197793082 54.86666666666667 1
1747197793100 54.9 1
1747197793116 54.93333333333333 1
1747197793132 54.96666666666667 1
1747197793149 55.0 1
1747197793165 55.03333333333333 1
1747197793183 55.06666666666667 1
1747197793198 55.1 1
1747197793214 55.13333333333333 1
1747197793231 55.166666666666664 1
1747197793247 55.2 1
1747197793267 55.233333333333334 1
1747197793281 55.266666666666666 1
1747197793300 55.3 1
1747197793317 55.333333333333336 1
1747197793331 55.36666666666667 1
1747197793350 55.4 1
1747197793370 55.43333333333333 1
1747197793387 55.46666666666667 1
1747197793403 55.5 1
1747197793417 55.53333333333333 1
1747197793436 55.56666666666667 1
1747197793450 55.6 1
1747197793466 55.63333333333333 1
1747197793486 55.666666666666664 1
1747197793500 55.7 1
1747197793517 55.733333333333334 1
1747197793531 55.766666666666666 1
1747197793549 55.8 1
1747197793566 55.833333333333336 1
1747197793582 55.86666666666667 1
1747197793599 55.9 1
1747197793614 55.93333333333333 1
1747197793632 55.96666666666667 1
1747197793648 56.0 1
1747197793663 56.03333333333333 1
1747197793681 56.06666666666667 1
1747197793697 56.1 1
1747197793715 56.13333333333333 1
1747197793732 56.166666666666664 1
1747197793749 56.2 1
1747197793767 56.233333333333334 1
1747197793782 56.266666666666666 1
1747197793799 56.3 1
1747197793814 56.333333333333336 1
1747197793831 56.36666666666667 1
1747197793849 56.4 1
1747197793863 56.43333333333333 1
1747197793880 56.46666666666667 1
1747197793897 56.5 1
1747197793911 56.53333333333333 1
1747197793929 56.56666666666667 1
1747197793944 56.6 1
1747197793961 56.63333333333333 1
1747197793977 56.666666666666664 1
1747197793993 56.7 1
1747197794011 56.733333333333334 1
1747197794034 56.766666666666666 1
1747197794052 56.8 1
1747197794070 56.833333333333336 1
1747197794083 56.86666666666667 1
1747197794102 56.9 1
1747197794117 56.93333333333333 1
1747197794134 56.96666666666667 1
1747197794149 57.0 1
1747197794165 57.03333333333333 1
1747197794182 57.06666666666667 1
1747197794198 57.1 1
1747197794214 57.13333333333333 1
1747197794232 57.166666666666664 1
1747197794247 57.2 1
1747197794266 57.233333333333334 1
1747197794280 57.266666666666666 1
1747197794298 57.3 1
1747197794313 57.333333333333336 1
1747197794330 57.36666666666667 1
1747197794346 57.4 1
1747197794363 57.43333333333333 1
1747197794386 57.46666666666667 1
1747197794404 57.5 1
1747197794419 57.53333333333333 1
1747197794437 57.56666666666667 1
1747197794452 57.6 1
1747197794472 57.63333333333333 1
1747197794491 57.666666666666664 1
1747197794514 57.7 1
1747197794529 57.733333333333334 1
1747197794546 57.766666666666666 1
1747197794562 57.8 1
1747197794579 57.833333333333336 1
1747197794597 57.86666666666667 1
1747197794612 57.9 1
1747197794630 57.93333333333333 1
1747197794646 57.96666666666667 1
1747197794661 58.0 1
1747197794680 58.03333333333333 1
1747197794695 58.06666666666667 1
1747197794714 58.1 1
1747197794733 58.13333333333333 1
1747197794747 58.166666666666664 1
1747197794767 58.2 1
1747197794791 58.233333333333334 1
1747197794807 58.266666666666666 1
1747197794824 58.3 1
1747197794840 58.333333333333336 1
1747197794856 58.36666666666667 1
1747197794874 58.4 1
1747197794890 58.43333333333333 1
1747197794905 58.46666666666667 1
1747197794923 58.5 1
1747197794940 58.53333333333333 1
1747197794956 58.56666666666667 1
1747197794972 58.6 1
1747197794988 58.63333333333333 1
1747197795005 58.666666666666664 1
1747197795022 58.7 1
1747197795038 58.733333333333334 1
1747197795055 58.766666666666666 1
1747197795071 58.8 1
1747197795088 58.833333333333336 1
1747197795104 58.86666666666667 1
1747197795122 58.9 1
1747197795139 58.93333333333333 1
1747197795154 58.96666666666667 1
1747197795170 59.0 1
1747197795186 59.03333333333333 1
1747197795201 59.06666666666667 1
1747197795220 59.1 1
1747197795236 59.13333333333333 1
1747197795249 59.166666666666664 1
1747197795268 59.2 1
1747197795284 59.233333333333334 1
1747197795300 59.266666666666666 1
1747197795317 59.3 1
1747197795334 59.333333333333336 1
1747197795352 59.36666666666667 1
1747197795368 59.4 1
1747197795385 59.43333333333333 1
1747197795404 59.46666666666667 1
1747197795416 59.5 1
1747197795434 59.53333333333333 1
1747197795451 59.56666666666667 1
1747197795469 59.6 1
1747197795486 59.63333333333333 1
1747197795502 59.666666666666664 1
1747197795518 59.7 1
1747197795534 59.733333333333334 1
1747197795551 59.766666666666666 1
1747197795569 59.8 1
1747197795584 59.833333333333336 1
