1747197780217 0.36666666666666664 1
1747197780259 1.111111111111111 1
1747197780289 2.246666666666667 1
1747197780318 3.786666666666667 1
1747197780345 5.624444444444445 1
1747197780371 7.8 1
1747197780394 10.185555555555558 1
1747197780417 12.870000000000001 1
1747197780440 15.626666666666667 1
1747197780461 18.764444444444447 1
1747197780484 22.29888888888889 1
1747197780504 25.772222222222226 1
1747197780523 29.166666666666668 1
1747197780542 32.71333333333334 1
1747197780561 36.39666666666667 1
1747197780580 40.20333333333334 1
1747197780603 44.32777777777778 1
1747197780623 48.56111111111112 1
1747197780652 52.85444444444445 1
1747197780671 57.43222222222222 1
1747197780689 62.28555555555556 1
1747197780705 64.43666666666667 1
1747197780721 66.68555555555557 1
1747197780738 69.03222222222222 1
1747197780756 71.47666666666667 1
1747197780772 74.0188888888889 1
1747197780790 76.3288888888889 1
1747197780806 78.72444444444446 1
1747197780823 81.20555555555556 1
1747197780840 83.77222222222223 1
1747197780855 86.42444444444445 1
1747197780871 89.16222222222223 1
1747197780887 91.98555555555556 1
1747197780904 94.89444444444445 1
1747197780921 97.8888888888889 1
1747197780938 100.9688888888889 1
1747197780957 104.13444444444445 1
1747197780972 107.38555555555557 1
1747197780989 110.72222222222224 1
1747197781006 114.14444444444446 1
1747197781023 117.65222222222225 1
1747197781039 121.24555555555557 1
1747197781056 124.92444444444446 1
1747197781072 128.68888888888893 1
1747197781089 132.53888888888892 1
1747197781105 136.47444444444446 1
1747197781121 140.4955555555556 1
1747197781138 144.60222222222225 1
1747197781154 148.79444444444445 1
1747197781170 153.07444444444445 1
1747197781188 157.44444444444446 1
1747197781203 161.9066666666667 1
1747197781219 165.81555555555556 1
1747197781237 169.80888888888887 1
1747197781253 173.17000000000002 1
1747197781268 176.5922222222222 1
1747197781286 180.07555555555555 1
1747197781301 182.20222222222222 1
1747197781321 184.36555555555555 1
1747197781337 186.56555555555553 1
1747197781355 188.8022222222222 1
1747197781371 191.07555555555555 1
1747197781387 193.38555555555556 1
1747197781404 195.73222222222222 1
1747197781421 198.11555555555555 1
1747197781436 200.53555555555556 1
1747197781454 202.99222222222224 1
1747197781469 205.48555555555555 1
1747197781485 208.01555555555555 1
1747197781502 210.5822222222222 1
1747197781517 213.18555555555557 1
1747197781536 215.82555555555555 1
1747197781549 218.50222222222223 1
1747197781567 221.21555555555554 1
1747197781584 223.96555555555554 1
1747197781599 226.75222222222223 1
1747197781616 229.57555555555555 1
1747197781633 232.4355555555555 1
1747197781650 235.3322222222222 1
1747197781665 238.26555555555555 1
1747197781682 241.23555555555552 1
1747197781699 244.24222222222218 1
1747197781716 247.28555555555553 1
1747197781735 250.36555555555555 1
1747197781751 253.48222222222222 1
1747197781766 256.6355555555555 1
1747197781784 259.8255555555555 1
1747197781800 263.0522222222222 1
1747197781818 266.31555555555553 1
1747197781835 269.61555555555555 1
1747197781851 272.95222222222225 1
1747197781866 276.3255555555555 1
1747197781882 279.73555555555555 1
1747197781899 283.18222222222215 1
1747197781917 286.6655555555555 1
1747197781933 290.18555555555554 1
1747197781949 293.7422222222222 1
1747197781965 297.3355555555555 1
1747197781983 300.9655555555555 1
1747197782000 304.6322222222222 1
1747197782016 308.3355555555555 1
1747197782030 312.0755555555555 1
1747197782048 315.85222222222217 1
1747197782066 319.66555555555556 1
1747197782081 323.5155555555556 1
1747197782099 327.40222222222224 1
1747197782124 331.3255555555555 1
1747197782138 335.2855555555555 1
1747197782154 339.2822222222222 1
1747197782170 343.3155555555556 1
1747197782188 347.3855555555555 1
1747197782204 351.4922222222222 1
1747197782219 355.6355555555555 1
1747197782236 359.8155555555556 1
1747197782251 364.0322222222222 1
1747197782268 368.2855555555555 1
1747197782286 372.5755555555555 1
1747197782303 376.90222222222224 1
1747197782319 381.2655555555556 1
1747197782334 385.66555555555556 1
1747197782351 390.1022222222222 1
1747197782367 394.5755555555555 1
1747197782384 399.0855555555555 1
1747197782398 403.6322222222222 1
1747197782416 408.21555555555557 1
1747197782432 412.8355555555555 1
1747197782448 417.4922222222222 1
1747197782464 422.18555555555554 1
1747197782481 426.91555555555556 1
1747197782497 431.68222222222215 1
1747197782514 436.48555555555555 1
1747197782529 441.3255555555555 1
1747197782545 446.20222222222225 1
1747197782563 451.11555555555555 1
1747197782578 456.0655555555556 1
1747197782596 461.05222222222227 1
1747197782612 466.0755555555555 1
1747197782628 471.1355555555555 1
1747197782646 476.23222222222216 1
1747197782661 481.36555555555555 1
1747197782677 486.5355555555555 1
1747197782695 491.7422222222222 1
1747197782711 496.98555555555555 1
1747197782727 502.2655555555556 1
1747197782743 507.5822222222222 1
1747197782759 512.9355555555555 1
1747197782775 518.3255555555555 1
1747197782793 523.7522222222223 1
1747197782809 529.2155555555556 1
1747197782826 534.7155555555556 1
1747197782842 538.4066666666666 1
1747197782858 542.1222222222223 1
1747197782876 545.8622222222223 1
1747197782892 549.6266666666667 1
1747197782908 553.4155555555556 1
1747197782925 557.2288888888888 1
1747197782940 561.0666666666667 1
1747197782957 564.9288888888889 1
1747197782973 568.8155555555555 1
1747197782989 572.7266666666667 1
1747197783007 576.6622222222223 1
1747197783023 580.6222222222223 1
1747197783040 584.6066666666667 1
1747197783056 588.6155555555556 1
1747197783072 592.6488888888889 1
1747197783090 596.7066666666667 1
1747197783106 600.7888888888889 1
1747197783122 604.8955555555556 1
1747197783137 609.0266666666666 1
1747197783153 613.1822222222222 1
1747197783172 617.3622222222222 1
1747197783189 621.5666666666667 1
1747197783205 625.7955555555556 1
1747197783221 630.0488888888889 1
1747197783237 634.3266666666666 1
1747197783253 638.6288888888889 1
1747197783268 642.9555555555556 1
1747197783285 647.3066666666667 1
1747197783300 651.6822222222222 1
1747197783320 656.0822222222222 1
1747197783335 660.5066666666667 1
1747197783349 664.9555555555556 1
1747197783367 669.428888888889 1
1747197783383 673.9266666666666 1
1747197783400 678.4488888888889 1
1747197783416 682.9955555555555 1
1747197783431 687.5666666666667 1
1747197783447 692.1622222222221 1
1747197783463 696.7822222222222 1
1747197783480 701.4266666666666 1
1747197783497 706.0955555555556 1
1747197783514 710.7888888888889 1
1747197783531 715.5066666666667 1
1747197783549 720.2488888888889 1
1747197783566 725.0155555555556 1
1747197783582 729.8066666666667 1
1747197783597 734.6222222222223 1
1747197783614 739.4622222222223 1
1747197783631 744.3266666666666 1
1747197783648 749.2155555555556 1
1747197783664 754.1288888888888 1
1747197783681 759.0666666666667 1
1747197783696 764.0288888888888 1
1747197783715 769.0155555555556 1
1747197783730 774.0266666666666 1
1747197783746 779.0622222222223 1
1747197783763 784.1222222222223 1
1747197783779 789.2066666666667 1
1747197783796 794.3155555555555 1
1747197783815 799.4488888888889 1
1747197783830 804.6066666666667 1
1747197783848 809.7888888888889 1
1747197783864 814.9955555555556 1
1747197783881 820.2266666666668 1
1747197783897 825.4822222222224 1
1747197783914 830.7622222222224 1
1747197783931 836.066666666667 1
1747197783947 841.3955555555557 1
1747197783964 846.748888888889 1
1747197783984 852.1266666666668 1
1747197783997 857.5288888888889 1
1747197784015 862.9555555555556 1
1747197784031 868.4066666666666 1
1747197784047 871.1444444444444 1
1747197784065 873.8944444444444 1
1747197784080 876.6566666666666 1
1747197784098 879.4311111111111 1
1747197784114 882.2177777777778 1
1747197784129 885.0166666666667 1
1747197784147 887.8277777777779 1
1747197784163 890.6511111111112 1
1747197784181 893.4866666666668 1
1747197784196 896.3344444444446 1
1747197784212 899.1944444444446 1
1747197784231 902.0666666666667 1
1747197784247 904.9511111111111 1
1747197784264 907.8477777777778 1
1747197784280 910.7566666666667 1
1747197784296 913.6777777777777 1
1747197784313 916.6111111111111 1
1747197784332 919.5566666666667 1
1747197784350 922.5144444444445 1
1747197784364 925.4844444444444 1
1747197784381 928.4666666666667 1
1747197784398 931.4611111111112 1
1747197784414 934.4677777777779 1
1747197784432 937.4866666666668 1
1747197784448 940.5177777777778 1
1747197784464 943.5611111111112 1
1747197784481 946.6166666666667 1
1747197784496 949.6844444444445 1
1747197784513 952.7644444444445 1
1747197784529 955.8566666666667 1
1747197784545 958.9611111111111 1
1747197784564 962.0777777777778 1
1747197784579 965.2066666666667 1
1747197784595 968.3477777777778 1
1747197784612 971.5011111111111 1
1747197784629 974.6666666666666 1
1747197784646 977.8444444444445 1
1747197784663 981.0344444444446 1
1747197784679 984.2366666666668 1
1747197784697 987.4511111111112 1
1747197784715 990.6777777777778 1
1747197784731 993.9166666666666 1
1747197784747 997.1677777777778 1
1747197784764 1000.4311111111111 1
1747197784779 1003.7066666666667 1
1747197784795 1006.9944444444444 1
1747197784812 1010.2944444444444 1
1747197784828 1013.6066666666667 1
1747197784852 1016.9311111111111 1
1747197784869 1020.2677777777777 1
1747197784886 1023.6166666666667 1
1747197784902 1026.9777777777779 1
1747197784920 1030.3511111111113 1
1747197784935 1033.7366666666667 1
1747197784952 1037.1344444444446 1
1747197784968 1040.5444444444445 1
1747197784986 1043.9666666666667 1
1747197785002 1047.401111111111 1
1747197785017 1050.8477777777778 1
1747197785034 1054.3066666666666 1
1747197785050 1057.7777777777778 1
1747197785066 1061.2611111111112 1
1747197785084 1064.7566666666667 1
1747197785100 1068.2644444444445 1
1747197785117 1071.7844444444445 1
1747197785132 1075.3166666666666 1
1747197785150 1078.861111111111 1
1747197785168 1082.417777777778 1
1747197785184 1085.9866666666667 1
1747197785201 1089.5677777777778 1
1747197785217 1093.1611111111113 1
1747197785235 1096.7666666666667 1
1747197785250 1100.3844444444444 1
1747197785266 1104.0144444444445 1
1747197785283 1107.6566666666665 1
1747197785300 1111.3111111111111 1
1747197785316 1114.9777777777779 1
1747197785333 1118.6566666666665 1
1747197785349 1122.3477777777778 1
1747197785364 1126.0511111111111 1
1747197785381 1129.7666666666667 1
1747197785399 1133.4944444444443 1
1747197785416 1137.2344444444445 1
1747197785432 1140.9866666666667 1
1747197785447 1144.7511111111112 1
1747197785463 1148.5277777777776 1
1747197785480 1152.3166666666666 1
1747197785495 1156.1177777777777 1
1747197785512 1159.9311111111112 1
1747197785529 1163.7566666666667 1
1747197785546 1167.5944444444444 1
1747197785564 1171.4444444444446 1
1747197785579 1175.3066666666666 1
1747197785595 1179.1811111111112 1
1747197785612 1183.0677777777778 1
1747197785628 1186.9666666666667 1
1747197785645 1190.8777777777775 1
1747197785661 1194.8011111111111 1
1747197785677 1198.7366666666667 1
1747197785696 1202.6844444444444 1
1747197785712 1206.6444444444444 1
1747197785730 1210.6166666666666 1
1747197785746 1214.601111111111 1
1747197785763 1218.5977777777778 1
1747197785779 1222.6066666666666 1
1747197785796 1226.627777777778 1
1747197785813 1230.6611111111113 1
1747197785829 1234.7066666666665 1
1747197785845 1238.7644444444445 1
1747197785861 1242.8344444444444 1
1747197785877 1246.9166666666667 1
1747197785894 1251.011111111111 1
1747197785911 1255.1177777777777 1
1747197785927 1259.2366666666667 1
1747197785944 1263.3677777777777 1
1747197785959 1267.511111111111 1
1747197785975 1271.6666666666667 1
1747197785991 1275.8344444444444 1
1747197786008 1280.0144444444445 1
1747197786024 1284.2066666666665 1
1747197786040 1288.4111111111113 1
1747197786057 1292.627777777778 1
1747197786074 1296.8566666666666 1
1747197786091 1301.0977777777778 1
1747197786108 1305.351111111111 1
1747197786126 1309.6166666666666 1
1747197786142 1313.8944444444444 1
1747197786158 1318.1844444444444 1
1747197786175 1322.4866666666667 1
1747197786190 1326.8011111111111 1
1747197786213 1331.1277777777775 1
1747197786230 1335.4666666666667 1
1747197786245 1339.8177777777778 1
1747197786261 1344.1811111111112 1
1747197786279 1348.5566666666666 1
1747197786294 1352.9444444444446 1
1747197786311 1357.3444444444444 1
1747197786328 1361.7566666666667 1
1747197786344 1366.1811111111112 1
1747197786361 1370.6177777777777 1
1747197786377 1375.0666666666666 1
1747197786392 1379.5277777777776 1
1747197786410 1384.0011111111112 1
1747197786427 1388.4866666666667 1
1747197786444 1392.9844444444445 1
1747197786459 1397.4944444444443 1
1747197786475 1402.0166666666667 1
1747197786493 1406.5511111111111 1
1747197786508 1411.0977777777778 1
1747197786524 1415.6566666666665 1
1747197786542 1420.2277777777779 1
1747197786558 1424.8111111111111 1
1747197786575 1429.4066666666665 1
1747197786591 1434.0144444444445 1
1747197786608 1438.6344444444444 1
1747197786625 1443.2666666666667 1
1747197786640 1447.911111111111 1
1747197786657 1452.5677777777778 1
1747197786675 1457.2366666666667 1
1747197786691 1461.9177777777777 1
1747197786708 1466.6111111111109 1
1747197786724 1471.3166666666666 1
1747197786741 1476.0344444444445 1
1747197786759 1480.7644444444445 1
1747197786775 1485.5066666666667 1
1747197786791 1490.2611111111112 1
1747197786807 1495.0277777777778 1
1747197786824 1499.8066666666666 1
1747197786841 1504.5977777777778 1
1747197786857 1509.401111111111 1
1747197786875 1514.2166666666667 1
1747197786890 1519.0444444444443 1
1747197786906 1523.8844444444444 1
1747197786923 1528.7366666666667 1
1747197786939 1533.601111111111 1
1747197786959 1538.4777777777776 1
1747197786974 1543.3666666666666 1
1747197786991 1548.2677777777778 1
1747197787007 1553.1811111111112 1
1747197787024 1558.1066666666666 1
1747197787042 1563.0444444444445 1
1747197787057 1567.9944444444445 1
1747197787073 1572.9566666666665 1
1747197787090 1577.9311111111112 1
1747197787107 1582.9177777777777 1
1747197787124 1587.9166666666667 1
1747197787140 1592.9277777777777 1
1747197787158 1597.951111111111 1
1747197787175 1602.9866666666667 1
1747197787192 1608.0344444444445 1
1747197787209 1613.0944444444442 1
1747197787224 1618.1666666666667 1
1747197787241 1623.2511111111112 1
1747197787259 1628.3477777777778 1
1747197787275 1633.4566666666665 1
1747197787292 1638.5777777777778 1
1747197787308 1643.7111111111112 1
1747197787325 1648.8566666666666 1
1747197787340 1654.0144444444445 1
1747197787359 1659.1844444444444 1
1747197787374 1664.3666666666666 1
1747197787389 1669.5611111111111 1
1747197787405 1674.7677777777778 1
1747197787422 1679.9866666666667 1
1747197787439 1685.2177777777777 1
1747197787455 1690.4611111111112 1
1747197787472 1695.7166666666667 1
1747197787489 1700.9844444444445 1
1747197787507 1706.2644444444445 1
1747197787523 1711.5566666666668 1
1747197787538 1716.861111111111 1
1747197787555 1722.177777777778 1
1747197787574 1727.506666666667 1
1747197787588 1732.8477777777778 1
1747197787605 1738.201111111111 1
1747197787621 1743.5666666666666 1
1747197787636 1748.9444444444446 1
1747197787654 1754.3344444444444 1
1747197787670 1759.7366666666667 1
1747197787685 1765.151111111111 1
1747197787702 1770.5777777777778 1
1747197787717 1776.0166666666667 1
1747197787734 1781.4677777777777 1
1747197787751 1786.9311111111112 1
1747197787766 1792.4066666666668 1
1747197787785 1797.8944444444446 1
1747197787799 1803.3944444444446 1
1747197787816 1808.9066666666668 1
1747197787833 1814.4311111111112 1
1747197787849 1819.9677777777777 1
1747197787864 1825.5166666666667 1
1747197787881 1831.0777777777778 1
1747197787898 1836.651111111111 1
1747197787914 1842.2366666666667 1
1747197787929 1847.8344444444444 1
1747197787945 1853.4444444444446 1
1747197787962 1859.0666666666666 1
1747197787979 1864.701111111111 1
1747197787994 1870.3477777777778 1
1747197788010 1876.006666666667 1
1747197788027 1881.677777777778 1
1747197788043 1887.361111111111 1
1747197788059 1893.0566666666668 1
1747197788076 1898.7644444444445 1
1747197788094 1904.4844444444445 1
1747197788109 1910.2166666666667 1
1747197788126 1915.9611111111112 1
1747197788142 1921.7177777777777 1
1747197788159 1927.4866666666667 1
1747197788176 1933.2677777777778 1
1747197788193 1939.0611111111111 1
1747197788209 1944.8666666666666 1
1747197788225 1950.6844444444444 1
1747197788243 1956.5144444444445 1
1747197788258 1962.3566666666668 1
1747197788275 1968.2111111111112 1
1747197788291 1974.0777777777778 1
1747197788313 1979.9566666666667 1
1747197788326 1985.8477777777778 1
1747197788344 1991.7511111111112 1
1747197788361 1997.6666666666667 1
1747197788377 2003.5944444444444 1
1747197788396 2009.5344444444445 1
1747197788412 2015.4866666666667 1
1747197788429 2021.451111111111 1
1747197788445 2027.427777777778 1
1747197788461 2033.4166666666667 1
1747197788478 2039.4177777777777 1
1747197788493 2045.4311111111112 1
1747197788510 2051.456666666667 1
1747197788526 2057.4944444444445 1
1747197788543 2063.5444444444447 1
1747197788559 2069.606666666667 1
1747197788576 2075.681111111111 1
1747197788592 2081.7677777777776 1
1747197788607 2087.866666666667 1
1747197788624 2093.9777777777776 1
1747197788639 2100.101111111111 1
1747197788656 2106.2366666666667 1
1747197788673 2112.3844444444444 1
1747197788689 2118.5444444444447 1
1747197788706 2124.7166666666667 1
1747197788722 2130.9011111111113 1
1747197788739 2137.097777777778 1
1747197788755 2143.306666666667 1
1747197788772 2149.527777777778 1
1747197788789 2155.7611111111114 1
1747197788804 2162.0066666666667 1
1747197788821 2168.2644444444445 1
1747197788840 2174.5344444444445 1
1747197788855 2180.8166666666666 1
1747197788871 2187.111111111111 1
1747197788888 2193.4177777777777 1
1747197788904 2199.736666666666 1
1747197788920 2206.0677777777773 1
1747197788944 2212.411111111111 1
1747197788961 2218.766666666667 1
1747197788976 2225.1344444444444 1
1747197788994 2231.5144444444445 1
1747197789009 2237.9066666666668 1
1747197789025 2244.311111111111 1
1747197789042 2250.7277777777776 1
1747197789058 2257.1566666666668 1
1747197789074 2263.597777777778 1
1747197789091 2270.051111111111 1
1747197789108 2276.516666666667 1
1747197789126 2282.994444444444 1
1747197789140 2289.4844444444443 1
1747197789157 2295.986666666666 1
1747197789175 2302.5011111111107 1
1747197789190 2309.027777777778 1
1747197789206 2315.5666666666666 1
1747197789222 2322.1177777777775 1
1747197789239 2328.681111111111 1
1747197789255 2335.2566666666667 1
1747197789272 2341.8444444444444 1
1747197789290 2348.4444444444443 1
1747197789306 2355.0566666666664 1
1747197789323 2361.681111111111 1
1747197789339 2368.3177777777773 1
1747197789355 2374.9666666666667 1
1747197789372 2381.6277777777777 1
1747197789388 2388.301111111111 1
1747197789405 2394.986666666666 1
1747197789421 2401.684444444444 1
1747197789439 2408.394444444444 1
1747197789455 2415.116666666667 1
1747197789471 2421.8511111111106 1
1747197789489 2428.597777777778 1
1747197789507 2435.3566666666666 1
1747197789522 2442.1277777777777 1
1747197789538 2448.911111111111 1
1747197789556 2455.7066666666665 1
1747197789572 2462.5144444444445 1
1747197789589 2469.334444444444 1
1747197789605 2476.1666666666665 1
1747197789622 2483.011111111111 1
1747197789652 2489.8677777777775 1
1747197789675 2496.736666666666 1
1747197789707 2503.6177777777775 1
1747197789725 2510.511111111111 1
1747197789739 2517.4166666666665 1
1747197789757 2524.334444444444 1
1747197789772 2531.2644444444445 1
1747197789789 2538.2066666666665 1
1747197789806 2545.161111111111 1
1747197789823 2552.1277777777777 1
1747197789842 2559.1066666666666 1
1747197789858 2566.097777777778 1
1747197789877 2573.1011111111106 1
1747197789892 2580.116666666667 1
1747197789909 2587.144444444444 1
1747197789925 2594.184444444444 1
1747197789942 2601.236666666666 1
1747197789959 2608.301111111111 1
1747197789977 2615.3777777777777 1
1747197789993 2622.4666666666667 1
1747197790008 2629.5677777777773 1
1747197790024 2636.681111111111 1
1747197790041 2643.8066666666664 1
1747197790057 2650.9444444444443 1
1747197790075 2658.0944444444444 1
1747197790091 2665.2566666666667 1
1747197790106 2672.431111111111 1
1747197790125 2679.6177777777775 1
1747197790140 2686.8166666666666 1
1747197790156 2694.027777777778 1
1747197790173 2701.2511111111107 1
1747197790188 2708.486666666666 1
1747197790206 2715.7344444444443 1
1747197790221 2722.994444444444 1
1747197790237 2730.266666666667 1
1747197790256 2737.551111111111 1
1747197790271 2744.847777777778 1
1747197790294 2752.1566666666668 1
1747197790307 2759.4777777777776 1
1747197790326 2766.811111111111 1
1747197790342 2774.1566666666668 1
1747197790364 2781.5144444444445 1
1747197790383 2788.884444444445 1
1747197790399 2796.266666666667 1
1747197790413 2803.661111111111 1
1747197790430 2811.0677777777773 1
1747197790446 2818.486666666666 1
1747197790463 2825.9177777777777 1
1747197790481 2833.361111111111 1
1747197790496 2840.8166666666666 1
1747197790513 2848.2844444444445 1
1747197790528 2855.7644444444445 1
1747197790545 2863.2566666666667 1
1747197790562 2870.761111111111 1
1747197790584 2878.277777777778 1
1747197790602 2885.8066666666664 1
1747197790620 2893.347777777778 1
1747197790635 2900.9011111111113 1
1747197790651 2908.4666666666667 1
1747197790669 2916.0444444444443 1
1747197790686 2923.6344444444444 1
1747197790703 2931.236666666666 1
1747197790718 2938.8511111111106 1
1747197790735 2946.4777777777776 1
1747197790750 2954.116666666667 1
1747197790767 2961.767777777778 1
1747197790785 2969.431111111111 1
1747197790800 2977.1066666666666 1
1747197790819 2984.7944444444443 1
1747197790832 2992.494444444444 1
1747197790850 3000.2066666666665 1
1747197790869 3007.931111111111 1
1747197790886 3015.667777777778 1
1747197790903 3023.4166666666665 1
1747197790922 3031.1777777777775 1
1747197790949 3038.951111111111 1
1747197790966 3046.736666666666 1
1747197790982 3054.534444444444 1
1747197790999 3062.3444444444444 1
1747197791016 3070.1666666666665 1
1747197791030 3078.001111111111 1
1747197791047 3085.847777777778 1
1747197791063 3093.7066666666665 1
1747197791079 3101.5777777777776 1
1747197791097 3109.4611111111108 1
1747197791113 3117.3566666666666 1
1747197791129 3125.2644444444445 1
1747197791148 3133.1844444444446 1
1747197791163 3141.116666666667 1
1747197791183 3149.061111111111 1
1747197791198 3157.0177777777776 1
1747197791215 3164.986666666666 1
1747197791232 3172.9677777777774 1
1747197791247 3180.9611111111108 1
1747197791264 3188.9666666666667 1
1747197791280 3196.9844444444448 1
1747197791296 3205.0144444444445 1
1747197791314 3213.0566666666664 1
1747197791328 3221.111111111111 1
1747197791347 3229.1777777777775 1
1747197791363 3237.2566666666667 1
1747197791382 3245.347777777778 1
1747197791400 3253.4511111111115 1
1747197791415 3261.5666666666666 1
1747197791431 3269.6944444444443 1
1747197791446 3277.834444444444 1
1747197791464 3285.986666666666 1
1747197791481 3294.151111111111 1
1747197791497 3302.3277777777776 1
1747197791515 3310.516666666667 1
1747197791529 3318.717777777778 1
1747197791545 3326.931111111111 1
1747197791563 3335.1566666666668 1
1747197791578 3343.394444444444 1
1747197791596 3351.644444444444 1
1747197791610 3359.9066666666668 1
1747197791626 3368.181111111111 1
1747197791644 3376.467777777778 1
1747197791667 3384.766666666667 1
1747197791683 3393.0777777777776 1
1747197791699 3401.401111111111 1
1747197791718 3409.736666666666 1
1747197791734 3418.084444444444 1
1747197791752 3426.4444444444443 1
1747197791768 3434.8166666666666 1
1747197791785 3443.2011111111115 1
1747197791801 3451.597777777778 1
1747197791818 3460.0066666666667 1
1747197791835 3468.4277777777775 1
1747197791851 3476.861111111111 1
1747197791868 3485.3066666666664 1
1747197791885 3493.7644444444445 1
1747197791901 3502.2344444444448 1
1747197791917 3510.7166666666667 1
1747197791934 3519.2111111111108 1
1747197791950 3527.7177777777774 1
1747197791968 3536.236666666666 1
1747197791983 3544.7677777777776 1
1747197792001 3553.311111111111 1
1747197792017 3561.866666666667 1
1747197792033 3570.4344444444446 1
1747197792051 3579.0144444444445 1
1747197792067 3587.6066666666666 1
1747197792085 3596.2111111111108 1
1747197792101 3604.8277777777776 1
1747197792117 3613.4566666666665 1
1747197792134 3622.097777777778 1
1747197792150 3630.751111111111 1
1747197792166 3639.4166666666665 1
1747197792183 3648.0944444444444 1
1747197792198 3656.784444444444 1
1747197792216 3665.486666666666 1
1747197792234 3674.201111111111 1
1747197792251 3682.9277777777775 1
1747197792267 3691.6666666666665 1
1747197792284 3700.417777777778 1
1747197792298 3709.181111111111 1
1747197792315 3717.9566666666665 1
1747197792330 3726.744444444444 1
1747197792348 3735.5444444444443 1
1747197792363 3744.3566666666666 1
1747197792380 3753.181111111111 1
1747197792396 3762.017777777778 1
1747197792412 3770.866666666667 1
1747197792427 3779.7277777777776 1
1747197792443 3788.6011111111106 1
1747197792461 3797.486666666666 1
1747197792476 3806.3844444444444 1
1747197792493 3815.2944444444443 1
1747197792509 3824.2166666666667 1
1747197792525 3833.1511111111113 1
1747197792542 3842.097777777778 1
1747197792557 3851.0566666666664 1
1747197792574 3860.027777777778 1
1747197792591 3869.011111111111 1
1747197792606 3878.0066666666667 1
1747197792623 3887.0144444444445 1
1747197792639 3896.0344444444445 1
1747197792654 3905.0666666666666 1
1747197792673 3914.111111111111 1
1747197792688 3923.1677777777777 1
1747197792706 3932.236666666666 1
1747197792722 3941.3177777777773 1
1747197792739 3950.411111111111 1
1747197792756 3959.516666666667 1
1747197792771 3968.634444444445 1
1747197792788 3977.7644444444445 1
1747197792803 3986.9066666666668 1
1747197792820 3996.061111111111 1
1747197792837 4005.2277777777776 1
1747197792853 4014.4066666666668 1
1747197792870 4023.597777777778 1
1747197792886 4032.8011111111114 1
1747197792902 4042.016666666667 1
1747197792919 4051.244444444444 1
1747197792936 4060.4844444444443 1
1747197792952 4069.736666666666 1
1747197792967 4079.0011111111107 1
1747197792985 4088.277777777778 1
1747197793002 4097.566666666667 1
1747197793017 4106.867777777778 1
1747197793042 4116.181111111111 1
1747197793059 4125.506666666666 1
1747197793077 4134.844444444444 1
1747197793094 4144.194444444444 1
1747197793109 4153.556666666666 1
1747197793126 4162.931111111111 1
1747197793141 4172.317777777778 1
1747197793160 4181.716666666666 1
1747197793176 4191.127777777778 1
1747197793192 4200.551111111111 1
1747197793209 4209.986666666667 1
1747197793225 4219.434444444444 1
1747197793242 4228.894444444444 1
1747197793259 4238.366666666667 1
1747197793276 4247.851111111111 1
1747197793294 4257.347777777778 1
1747197793310 4266.856666666667 1
1747197793326 4276.377777777778 1
1747197793343 4285.911111111111 1
1747197793360 4295.456666666667 1
1747197793380 4305.014444444444 1
1747197793397 4314.584444444445 1
1747197793410 4324.166666666667 1
1747197793428 4333.761111111111 1
1747197793444 4343.3677777777775 1
1747197793460 4352.986666666667 1
1747197793477 4362.6177777777775 1
1747197793493 4372.261111111112 1
1747197793509 4381.916666666667 1
1747197793525 4391.584444444446 1
1747197793542 4401.264444444445 1
1747197793557 4410.956666666667 1
1747197793575 4420.6611111111115 1
1747197793592 4430.377777777778 1
1747197793608 4440.1066666666675 1
1747197793626 4449.847777777778 1
1747197793641 4459.601111111112 1
1747197793656 4469.366666666667 1
1747197793675 4479.144444444445 1
1747197793691 4488.934444444444 1
1747197793709 4498.736666666667 1
1747197793725 4508.551111111111 1
1747197793743 4518.377777777778 1
1747197793759 4528.216666666666 1
1747197793775 4538.067777777778 1
1747197793792 4547.931111111112 1
1747197793807 4557.806666666667 1
1747197793825 4567.694444444444 1
1747197793841 4577.594444444445 1
1747197793856 4587.506666666667 1
1747197793874 4597.431111111112 1
1747197793889 4607.367777777778 1
1747197793905 4617.316666666667 1
1747197793922 4627.277777777778 1
1747197793939 4637.251111111111 1
1747197793955 4647.236666666667 1
1747197793971 4657.234444444444 1
1747197793987 4667.2444444444445 1
1747197794003 4677.266666666666 1
1747197794025 4687.301111111112 1
1747197794043 4697.347777777778 1
1747197794063 4707.406666666667 1
1747197794078 4717.477777777778 1
1747197794096 4727.561111111111 1
1747197794111 4737.656666666667 1
1747197794127 4747.764444444445 1
1747197794141 4757.884444444445 1
1747197794159 4768.016666666666 1
1747197794175 4778.1611111111115 1
1747197794191 4788.317777777777 1
1747197794208 4798.486666666667 1
1747197794224 4808.667777777778 1
1747197794241 4818.861111111111 1
1747197794258 4829.066666666667 1
1747197794274 4839.284444444445 1
1747197794291 4849.514444444445 1
1747197794306 4859.756666666667 1
1747197794322 4870.011111111112 1
1747197794339 4880.277777777778 1
1747197794356 4890.556666666667 1
1747197794370 4900.847777777778 1
1747197794394 4911.151111111112 1
1747197794413 4921.466666666666 1
1747197794430 4931.794444444445 1
1747197794445 4942.134444444445 1
1747197794463 4952.486666666668 1
1747197794480 4962.851111111112 1
1747197794504 4973.227777777778 1
1747197794523 4983.616666666667 1
1747197794540 4994.017777777777 1
1747197794555 5004.431111111111 1
1747197794572 5014.856666666666 1
1747197794590 5025.294444444444 1
1747197794606 5035.744444444444 1
1747197794622 5046.206666666666 1
1747197794639 5056.681111111111 1
1747197794655 5067.167777777778 1
1747197794672 5077.666666666667 1
1747197794688 5088.177777777778 1
1747197794706 5098.7011111111115 1
1747197794723 5109.236666666668 1
1747197794740 5119.784444444445 1
1747197794757 5130.344444444445 1
1747197794778 5140.916666666667 1
1747197794799 5151.501111111111 1
1747197794817 5162.097777777777 1
1747197794834 5172.706666666666 1
1747197794850 5183.327777777778 1
1747197794868 5193.961111111111 1
1747197794885 5204.606666666666 1
1747197794899 5215.264444444444 1
1747197794916 5225.934444444444 1
1747197794934 5236.616666666667 1
1747197794948 5247.311111111111 1
1747197794966 5258.017777777778 1
1747197794981 5268.736666666668 1
1747197794996 5279.467777777779 1
1747197795015 5290.211111111112 1
1747197795030 5300.966666666666 1
1747197795047 5311.734444444444 1
1747197795065 5322.514444444444 1
1747197795080 5333.306666666666 1
1747197795098 5344.11111111111 1
1747197795115 5354.927777777777 1
1747197795133 5365.756666666666 1
1747197795147 5376.597777777777 1
1747197795163 5387.451111111111 1
1747197795179 5398.316666666667 1
1747197795195 5409.194444444444 1
1747197795212 5420.084444444446 1
1747197795228 5430.986666666668 1
1747197795242 5441.901111111112 1
1747197795259 5452.8277777777785 1
1747197795277 5463.766666666666 1
1747197795293 5474.717777777778 1
1747197795309 5485.681111111111 1
1747197795327 5496.656666666666 1
1747197795345 5507.644444444444 1
1747197795361 5518.644444444444 1
1747197795378 5529.656666666666 1
1747197795396 5540.681111111111 1
1747197795410 5551.717777777778 1
1747197795427 5562.766666666666 1
1747197795445 5573.8277777777785 1
1747197795462 5584.901111111112 1
1747197795479 5595.986666666668 1
1747197795495 5607.084444444446 1
1747197795511 5618.194444444444 1
1747197795529 5629.316666666667 1
1747197795545 5640.451111111111 1
1747197795562 5651.597777777777 1
1747197795579 5662.756666666666 1
