1747197780231 11.0 1
1747197780264 22.333333333333332 1
1747197780292 34.06666666666667 1
1747197780322 46.2 1
1747197780348 58.06666666666667 1
1747197780374 70.03333333333333 1
1747197780397 81.4 1
1747197780419 92.93333333333334 1
1747197780444 103.9 1
1747197780464 115.33333333333333 1
1747197780487 127.23333333333333 1
1747197780507 137.8 1
1747197780526 147.23333333333332 1
1747197780545 156.56666666666666 1
1747197780565 165.8 1
1747197780584 175.0 1
1747197780606 184.53333333333333 1
1747197780637 194.03333333333333 1
1747197780655 202.83333333333334 1
1747197780674 211.36666666666667 1
1747197780691 219.63333333333333 1
1747197780709 222.56666666666666 1
1747197780724 225.5 1
1747197780740 228.43333333333334 1
1747197780758 231.36666666666667 1
1747197780775 234.3 1
1747197780793 236.86666666666667 1
1747197780810 239.43333333333334 1
1747197780826 242.0 1
1747197780842 244.56666666666666 1
1747197780857 247.13333333333333 1
1747197780875 249.7 1
1747197780890 252.26666666666668 1
1747197780907 254.83333333333334 1
1747197780924 257.4 1
1747197780942 259.96666666666664 1
1747197780960 262.53333333333336 1
1747197780975 265.1 1
1747197780992 267.6666666666667 1
1747197781009 270.23333333333335 1
1747197781026 272.8 1
1747197781042 275.3666666666667 1
1747197781059 277.93333333333334 1
1747197781075 280.5 1
1747197781091 283.06666666666666 1
1747197781108 285.6333333333333 1
1747197781125 288.2 1
1747197781140 290.76666666666665 1
1747197781156 293.3333333333333 1
1747197781173 295.96666666666664 1
1747197781190 298.6666666666667 1
1747197781206 301.43333333333334 1
1747197781222 303.9 1
1747197781240 306.43333333333334 1
1747197781256 308.26666666666665 1
1747197781272 310.1 1
1747197781290 311.93333333333334 1
1747197781306 313.03333333333336 1
1747197781324 314.1333333333333 1
1747197781340 315.23333333333335 1
1747197781358 316.3333333333333 1
1747197781375 317.43333333333334 1
1747197781389 318.53333333333336 1
1747197781407 319.6333333333333 1
1747197781424 320.73333333333335 1
1747197781439 321.8333333333333 1
1747197781457 322.93333333333334 1
1747197781471 324.03333333333336 1
1747197781488 325.1333333333333 1
1747197781505 326.23333333333335 1
1747197781520 327.3333333333333 1
1747197781538 328.43333333333334 1
1747197781552 329.53333333333336 1
1747197781571 330.6333333333333 1
1747197781587 331.73333333333335 1
1747197781602 332.8333333333333 1
1747197781620 333.93333333333334 1
1747197781635 335.03333333333336 1
1747197781652 336.1333333333333 1
1747197781668 337.23333333333335 1
1747197781684 338.3333333333333 1
1747197781702 339.43333333333334 1
1747197781718 340.53333333333336 1
1747197781739 341.6333333333333 1
1747197781755 342.73333333333335 1
1747197781769 343.8333333333333 1
1747197781787 344.93333333333334 1
1747197781802 346.03333333333336 1
1747197781821 347.1333333333333 1
1747197781839 348.23333333333335 1
1747197781855 349.3333333333333 1
1747197781869 350.43333333333334 1
1747197781885 351.53333333333336 1
1747197781902 352.6333333333333 1
1747197781920 353.73333333333335 1
1747197781937 354.8333333333333 1
1747197781954 355.93333333333334 1
1747197781968 357.03333333333336 1
1747197781986 358.1333333333333 1
1747197782004 359.23333333333335 1
1747197782020 360.3333333333333 1
1747197782034 361.43333333333334 1
1747197782049 362.53333333333336 1
1747197782069 363.6333333333333 1
1747197782085 364.73333333333335 1
1747197782103 365.8333333333333 1
1747197782127 366.93333333333334 1
1747197782140 368.03333333333336 1
1747197782157 369.1333333333333 1
1747197782173 370.23333333333335 1
1747197782190 371.3333333333333 1
1747197782207 372.43333333333334 1
1747197782223 373.53333333333336 1
1747197782239 374.6333333333333 1
1747197782255 375.73333333333335 1
1747197782272 376.8333333333333 1
1747197782290 377.93333333333334 1
1747197782306 379.03333333333336 1
1747197782322 380.1333333333333 1
1747197782338 381.23333333333335 1
1747197782355 382.3333333333333 1
1747197782370 383.43333333333334 1
1747197782386 384.53333333333336 1
1747197782402 385.6333333333333 1
1747197782419 386.73333333333335 1
1747197782435 387.8333333333333 1
1747197782453 388.93333333333334 1
1747197782467 390.03333333333336 1
1747197782484 391.1333333333333 1
1747197782500 392.23333333333335 1
1747197782519 393.3333333333333 1
1747197782532 394.43333333333334 1
1747197782549 395.53333333333336 1
1747197782567 396.6333333333333 1
1747197782581 397.73333333333335 1
1747197782599 398.8333333333333 1
1747197782614 399.93333333333334 1
1747197782632 401.03333333333336 1
1747197782649 402.1333333333333 1
1747197782663 403.23333333333335 1
1747197782681 404.3333333333333 1
1747197782698 405.43333333333334 1
1747197782715 406.53333333333336 1
1747197782731 407.6333333333333 1
1747197782745 408.73333333333335 1
1747197782762 409.8333333333333 1
1747197782778 410.93333333333334 1
1747197782795 412.03333333333336 1
1747197782815 413.1333333333333 1
1747197782829 414.23333333333335 1
1747197782845 414.96666666666664 1
1747197782861 415.7 1
1747197782878 416.43333333333334 1
1747197782895 417.1666666666667 1
1747197782911 417.9 1
1747197782928 418.6333333333333 1
1747197782942 419.3666666666667 1
1747197782960 420.1 1
1747197782976 420.8333333333333 1
1747197782992 421.56666666666666 1
1747197783009 422.3 1
1747197783025 423.03333333333336 1
1747197783042 423.76666666666665 1
1747197783059 424.5 1
1747197783075 425.23333333333335 1
1747197783093 425.96666666666664 1
1747197783109 426.7 1
1747197783126 427.43333333333334 1
1747197783140 428.1666666666667 1
1747197783156 428.9 1
1747197783175 429.6333333333333 1
1747197783191 430.3666666666667 1
1747197783208 431.1 1
1747197783224 431.8333333333333 1
1747197783240 432.56666666666666 1
1747197783257 433.3 1
1747197783272 434.03333333333336 1
1747197783289 434.76666666666665 1
1747197783304 435.5 1
1747197783324 436.23333333333335 1
1747197783339 436.96666666666664 1
1747197783353 437.7 1
1747197783370 438.43333333333334 1
1747197783386 439.1666666666667 1
1747197783402 439.9 1
1747197783419 440.6333333333333 1
1747197783433 441.3666666666667 1
1747197783450 442.1 1
1747197783466 442.8333333333333 1
1747197783484 443.56666666666666 1
1747197783500 444.3 1
1747197783517 445.03333333333336 1
1747197783534 445.76666666666665 1
1747197783551 446.5 1
1747197783569 447.23333333333335 1
1747197783585 447.96666666666664 1
1747197783600 448.7 1
1747197783618 449.43333333333334 1
1747197783634 450.1666666666667 1
1747197783650 450.9 1
1747197783668 451.6333333333333 1
1747197783684 452.3666666666667 1
1747197783699 453.1 1
1747197783717 453.8333333333333 1
1747197783733 454.56666666666666 1
1747197783749 455.3 1
1747197783767 456.03333333333336 1
1747197783782 456.76666666666665 1
1747197783800 457.5 1
1747197783819 458.23333333333335 1
1747197783833 458.96666666666664 1
1747197783851 459.7 1
1747197783867 460.43333333333334 1
1747197783885 461.1666666666667 1
1747197783899 461.9 1
1747197783917 462.6333333333333 1
1747197783935 463.3666666666667 1
1747197783950 464.1 1
1747197783966 464.8333333333333 1
1747197783987 465.56666666666666 1
1747197784001 466.3 1
1747197784018 467.03333333333336 1
1747197784034 467.76666666666665 1
1747197784051 468.1333333333333 1
1747197784069 468.5 1
1747197784083 468.8666666666667 1
1747197784100 469.23333333333335 1
1747197784116 469.6 1
1747197784134 469.96666666666664 1
1747197784150 470.3333333333333 1
1747197784166 470.7 1
1747197784185 471.06666666666666 1
1747197784199 471.43333333333334 1
1747197784216 471.8 1
1747197784234 472.1666666666667 1
1747197784250 472.53333333333336 1
1747197784267 472.9 1
1747197784283 473.26666666666665 1
1747197784300 473.6333333333333 1
1747197784318 474.0 1
1747197784336 474.3666666666667 1
1747197784354 474.73333333333335 1
1747197784367 475.1 1
1747197784383 475.46666666666664 1
1747197784401 475.8333333333333 1
1747197784418 476.2 1
1747197784436 476.56666666666666 1
1747197784450 476.93333333333334 1
1747197784467 477.3 1
1747197784484 477.6666666666667 1
1747197784499 478.03333333333336 1
1747197784515 478.4 1
1747197784531 478.76666666666665 1
1747197784548 479.1333333333333 1
1747197784568 479.5 1
1747197784582 479.8666666666667 1
1747197784598 480.23333333333335 1
1747197784614 480.6 1
1747197784631 480.96666666666664 1
1747197784649 481.3333333333333 1
1747197784666 481.7 1
1747197784684 482.06666666666666 1
1747197784700 482.43333333333334 1
1747197784718 482.8 1
1747197784734 483.1666666666667 1
1747197784750 483.53333333333336 1
1747197784767 483.9 1
1747197784782 484.26666666666665 1
1747197784798 484.6333333333333 1
1747197784815 485.0 1
1747197784831 485.3666666666667 1
1747197784855 485.73333333333335 1
1747197784872 486.1 1
1747197784889 486.46666666666664 1
1747197784905 486.8333333333333 1
1747197784923 487.2 1
1747197784938 487.56666666666666 1
1747197784955 487.93333333333334 1
1747197784971 488.3 1
1747197784989 488.6666666666667 1
1747197785005 489.03333333333336 1
1747197785020 489.4 1
1747197785036 489.76666666666665 1
1747197785054 490.1333333333333 1
1747197785069 490.5 1
1747197785087 490.8666666666667 1
1747197785102 491.23333333333335 1
1747197785120 491.6 1
1747197785135 491.96666666666664 1
1747197785153 492.3333333333333 1
1747197785170 492.7 1
1747197785188 493.06666666666666 1
1747197785204 493.43333333333334 1
1747197785220 493.8 1
1747197785237 494.1666666666667 1
1747197785253 494.53333333333336 1
1747197785270 494.9 1
1747197785286 495.26666666666665 1
1747197785304 495.6333333333333 1
1747197785320 496.0 1
1747197785336 496.3666666666667 1
1747197785352 496.73333333333335 1
1747197785368 497.1 1
1747197785384 497.46666666666664 1
1747197785401 497.8333333333333 1
1747197785420 498.2 1
1747197785435 498.56666666666666 1
1747197785450 498.93333333333334 1
1747197785466 499.3 1
1747197785484 499.6666666666667 1
1747197785499 500.03333333333336 1
1747197785516 500.4 1
1747197785531 500.76666666666665 1
1747197785549 501.1333333333333 1
1747197785567 501.5 1
1747197785582 501.8666666666667 1
1747197785598 502.23333333333335 1
1747197785614 502.6 1
1747197785631 502.96666666666664 1
1747197785648 503.3333333333333 1
1747197785664 503.7 1
1747197785681 504.06666666666666 1
1747197785699 504.43333333333334 1
1747197785715 504.8 1
1747197785733 505.1666666666667 1
1747197785749 505.53333333333336 1
1747197785766 505.9 1
1747197785782 506.26666666666665 1
1747197785799 506.6333333333333 1
1747197785816 507.0 1
1747197785831 507.3666666666667 1
1747197785849 507.73333333333335 1
1747197785863 508.1 1
1747197785880 508.46666666666664 1
1747197785898 508.8333333333333 1
1747197785914 509.2 1
1747197785930 509.56666666666666 1
1747197785946 509.93333333333334 1
1747197785962 510.3 1
1747197785978 510.6666666666667 1
1747197785995 511.03333333333336 1
1747197786011 511.4 1
1747197786027 511.76666666666665 1
1747197786044 512.1333333333333 1
1747197786060 512.5 1
1747197786077 512.8666666666667 1
1747197786094 513.2333333333333 1
1747197786111 513.6 1
1747197786128 513.9666666666667 1
1747197786145 514.3333333333334 1
1747197786161 514.7 1
1747197786177 515.0666666666667 1
1747197786202 515.4333333333333 1
1747197786217 515.8 1
1747197786234 516.1666666666666 1
1747197786248 516.5333333333333 1
1747197786265 516.9 1
1747197786281 517.2666666666667 1
1747197786297 517.6333333333333 1
1747197786315 518.0 1
1747197786330 518.3666666666667 1
1747197786348 518.7333333333333 1
1747197786364 519.1 1
1747197786380 519.4666666666667 1
1747197786396 519.8333333333334 1
1747197786413 520.2 1
1747197786430 520.5666666666667 1
1747197786447 520.9333333333333 1
1747197786462 521.3 1
1747197786478 521.6666666666666 1
1747197786496 522.0333333333333 1
1747197786511 522.4 1
1747197786528 522.7666666666667 1
1747197786545 523.1333333333333 1
1747197786561 523.5 1
1747197786578 523.8666666666667 1
1747197786594 524.2333333333333 1
1747197786611 524.6 1
1747197786628 524.9666666666667 1
1747197786643 525.3333333333334 1
1747197786660 525.7 1
1747197786678 526.0666666666667 1
1747197786695 526.4333333333333 1
1747197786712 526.8 1
1747197786727 527.1666666666666 1
1747197786745 527.5333333333333 1
1747197786761 527.9 1
1747197786778 528.2666666666667 1
1747197786795 528.6333333333333 1
1747197786810 529.0 1
1747197786828 529.3666666666667 1
1747197786844 529.7333333333333 1
1747197786860 530.1 1
1747197786877 530.4666666666667 1
1747197786892 530.8333333333334 1
1747197786909 531.2 1
1747197786926 531.5666666666667 1
1747197786943 531.9333333333333 1
1747197786962 532.3 1
1747197786978 532.6666666666666 1
1747197786994 533.0333333333333 1
1747197787011 533.4 1
1747197787028 533.7666666666667 1
1747197787045 534.1333333333333 1
1747197787060 534.5 1
1747197787077 534.8666666666667 1
1747197787093 535.2333333333333 1
1747197787110 535.6 1
1747197787127 535.9666666666667 1
1747197787144 536.3333333333334 1
1747197787161 536.7 1
1747197787178 537.0666666666667 1
1747197787195 537.4333333333333 1
1747197787211 537.8 1
1747197787227 538.1666666666666 1
1747197787244 538.5333333333333 1
1747197787261 538.9 1
1747197787279 539.2666666666667 1
1747197787295 539.6333333333333 1
1747197787312 540.0 1
1747197787328 540.3666666666667 1
1747197787343 540.7333333333333 1
1747197787362 541.1 1
1747197787378 541.4666666666667 1
1747197787392 541.8333333333334 1
1747197787408 542.2 1
1747197787425 542.5666666666667 1
1747197787442 542.9333333333333 1
1747197787459 543.3 1
1747197787475 543.6666666666666 1
1747197787491 544.0333333333333 1
1747197787510 544.4 1
1747197787525 544.7666666666667 1
1747197787542 545.1333333333333 1
1747197787557 545.5 1
1747197787577 545.8666666666667 1
1747197787591 546.2333333333333 1
1747197787607 546.6 1
1747197787624 546.9666666666667 1
1747197787639 547.3333333333334 1
1747197787657 547.7 1
1747197787674 548.0666666666667 1
1747197787688 548.4333333333333 1
1747197787705 548.8 1
1747197787720 549.1666666666666 1
1747197787737 549.5333333333333 1
1747197787754 549.9 1
1747197787769 550.2666666666667 1
1747197787788 550.6333333333333 1
1747197787802 551.0 1
1747197787819 551.3666666666667 1
1747197787836 551.7333333333333 1
1747197787851 552.1 1
1747197787868 552.4666666666667 1
1747197787884 552.8333333333334 1
1747197787901 553.2 1
1747197787918 553.5666666666667 1
1747197787933 553.9333333333333 1
1747197787948 554.3 1
1747197787965 554.6666666666666 1
1747197787981 555.0333333333333 1
1747197787997 555.4 1
1747197788013 555.7666666666667 1
1747197788030 556.1333333333333 1
1747197788046 556.5 1
1747197788063 556.8666666666667 1
1747197788079 557.2333333333333 1
1747197788098 557.6 1
1747197788113 557.9666666666667 1
1747197788129 558.3333333333334 1
1747197788146 558.7 1
1747197788162 559.0666666666667 1
1747197788179 559.4333333333333 1
1747197788196 559.8 1
1747197788212 560.1666666666666 1
1747197788229 560.5333333333333 1
1747197788246 560.9 1
1747197788261 561.2666666666667 1
1747197788277 561.6333333333333 1
1747197788294 562.0 1
1747197788317 562.3666666666667 1
1747197788329 562.7333333333333 1
1747197788348 563.1 1
1747197788364 563.4666666666667 1
1747197788379 563.8333333333334 1
1747197788400 564.2 1
1747197788414 564.5666666666667 1
1747197788431 564.9333333333333 1
1747197788448 565.3 1
1747197788464 565.6666666666666 1
1747197788481 566.0333333333333 1
1747197788497 566.4 1
1747197788515 566.7666666666667 1
1747197788529 567.1333333333333 1
1747197788546 567.5 1
1747197788563 567.8666666666667 1
1747197788579 568.2333333333333 1
1747197788596 568.6 1
1747197788611 568.9666666666667 1
1747197788628 569.3333333333334 1
1747197788642 569.7 1
1747197788659 570.0666666666667 1
1747197788676 570.4333333333333 1
1747197788692 570.8 1
1747197788710 571.1666666666666 1
1747197788725 571.5333333333333 1
1747197788742 571.9 1
1747197788758 572.2666666666667 1
1747197788775 572.6333333333333 1
1747197788792 573.0 1
1747197788807 573.3666666666667 1
1747197788823 573.7333333333333 1
1747197788842 574.1 1
1747197788857 574.4666666666667 1
1747197788874 574.8333333333334 1
1747197788890 575.2 1
1747197788907 575.5666666666667 1
1747197788923 575.9333333333333 1
1747197788948 576.3 1
1747197788964 576.6666666666666 1
1747197788980 577.0333333333333 1
1747197788997 577.4 1
1747197789013 577.7666666666667 1
1747197789029 578.1333333333333 1
1747197789045 578.5 1
1747197789061 578.8666666666667 1
1747197789078 579.2333333333333 1
1747197789095 579.6 1
1747197789111 579.9666666666667 1
1747197789128 580.3333333333334 1
1747197789144 580.7 1
1747197789160 581.0666666666667 1
1747197789177 581.4333333333333 1
1747197789194 581.8 1
1747197789209 582.1666666666666 1
1747197789224 582.5333333333333 1
1747197789241 582.9 1
1747197789258 583.2666666666667 1
1747197789275 583.6333333333333 1
1747197789293 584.0 1
1747197789309 584.3666666666667 1
1747197789326 584.7333333333333 1
1747197789341 585.1 1
1747197789358 585.4666666666667 1
1747197789375 585.8333333333334 1
1747197789390 586.2 1
1747197789408 586.5666666666667 1
1747197789425 586.9333333333333 1
1747197789441 587.3 1
1747197789458 587.6666666666666 1
1747197789474 588.0333333333333 1
1747197789492 588.4 1
1747197789509 588.7666666666667 1
1747197789525 589.1333333333333 1
1747197789541 589.5 1
1747197789558 589.8666666666667 1
1747197789575 590.2333333333333 1
1747197789592 590.6 1
1747197789608 590.9666666666667 1
1747197789625 591.3333333333334 1
1747197789660 591.7 1
1747197789681 592.0666666666667 1
1747197789711 592.4333333333333 1
1747197789729 592.8 1
1747197789743 593.1666666666666 1
1747197789759 593.5333333333333 1
1747197789775 593.9 1
1747197789793 594.2666666666667 1
1747197789808 594.6333333333333 1
1747197789827 595.0 1
1747197789848 595.3666666666667 1
1747197789863 595.7333333333333 1
1747197789880 596.1 1
1747197789898 596.4666666666667 1
1747197789914 596.8333333333334 1
1747197789930 597.2 1
1747197789947 597.5666666666667 1
1747197789963 597.9333333333333 1
1747197789982 598.3 1
1747197789996 598.6666666666666 1
1747197790012 599.0333333333333 1
1747197790028 599.4 1
1747197790044 599.7666666666667 1
1747197790060 600.1333333333333 1
1747197790078 600.5 1
1747197790095 600.8666666666667 1
1747197790109 601.2333333333333 1
1747197790128 601.6 1
1747197790144 601.9666666666667 1
1747197790160 602.3333333333334 1
1747197790177 602.7 1
1747197790190 603.0666666666667 1
1747197790210 603.4333333333333 1
1747197790223 603.8 1
1747197790240 604.1666666666666 1
1747197790260 604.5333333333333 1
1747197790274 604.9 1
1747197790298 605.2666666666667 1
1747197790312 605.6333333333333 1
1747197790329 606.0 1
1747197790348 606.3666666666667 1
1747197790368 606.7333333333333 1
1747197790387 607.1 1
1747197790403 607.4666666666667 1
1747197790416 607.8333333333334 1
1747197790433 608.2 1
1747197790450 608.5666666666667 1
1747197790466 608.9333333333333 1
1747197790485 609.3 1
1747197790502 609.6666666666666 1
1747197790517 610.0333333333333 1
1747197790531 610.4 1
1747197790549 610.7666666666667 1
1747197790568 611.1333333333333 1
1747197790588 611.5 1
1747197790605 611.8666666666667 1
1747197790624 612.2333333333333 1
1747197790638 612.6 1
1747197790654 612.9666666666667 1
1747197790675 613.3333333333334 1
1747197790688 613.7 1
1747197790707 614.0666666666667 1
1747197790721 614.4333333333333 1
1747197790738 614.8 1
1747197790754 615.1666666666666 1
1747197790771 615.5333333333333 1
1747197790789 615.9 1
1747197790802 616.2666666666667 1
1747197790822 616.6333333333333 1
1747197790836 617.0 1
1747197790855 617.3666666666667 1
1747197790874 617.7333333333333 1
1747197790890 618.1 1
1747197790906 618.4666666666667 1
1747197790926 618.8333333333334 1
1747197790953 619.2 1
1747197790969 619.5666666666667 1
1747197790986 619.9333333333333 1
1747197791002 620.3 1
1747197791019 620.6666666666666 1
1747197791034 621.0333333333333 1
1747197791051 621.4 1
1747197791066 621.7666666666667 1
1747197791082 622.1333333333333 1
1747197791099 622.5 1
1747197791116 622.8666666666667 1
1747197791132 623.2333333333333 1
1747197791151 623.6 1
1747197791167 623.9666666666667 1
1747197791187 624.3333333333334 1
1747197791203 624.7 1
1747197791219 625.0666666666667 1
1747197791236 625.4333333333333 1
1747197791251 625.8 1
1747197791269 626.1666666666666 1
1747197791283 626.5333333333333 1
1747197791300 626.9 1
1747197791318 627.2666666666667 1
1747197791333 627.6333333333333 1
1747197791350 628.0 1
1747197791369 628.3666666666667 1
1747197791385 628.7333333333333 1
1747197791403 629.1 1
1747197791419 629.4666666666667 1
1747197791434 629.8333333333334 1
1747197791450 630.2 1
1747197791468 630.5666666666667 1
1747197791485 630.9333333333333 1
1747197791501 631.3 1
1747197791518 631.6666666666666 1
1747197791533 632.0333333333333 1
1747197791549 632.4 1
1747197791566 632.7666666666667 1
1747197791581 633.1333333333333 1
1747197791600 633.5 1
1747197791613 633.8666666666667 1
1747197791630 634.2333333333333 1
1747197791655 634.6 1
1747197791671 634.9666666666667 1
1747197791687 635.3333333333334 1
1747197791703 635.7 1
1747197791722 636.0666666666667 1
1747197791737 636.4333333333333 1
1747197791755 636.8 1
1747197791771 637.1666666666666 1
1747197791788 637.5333333333333 1
1747197791804 637.9 1
1747197791821 638.2666666666667 1
1747197791838 638.6333333333333 1
1747197791854 639.0 1
1747197791871 639.3666666666667 1
1747197791888 639.7333333333333 1
1747197791904 640.1 1
1747197791919 640.4666666666667 1
1747197791938 640.8333333333334 1
1747197791954 641.2 1
1747197791971 641.5666666666667 1
1747197791986 641.9333333333333 1
1747197792004 642.3 1
1747197792020 642.6666666666666 1
1747197792037 643.0333333333333 1
1747197792055 643.4 1
1747197792070 643.7666666666667 1
1747197792088 644.1333333333333 1
1747197792104 644.5 1
1747197792120 644.8666666666667 1
1747197792137 645.2333333333333 1
1747197792153 645.6 1
1747197792169 645.9666666666667 1
1747197792186 646.3333333333334 1
1747197792202 646.7 1
1747197792219 647.0666666666667 1
1747197792237 647.4333333333333 1
1747197792255 647.8 1
1747197792270 648.1666666666666 1
1747197792288 648.5333333333333 1
1747197792303 648.9 1
1747197792318 649.2666666666667 1
1747197792333 649.6333333333333 1
1747197792351 650.0 1
1747197792366 650.3666666666667 1
1747197792384 650.7333333333333 1
1747197792399 651.1 1
1747197792415 651.4666666666667 1
1747197792431 651.8333333333334 1
1747197792446 652.2 1
1747197792465 652.5666666666667 1
1747197792480 652.9333333333333 1
1747197792496 653.3 1
1747197792512 653.6666666666666 1
1747197792528 654.0333333333333 1
1747197792545 654.4 1
1747197792560 654.7666666666667 1
1747197792577 655.1333333333333 1
1747197792595 655.5 1
1747197792609 655.8666666666667 1
1747197792626 656.2333333333333 1
1747197792642 656.6 1
1747197792657 656.9666666666667 1
1747197792676 657.3333333333334 1
1747197792690 657.7 1
1747197792709 658.0666666666667 1
1747197792725 658.4333333333333 1
1747197792743 658.8 1
1747197792759 659.1666666666666 1
1747197792773 659.5333333333333 1
1747197792791 659.9 1
1747197792806 660.2666666666667 1
1747197792822 660.6333333333333 1
1747197792840 661.0 1
1747197792856 661.3666666666667 1
1747197792874 661.7333333333333 1
1747197792889 662.1 1
1747197792905 662.4666666666667 1
1747197792921 662.8333333333334 1
1747197792939 663.2 1
1747197792955 663.5666666666667 1
1747197792970 663.9333333333333 1
1747197792987 664.3 1
1747197793006 664.6666666666666 1
1747197793031 665.0333333333333 1
1747197793045 665.4 1
1747197793062 665.7666666666667 1
1747197793080 666.1333333333333 1
1747197793098 666.5 1
1747197793113 666.8666666666667 1
1747197793128 667.2333333333333 1
1747197793147 667.6 1
1747197793162 667.9666666666667 1
1747197793180 668.3333333333334 1
1747197793195 668.7 1
1747197793212 669.0666666666667 1
1747197793228 669.4333333333333 1
1747197793245 669.8 1
1747197793262 670.1666666666666 1
1747197793279 670.5333333333333 1
1747197793297 670.9 1
1747197793314 671.2666666666667 1
1747197793329 671.6333333333333 1
1747197793347 672.0 1
1747197793364 672.3666666666667 1
1747197793383 672.7333333333333 1
1747197793401 673.1 1
1747197793413 673.4666666666667 1
1747197793432 673.8333333333334 1
1747197793447 674.2 1
1747197793464 674.5666666666667 1
1747197793483 674.9333333333333 1
1747197793497 675.3 1
1747197793513 675.6666666666666 1
1747197793528 676.0333333333333 1
1747197793545 676.4 1
1747197793561 676.7666666666667 1
1747197793579 677.1333333333333 1
1747197793596 677.5 1
1747197793611 677.8666666666667 1
1747197793629 678.2333333333333 1
1747197793644 678.6 1
1747197793659 678.9666666666667 1
1747197793677 679.3333333333334 1
1747197793694 679.7 1
1747197793713 680.0666666666667 1
1747197793729 680.4333333333333 1
1747197793746 680.8 1
1747197793764 681.1666666666666 1
1747197793779 681.5333333333333 1
1747197793796 681.9 1
1747197793810 682.2666666666667 1
1747197793828 682.6333333333333 1
1747197793846 683.0 1
1747197793860 683.3666666666667 1
1747197793877 683.7333333333333 1
1747197793892 684.1 1
1747197793908 684.4666666666667 1
1747197793925 684.8333333333334 1
1747197793941 685.2 1
1747197793958 685.5666666666667 1
1747197793974 685.9333333333333 1
1747197793989 686.3 1
1747197794006 686.6666666666666 1
1747197794030 687.0333333333333 1
1747197794047 687.4 1
1747197794067 687.7666666666667 1
1747197794080 688.1333333333333 1
1747197794099 688.5 1
1747197794115 688.8666666666667 1
1747197794130 689.2333333333333 1
1747197794146 689.6 1
1747197794162 689.9666666666667 1
1747197794179 690.3333333333334 1
1747197794195 690.7 1
1747197794211 691.0666666666667 1
1747197794228 691.4333333333333 1
1747197794244 691.8 1
1747197794262 692.1666666666666 1
1747197794278 692.5333333333333 1
1747197794295 692.9 1
1747197794308 693.2666666666667 1
1747197794326 693.6333333333333 1
1747197794342 694.0 1
1747197794359 694.3666666666667 1
1747197794383 694.7333333333333 1
1747197794398 695.1 1
1747197794416 695.4666666666667 1
1747197794433 695.8333333333334 1
1747197794450 696.2 1
1747197794467 696.5666666666667 1
1747197794484 696.9333333333333 1
1747197794510 697.3 1
1747197794526 697.6666666666666 1
1747197794544 698.0333333333333 1
1747197794558 698.4 1
1747197794575 698.7666666666667 1
1747197794592 699.1333333333333 1
1747197794609 699.5 1
1747197794625 699.8666666666667 1
1747197794642 700.2333333333333 1
1747197794658 700.6 1
1747197794676 700.9666666666667 1
1747197794691 701.3333333333334 1
1747197794710 701.7 1
1747197794727 702.0666666666667 1
1747197794743 702.4333333333333 1
1747197794763 702.8 1
1747197794785 703.1666666666666 1
1747197794803 703.5333333333333 1
1747197794821 703.9 1
1747197794837 704.2666666666667 1
1747197794854 704.6333333333333 1
1747197794871 705.0 1
1747197794888 705.3666666666667 1
1747197794903 705.7333333333333 1
1747197794919 706.1 1
1747197794937 706.4666666666667 1
1747197794952 706.8333333333334 1
1747197794969 707.2 1
1747197794985 707.5666666666667 1
1747197795001 707.9333333333333 1
1747197795019 708.3 1
1747197795034 708.6666666666666 1
1747197795051 709.0333333333333 1
1747197795068 709.4 1
1747197795084 709.7666666666667 1
1747197795101 710.1333333333333 1
1747197795119 710.5 1
1747197795136 710.8666666666667 1
1747197795150 711.2333333333333 1
1747197795167 711.6 1
1747197795183 711.9666666666667 1
1747197795197 712.3333333333334 1
1747197795217 712.7 1
1747197795233 713.0666666666667 1
1747197795245 713.4333333333333 1
1747197795264 713.8 1
1747197795280 714.1666666666666 1
1747197795296 714.5333333333333 1
1747197795314 714.9 1
1747197795329 715.2666666666667 1
1747197795347 715.6333333333333 1
1747197795364 716.0 1
1747197795382 716.3666666666667 1
1747197795399 716.7333333333333 1
1747197795413 717.1 1
1747197795431 717.4666666666667 1
1747197795447 717.8333333333334 1
1747197795465 718.2 1
1747197795483 718.5666666666667 1
1747197795498 718.9333333333333 1
1747197795514 719.3 1
1747197795531 719.6666666666666 1
1747197795548 720.0333333333333 1
1747197795566 720.4 1
1747197795582 720.7666666666667 1
