1747197780215 1.0 1
1747197780258 2.0 1
1747197780287 3.0 1
1747197780316 4.0 1
1747197780344 5.0 1
1747197780369 6.0 1
1747197780392 7.0 1
1747197780415 8.0 1
1747197780438 9.0 1
1747197780460 10.0 1
1747197780481 11.0 1
1747197780503 12.0 1
1747197780522 13.0 1
1747197780541 14.0 1
1747197780560 15.0 1
1747197780580 16.0 1
1747197780601 17.0 1
1747197780622 18.0 1
1747197780650 19.0 1
1747197780669 20.0 1
1747197780687 21.0 1
1747197780704 22.0 1
1747197780720 23.0 1
1747197780736 24.0 1
1747197780755 25.0 1
1747197780771 26.0 1
1747197780787 27.0 1
1747197780805 28.0 1
1747197780822 29.0 1
1747197780838 30.0 1
1747197780853 31.0 1
1747197780870 32.0 1
1747197780885 33.0 1
1747197780903 34.0 1
1747197780920 35.0 1
1747197780937 36.0 1
1747197780954 37.0 1
1747197780971 38.0 1
1747197780988 39.0 1
1747197781005 40.0 1
1747197781022 41.0 1
1747197781038 42.0 1
1747197781055 43.0 1
1747197781070 44.0 1
1747197781087 45.0 1
1747197781104 46.0 1
1747197781120 47.0 1
1747197781136 48.0 1
1747197781152 49.0 1
1747197781169 50.0 1
1747197781186 51.0 1
1747197781202 52.0 1
1747197781217 53.0 1
1747197781235 54.0 1
1747197781251 55.0 1
1747197781266 56.0 1
1747197781284 57.0 1
1747197781299 58.0 1
1747197781319 59.0 1
1747197781336 60.0 1
1747197781353 61.0 1
1747197781369 62.0 1
1747197781386 63.0 1
1747197781403 64.0 1
1747197781420 65.0 1
1747197781435 66.0 1
1747197781452 67.0 1
1747197781468 68.0 1
1747197781484 69.0 1
1747197781500 70.0 1
1747197781516 71.0 1
1747197781533 72.0 1
1747197781548 73.0 1
1747197781565 74.0 1
1747197781583 75.0 1
1747197781598 76.0 1
1747197781615 77.0 1
1747197781631 78.0 1
1747197781648 79.0 1
1747197781664 80.0 1
1747197781680 81.0 1
1747197781698 82.0 1
1747197781715 83.0 1
1747197781732 84.0 1
1747197781749 85.0 1
1747197781764 86.0 1
1747197781782 87.0 1
1747197781798 88.0 1
1747197781816 89.0 1
1747197781833 90.0 1
1747197781849 91.0 1
1747197781864 92.0 1
1747197781881 93.0 1
1747197781898 94.0 1
1747197781915 95.0 1
1747197781932 96.0 1
1747197781948 97.0 1
1747197781964 98.0 1
1747197781982 99.0 1
1747197781998 100.0 1
1747197782014 101.0 1
1747197782029 102.0 1
1747197782046 103.0 1
1747197782064 104.0 1
1747197782080 105.0 1
1747197782097 106.0 1
1747197782113 107.0 1
1747197782136 108.0 1
1747197782153 109.0 1
1747197782169 110.0 1
1747197782186 111.0 1
1747197782203 112.0 1
1747197782218 113.0 1
1747197782234 114.0 1
1747197782250 115.0 1
1747197782267 116.0 1
1747197782284 117.0 1
1747197782301 118.0 1
1747197782317 119.0 1
1747197782333 120.0 1
1747197782349 121.0 1
1747197782365 122.0 1
1747197782382 123.0 1
1747197782397 124.0 1
1747197782414 125.0 1
1747197782431 126.0 1
1747197782447 127.0 1
1747197782462 128.0 1
1747197782479 129.0 1
1747197782496 130.0 1
1747197782512 131.0 1
1747197782528 132.0 1
1747197782544 133.0 1
1747197782562 134.0 1
1747197782577 135.0 1
1747197782594 136.0 1
1747197782609 137.0 1
1747197782627 138.0 1
1747197782644 139.0 1
1747197782660 140.0 1
1747197782676 141.0 1
1747197782694 142.0 1
1747197782710 143.0 1
1747197782726 144.0 1
1747197782741 145.0 1
1747197782758 146.0 1
1747197782774 147.0 1
1747197782791 148.0 1
1747197782808 149.0 1
1747197782824 150.0 1
1747197782841 151.0 1
1747197782857 152.0 1
1747197782874 153.0 1
1747197782891 154.0 1
1747197782906 155.0 1
1747197782924 156.0 1
1747197782939 157.0 1
1747197782955 158.0 1
1747197782971 159.0 1
1747197782988 160.0 1
1747197783005 161.0 1
1747197783021 162.0 1
1747197783038 163.0 1
1747197783055 164.0 1
1747197783071 165.0 1
1747197783088 166.0 1
1747197783104 167.0 1
1747197783119 168.0 1
1747197783136 169.0 1
1747197783152 170.0 1
1747197783170 171.0 1
1747197783187 172.0 1
1747197783204 173.0 1
1747197783219 174.0 1
1747197783235 175.0 1
1747197783252 176.0 1
1747197783267 177.0 1
1747197783284 178.0 1
1747197783299 179.0 1
1747197783316 180.0 1
1747197783333 181.0 1
1747197783349 182.0 1
1747197783365 183.0 1
1747197783382 184.0 1
1747197783398 185.0 1
1747197783414 186.0 1
1747197783429 187.0 1
1747197783446 188.0 1
1747197783462 189.0 1
1747197783479 190.0 1
1747197783496 191.0 1
1747197783513 192.0 1
1747197783529 193.0 1
1747197783547 194.0 1
1747197783564 195.0 1
1747197783580 196.0 1
1747197783596 197.0 1
1747197783613 198.0 1
1747197783630 199.0 1
1747197783646 200.0 1
1747197783663 201.0 1
1747197783679 202.0 1
1747197783695 203.0 1
1747197783713 204.0 1
1747197783728 205.0 1
1747197783744 206.0 1
1747197783761 207.0 1
1747197783778 208.0 1
1747197783795 209.0 1
1747197783814 210.0 1
1747197783829 211.0 1
1747197783846 212.0 1
1747197783863 213.0 1
1747197783880 214.0 1
1747197783896 215.0 1
1747197783913 216.0 1
1747197783929 217.0 1
1747197783946 218.0 1
1747197783962 219.0 1
1747197783982 220.0 1
1747197783995 221.0 1
1747197784014 222.0 1
1747197784029 223.0 1
1747197784046 224.0 1
1747197784064 225.0 1
1747197784079 226.0 1
1747197784096 227.0 1
1747197784112 228.0 1
1747197784127 229.0 1
1747197784145 230.0 1
1747197784161 231.0 1
1747197784179 232.0 1
1747197784195 233.0 1
1747197784211 234.0 1
1747197784228 235.0 1
1747197784246 236.0 1
1747197784262 237.0 1
1747197784279 238.0 1
1747197784294 239.0 1
1747197784311 240.0 1
1747197784329 241.0 1
1747197784348 242.0 1
1747197784362 243.0 1
1747197784380 244.0 1
1747197784396 245.0 1
1747197784413 246.0 1
1747197784430 247.0 1
1747197784447 248.0 1
1747197784463 249.0 1
1747197784479 250.0 1
1747197784495 251.0 1
1747197784511 252.0 1
1747197784528 253.0 1
1747197784544 254.0 1
1747197784562 255.0 1
1747197784578 256.0 1
1747197784594 257.0 1
1747197784610 258.0 1
1747197784628 259.0 1
1747197784645 260.0 1
1747197784661 261.0 1
1747197784678 262.0 1
1747197784696 263.0 1
1747197784713 264.0 1
1747197784729 265.0 1
1747197784746 266.0 1
1747197784762 267.0 1
1747197784778 268.0 1
1747197784794 269.0 1
1747197784810 270.0 1
1747197784828 271.0 1
1747197784850 272.0 1
1747197784868 273.0 1
1747197784884 274.0 1
1747197784899 275.0 1
1747197784918 276.0 1
1747197784933 277.0 1
1747197784950 278.0 1
1747197784967 279.0 1
1747197784985 280.0 1
1747197785000 281.0 1
1747197785016 282.0 1
1747197785032 283.0 1
1747197785049 284.0 1
1747197785065 285.0 1
1747197785082 286.0 1
1747197785098 287.0 1
1747197785115 288.0 1
1747197785131 289.0 1
1747197785149 290.0 1
1747197785166 291.0 1
1747197785183 292.0 1
1747197785199 293.0 1
1747197785216 294.0 1
1747197785233 295.0 1
1747197785249 296.0 1
1747197785265 297.0 1
1747197785281 298.0 1
1747197785299 299.0 1
1747197785315 300.0 1
1747197785331 301.0 1
1747197785347 302.0 1
1747197785363 303.0 1
1747197785380 304.0 1
1747197785397 305.0 1
1747197785414 306.0 1
1747197785430 307.0 1
1747197785446 308.0 1
1747197785461 309.0 1
1747197785478 310.0 1
1747197785494 311.0 1
1747197785510 312.0 1
1747197785528 313.0 1
1747197785545 314.0 1
1747197785561 315.0 1
1747197785578 316.0 1
1747197785594 317.0 1
1747197785611 318.0 1
1747197785627 319.0 1
1747197785643 320.0 1
1747197785660 321.0 1
1747197785676 322.0 1
1747197785694 323.0 1
1747197785710 324.0 1
1747197785728 325.0 1
1747197785745 326.0 1
1747197785761 327.0 1
1747197785778 328.0 1
1747197785794 329.0 1
1747197785810 330.0 1
1747197785827 331.0 1
1747197785844 332.0 1
1747197785859 333.0 1
1747197785876 334.0 1
1747197785893 335.0 1
1747197785910 336.0 1
1747197785926 337.0 1
1747197785942 338.0 1
1747197785958 339.0 1
1747197785974 340.0 1
1747197785989 341.0 1
1747197786007 342.0 1
1747197786023 343.0 1
1747197786039 344.0 1
1747197786056 345.0 1
1747197786073 346.0 1
1747197786090 347.0 1
1747197786106 348.0 1
1747197786124 349.0 1
1747197786140 350.0 1
1747197786156 351.0 1
1747197786174 352.0 1
1747197786188 353.0 1
1747197786212 354.0 1
1747197786228 355.0 1
1747197786244 356.0 1
1747197786260 357.0 1
1747197786277 358.0 1
1747197786293 359.0 1
1747197786310 360.0 1
1747197786327 361.0 1
1747197786343 362.0 1
1747197786360 363.0 1
1747197786376 364.0 1
1747197786391 365.0 1
1747197786409 366.0 1
1747197786426 367.0 1
1747197786442 368.0 1
1747197786458 369.0 1
1747197786474 370.0 1
1747197786490 371.0 1
1747197786506 372.0 1
1747197786524 373.0 1
1747197786540 374.0 1
1747197786557 375.0 1
1747197786574 376.0 1
1747197786590 377.0 1
1747197786607 378.0 1
1747197786624 379.0 1
1747197786639 380.0 1
1747197786656 381.0 1
1747197786673 382.0 1
1747197786690 383.0 1
1747197786707 384.0 1
1747197786723 385.0 1
1747197786740 386.0 1
1747197786757 387.0 1
1747197786774 388.0 1
1747197786790 389.0 1
1747197786806 390.0 1
1747197786823 391.0 1
1747197786840 392.0 1
1747197786856 393.0 1
1747197786873 394.0 1
1747197786889 395.0 1
1747197786905 396.0 1
1747197786921 397.0 1
1747197786939 398.0 1
1747197786957 399.0 1
1747197786972 400.0 1
1747197786989 401.0 1
1747197787005 402.0 1
1747197787023 403.0 1
1747197787040 404.0 1
1747197787056 405.0 1
1747197787071 406.0 1
1747197787089 407.0 1
1747197787106 408.0 1
1747197787123 409.0 1
1747197787140 410.0 1
1747197787157 411.0 1
1747197787174 412.0 1
1747197787190 413.0 1
1747197787207 414.0 1
1747197787223 415.0 1
1747197787238 416.0 1
1747197787257 417.0 1
1747197787274 418.0 1
1747197787290 419.0 1
1747197787307 420.0 1
1747197787324 421.0 1
1747197787339 422.0 1
1747197787357 423.0 1
1747197787371 424.0 1
1747197787387 425.0 1
1747197787404 426.0 1
1747197787420 427.0 1
1747197787438 428.0 1
1747197787454 429.0 1
1747197787470 430.0 1
1747197787488 431.0 1
1747197787505 432.0 1
1747197787521 433.0 1
1747197787537 434.0 1
1747197787553 435.0 1
1747197787573 436.0 1
1747197787586 437.0 1
1747197787603 438.0 1
1747197787619 439.0 1
1747197787635 440.0 1
1747197787653 441.0 1
1747197787669 442.0 1
1747197787684 443.0 1
1747197787700 444.0 1
1747197787716 445.0 1
1747197787733 446.0 1
1747197787749 447.0 1
1747197787765 448.0 1
1747197787782 449.0 1
1747197787798 450.0 1
1747197787815 451.0 1
1747197787831 452.0 1
1747197787847 453.0 1
1747197787863 454.0 1
1747197787879 455.0 1
1747197787896 456.0 1
1747197787912 457.0 1
1747197787928 458.0 1
1747197787944 459.0 1
1747197787960 460.0 1
1747197787977 461.0 1
1747197787993 462.0 1
1747197788009 463.0 1
1747197788025 464.0 1
1747197788042 465.0 1
1747197788058 466.0 1
1747197788075 467.0 1
1747197788092 468.0 1
1747197788108 469.0 1
1747197788124 470.0 1
1747197788141 471.0 1
1747197788158 472.0 1
1747197788175 473.0 1
1747197788191 474.0 1
1747197788207 475.0 1
1747197788224 476.0 1
1747197788241 477.0 1
1747197788257 478.0 1
1747197788273 479.0 1
1747197788290 480.0 1
1747197788311 481.0 1
1747197788325 482.0 1
1747197788343 483.0 1
1747197788360 484.0 1
1747197788376 485.0 1
1747197788395 486.0 1
1747197788409 487.0 1
1747197788427 488.0 1
1747197788443 489.0 1
1747197788460 490.0 1
1747197788475 491.0 1
1747197788492 492.0 1
1747197788509 493.0 1
1747197788525 494.0 1
1747197788541 495.0 1
1747197788558 496.0 1
1747197788574 497.0 1
1747197788590 498.0 1
1747197788607 499.0 1
1747197788623 500.0 1
1747197788639 501.0 1
1747197788655 502.0 1
1747197788672 503.0 1
1747197788688 504.0 1
1747197788705 505.0 1
1747197788721 506.0 1
1747197788738 507.0 1
1747197788754 508.0 1
1747197788771 509.0 1
1747197788787 510.0 1
1747197788803 511.0 1
1747197788820 512.0 1
1747197788838 513.0 1
1747197788853 514.0 1
1747197788869 515.0 1
1747197788886 516.0 1
1747197788903 517.0 1
1747197788919 518.0 1
1747197788943 519.0 1
1747197788959 520.0 1
1747197788975 521.0 1
1747197788992 522.0 1
1747197789008 523.0 1
1747197789023 524.0 1
1747197789040 525.0 1
1747197789057 526.0 1
1747197789073 527.0 1
1747197789090 528.0 1
1747197789107 529.0 1
1747197789124 530.0 1
1747197789140 531.0 1
1747197789156 532.0 1
1747197789173 533.0 1
1747197789189 534.0 1
1747197789205 535.0 1
1747197789220 536.0 1
1747197789238 537.0 1
1747197789254 538.0 1
1747197789271 539.0 1
1747197789288 540.0 1
1747197789305 541.0 1
1747197789321 542.0 1
1747197789337 543.0 1
1747197789353 544.0 1
1747197789370 545.0 1
1747197789387 546.0 1
1747197789403 547.0 1
1747197789419 548.0 1
1747197789437 549.0 1
1747197789454 550.0 1
1747197789469 551.0 1
1747197789488 552.0 1
1747197789505 553.0 1
1747197789521 554.0 1
1747197789537 555.0 1
1747197789554 556.0 1
1747197789570 557.0 1
1747197789587 558.0 1
1747197789604 559.0 1
1747197789620 560.0 1
1747197789648 561.0 1
1747197789673 562.0 1
1747197789703 563.0 1
1747197789724 564.0 1
1747197789738 565.0 1
1747197789756 566.0 1
1747197789771 567.0 1
1747197789787 568.0 1
1747197789805 569.0 1
1747197789821 570.0 1
1747197789840 571.0 1
1747197789857 572.0 1
1747197789875 573.0 1
1747197789891 574.0 1
1747197789906 575.0 1
1747197789924 576.0 1
1747197789940 577.0 1
1747197789958 578.0 1
1747197789975 579.0 1
1747197789991 580.0 1
1747197790007 581.0 1
1747197790023 582.0 1
1747197790039 583.0 1
1747197790056 584.0 1
1747197790073 585.0 1
1747197790089 586.0 1
1747197790105 587.0 1
1747197790123 588.0 1
1747197790138 589.0 1
1747197790155 590.0 1
1747197790171 591.0 1
1747197790186 592.0 1
1747197790205 593.0 1
1747197790220 594.0 1
1747197790235 595.0 1
1747197790254 596.0 1
1747197790269 597.0 1
1747197790292 598.0 1
1747197790306 599.0 1
1747197790324 600.0 1
1747197790340 601.0 1
1747197790362 602.0 1
1747197790381 603.0 1
1747197790397 604.0 1
1747197790412 605.0 1
1747197790429 606.0 1
1747197790445 607.0 1
1747197790461 608.0 1
1747197790480 609.0 1
1747197790495 610.0 1
1747197790511 611.0 1
1747197790527 612.0 1
1747197790544 613.0 1
1747197790560 614.0 1
1747197790582 615.0 1
1747197790600 616.0 1
1747197790618 617.0 1
1747197790633 618.0 1
1747197790649 619.0 1
1747197790666 620.0 1
1747197790684 621.0 1
1747197790701 622.0 1
1747197790717 623.0 1
1747197790733 624.0 1
1747197790748 625.0 1
1747197790765 626.0 1
1747197790783 627.0 1
1747197790798 628.0 1
1747197790816 629.0 1
1747197790831 630.0 1
1747197790848 631.0 1
1747197790867 632.0 1
1747197790884 633.0 1
1747197790902 634.0 1
1747197790919 635.0 1
1747197790947 636.0 1
1747197790964 637.0 1
1747197790980 638.0 1
1747197790997 639.0 1
1747197791014 640.0 1
1747197791029 641.0 1
1747197791045 642.0 1
1747197791061 643.0 1
1747197791078 644.0 1
1747197791095 645.0 1
1747197791112 646.0 1
1747197791127 647.0 1
1747197791146 648.0 1
1747197791161 649.0 1
1747197791180 650.0 1
1747197791197 651.0 1
1747197791213 652.0 1
1747197791230 653.0 1
1747197791246 654.0 1
1747197791262 655.0 1
1747197791279 656.0 1
1747197791294 657.0 1
1747197791310 658.0 1
1747197791326 659.0 1
1747197791344 660.0 1
1747197791361 661.0 1
1747197791381 662.0 1
1747197791398 663.0 1
1747197791413 664.0 1
1747197791429 665.0 1
1747197791445 666.0 1
1747197791462 667.0 1
1747197791479 668.0 1
1747197791495 669.0 1
1747197791513 670.0 1
1747197791528 671.0 1
1747197791544 672.0 1
1747197791561 673.0 1
1747197791577 674.0 1
1747197791593 675.0 1
1747197791609 676.0 1
1747197791625 677.0 1
1747197791641 678.0 1
1747197791665 679.0 1
1747197791681 680.0 1
1747197791697 681.0 1
1747197791715 682.0 1
1747197791733 683.0 1
1747197791750 684.0 1
1747197791767 685.0 1
1747197791783 686.0 1
1747197791799 687.0 1
1747197791816 688.0 1
1747197791834 689.0 1
1747197791849 690.0 1
1747197791866 691.0 1
1747197791883 692.0 1
1747197791899 693.0 1
1747197791915 694.0 1
1747197791932 695.0 1
1747197791949 696.0 1
1747197791966 697.0 1
1747197791982 698.0 1
1747197791999 699.0 1
1747197792015 700.0 1
1747197792031 701.0 1
1747197792049 702.0 1
1747197792065 703.0 1
1747197792083 704.0 1
1747197792098 705.0 1
1747197792115 706.0 1
1747197792133 707.0 1
1747197792148 708.0 1
1747197792164 709.0 1
1747197792180 710.0 1
1747197792197 711.0 1
1747197792214 712.0 1
1747197792232 713.0 1
1747197792249 714.0 1
1747197792265 715.0 1
1747197792281 716.0 1
1747197792296 717.0 1
1747197792314 718.0 1
1747197792329 719.0 1
1747197792346 720.0 1
1747197792362 721.0 1
1747197792378 722.0 1
1747197792394 723.0 1
1747197792410 724.0 1
1747197792425 725.0 1
1747197792441 726.0 1
1747197792459 727.0 1
1747197792475 728.0 1
1747197792491 729.0 1
1747197792508 730.0 1
1747197792524 731.0 1
1747197792539 732.0 1
1747197792555 733.0 1
1747197792572 734.0 1
1747197792589 735.0 1
1747197792605 736.0 1
1747197792621 737.0 1
1747197792638 738.0 1
1747197792653 739.0 1
1747197792671 740.0 1
1747197792686 741.0 1
1747197792705 742.0 1
1747197792720 743.0 1
1747197792738 744.0 1
1747197792754 745.0 1
1747197792770 746.0 1
1747197792786 747.0 1
1747197792801 748.0 1
1747197792818 749.0 1
1747197792835 750.0 1
1747197792851 751.0 1
1747197792868 752.0 1
1747197792885 753.0 1
1747197792901 754.0 1
1747197792917 755.0 1
1747197792934 756.0 1
1747197792950 757.0 1
1747197792966 758.0 1
1747197792983 759.0 1
1747197793000 760.0 1
1747197793016 761.0 1
1747197793040 762.0 1
1747197793058 763.0 1
1747197793075 764.0 1
1747197793093 765.0 1
1747197793108 766.0 1
1747197793124 767.0 1
1747197793140 768.0 1
1747197793158 769.0 1
1747197793174 770.0 1
1747197793190 771.0 1
1747197793207 772.0 1
1747197793223 773.0 1
1747197793239 774.0 1
1747197793257 775.0 1
1747197793275 776.0 1
1747197793292 777.0 1
1747197793309 778.0 1
1747197793325 779.0 1
1747197793342 780.0 1
1747197793358 781.0 1
1747197793378 782.0 1
1747197793395 783.0 1
1747197793409 784.0 1
1747197793426 785.0 1
1747197793443 786.0 1
1747197793459 787.0 1
1747197793475 788.0 1
1747197793492 789.0 1
1747197793507 790.0 1
1747197793524 791.0 1
1747197793541 792.0 1
1747197793557 793.0 1
1747197793574 794.0 1
1747197793591 795.0 1
1747197793606 796.0 1
1747197793624 797.0 1
1747197793639 798.0 1
1747197793655 799.0 1
1747197793673 800.0 1
1747197793690 801.0 1
1747197793707 802.0 1
1747197793723 803.0 1
1747197793742 804.0 1
1747197793758 805.0 1
1747197793773 806.0 1
1747197793790 807.0 1
1747197793806 808.0 1
1747197793823 809.0 1
1747197793840 810.0 1
1747197793855 811.0 1
1747197793872 812.0 1
1747197793888 813.0 1
1747197793903 814.0 1
1747197793920 815.0 1
1747197793937 816.0 1
1747197793954 817.0 1
1747197793969 818.0 1
1747197793985 819.0 1
1747197794002 820.0 1
1747197794022 821.0 1
1747197794041 822.0 1
1747197794061 823.0 1
1747197794076 824.0 1
1747197794094 825.0 1
1747197794109 826.0 1
1747197794125 827.0 1
1747197794140 828.0 1
1747197794157 829.0 1
1747197794174 830.0 1
1747197794190 831.0 1
1747197794207 832.0 1
1747197794223 833.0 1
1747197794239 834.0 1
1747197794257 835.0 1
1747197794273 836.0 1
1747197794289 837.0 1
1747197794304 838.0 1
1747197794320 839.0 1
1747197794337 840.0 1
1747197794354 841.0 1
1747197794369 842.0 1
1747197794391 843.0 1
1747197794411 844.0 1
1747197794429 845.0 1
1747197794444 846.0 1
1747197794461 847.0 1
1747197794478 848.0 1
1747197794500 849.0 1
1747197794521 850.0 1
1747197794538 851.0 1
1747197794554 852.0 1
1747197794570 853.0 1
1747197794588 854.0 1
1747197794604 855.0 1
1747197794620 856.0 1
1747197794638 857.0 1
1747197794654 858.0 1
1747197794671 859.0 1
1747197794687 860.0 1
1747197794704 861.0 1
1747197794720 862.0 1
1747197794739 863.0 1
1747197794756 864.0 1
1747197794773 865.0 1
1747197794797 866.0 1
1747197794815 867.0 1
1747197794832 868.0 1
1747197794848 869.0 1
1747197794866 870.0 1
1747197794883 871.0 1
1747197794898 872.0 1
1747197794915 873.0 1
1747197794932 874.0 1
1747197794947 875.0 1
1747197794964 876.0 1
1747197794978 877.0 1
1747197794995 878.0 1
1747197795013 879.0 1
1747197795029 880.0 1
1747197795045 881.0 1
1747197795063 882.0 1
1747197795079 883.0 1
1747197795096 884.0 1
1747197795113 885.0 1
1747197795129 886.0 1
1747197795145 887.0 1
1747197795161 888.0 1
1747197795177 889.0 1
1747197795194 890.0 1
1747197795210 891.0 1
1747197795226 892.0 1
1747197795241 893.0 1
1747197795258 894.0 1
1747197795275 895.0 1
1747197795291 896.0 1
1747197795308 897.0 1
1747197795325 898.0 1
1747197795343 899.0 1
1747197795359 900.0 1
1747197795376 901.0 1
1747197795394 902.0 1
1747197795409 903.0 1
1747197795426 904.0 1
1747197795443 905.0 1
1747197795460 906.0 1
1747197795477 907.0 1
1747197795494 908.0 1
1747197795510 909.0 1
1747197795527 910.0 1
1747197795543 911.0 1
1747197795560 912.0 1
1747197795577 913.0 1
