1747197780219 0.36666666666666664 1
1747197780262 1.1666666666666667 1
1747197780291 2.466666666666667 1
1747197780319 4.333333333333334 1
1747197780347 6.833333333333334 1
1747197780373 10.033333333333335 1
1747197780395 14.000000000000002 1
1747197780419 18.8 1
1747197780441 24.5 1
1747197780463 31.166666666666668 1
1747197780485 38.86666666666667 1
1747197780506 47.66666666666667 1
1747197780525 57.63333333333334 1
1747197780543 68.83333333333334 1
1747197780563 81.33333333333334 1
1747197780582 95.20000000000002 1
1747197780605 110.50000000000001 1
1747197780634 127.30000000000001 1
1747197780653 145.66666666666669 1
1747197780672 165.53333333333336 1
1747197780690 186.83333333333337 1
1747197780708 186.83333333333337 1
1747197780723 186.83333333333337 1
1747197780739 186.83333333333337 1
1747197780758 186.83333333333337 1
1747197780773 186.83333333333337 1
1747197780792 186.83333333333337 1
1747197780808 186.83333333333337 1
1747197780825 186.83333333333337 1
1747197780841 186.83333333333337 1
1747197780856 186.83333333333337 1
1747197780874 193.60000000000002 1
1747197780888 205.70000000000002 1
1747197780906 218.16666666666669 1
1747197780923 231.00000000000003 1
1747197780939 244.20000000000002 1
1747197780959 257.7666666666667 1
1747197780974 271.70000000000005 1
1747197780990 286.00000000000006 1
1747197781008 300.66666666666674 1
1747197781024 315.7000000000001 1
1747197781040 331.1000000000001 1
1747197781057 346.86666666666673 1
1747197781073 363.00000000000006 1
1747197781090 379.50000000000006 1
1747197781106 396.36666666666673 1
1747197781123 413.6000000000001 1
1747197781139 431.2000000000001 1
1747197781155 449.16666666666674 1
1747197781171 467.5666666666667 1
1747197781189 486.4666666666667 1
1747197781205 505.93333333333334 1
1747197781220 526.0333333333333 1
1747197781238 546.8333333333333 1
1747197781254 564.6666666666666 1
1747197781271 585.1999999999999 1
1747197781288 606.0999999999999 1
1747197781303 627.3666666666666 1
1747197781322 648.9999999999999 1
1747197781339 670.9999999999999 1
1747197781356 693.3666666666666 1
1747197781373 716.0999999999999 1
1747197781389 739.1999999999999 1
1747197781406 762.6666666666666 1
1747197781423 786.5 1
1747197781438 810.7 1
1747197781455 835.2666666666668 1
1747197781470 860.2 1
1747197781487 885.5 1
1747197781504 911.1666666666666 1
1747197781519 937.1999999999999 1
1747197781537 963.5999999999999 1
1747197781551 990.3666666666666 1
1747197781569 1017.4999999999999 1
1747197781586 1045.0 1
1747197781600 1072.8666666666666 1
1747197781618 1101.1 1
1747197781634 1129.6999999999998 1
1747197781651 1158.6666666666665 1
1747197781667 1187.9999999999998 1
1747197781683 1217.6999999999998 1
1747197781700 1247.7666666666664 1
1747197781717 1278.1999999999998 1
1747197781737 1308.9999999999998 1
1747197781753 1340.1666666666665 1
1747197781767 1371.6999999999998 1
1747197781785 1403.6 1
1747197781800 1435.8666666666666 1
1747197781820 1468.5 1
1747197781837 1501.5 1
1747197781853 1534.8666666666666 1
1747197781868 1568.6 1
1747197781883 1602.6999999999998 1
1747197781900 1637.1666666666665 1
1747197781919 1671.9999999999998 1
1747197781934 1707.1999999999998 1
1747197781952 1742.7666666666664 1
1747197781966 1778.6999999999998 1
1747197781984 1814.9999999999998 1
1747197782002 1851.6666666666665 1
1747197782018 1888.6999999999998 1
1747197782032 1926.1 1
1747197782049 1963.8666666666666 1
1747197782067 2002.0 1
1747197782084 2040.5 1
1747197782101 2079.366666666667 1
1747197782126 2118.6 1
1747197782139 2158.2 1
1747197782156 2198.1666666666665 1
1747197782172 2238.5 1
1747197782189 2279.2 1
1747197782206 2320.2666666666664 1
1747197782221 2361.7 1
1747197782238 2403.5 1
1747197782254 2445.6666666666665 1
1747197782270 2488.2 1
1747197782288 2531.1 1
1747197782304 2574.366666666667 1
1747197782320 2618.0 1
1747197782337 2662.0 1
1747197782353 2706.366666666667 1
1747197782369 2751.1 1
1747197782385 2796.2 1
1747197782400 2841.6666666666665 1
1747197782418 2887.5 1
1747197782434 2933.7 1
1747197782450 2980.2666666666664 1
1747197782466 3027.2 1
1747197782483 3074.5 1
1747197782499 3122.1666666666665 1
1747197782516 3170.2 1
1747197782530 3218.6 1
1747197782548 3267.366666666667 1
1747197782565 3316.5 1
1747197782580 3366.0 1
1747197782598 3415.866666666667 1
1747197782613 3466.1 1
1747197782630 3516.7 1
1747197782648 3567.6666666666665 1
1747197782662 3619.0 1
1747197782679 3670.7 1
1747197782696 3722.7666666666664 1
1747197782713 3775.2 1
1747197782729 3828.0 1
1747197782744 3881.1666666666665 1
1747197782760 3934.7 1
1747197782777 3988.6 1
1747197782794 4042.866666666667 1
1747197782811 4097.5 1
1747197782827 4152.5 1
1747197782844 4207.866666666667 1
1747197782860 4263.6 1
1747197782877 4319.700000000001 1
1747197782894 4376.166666666667 1
1747197782910 4433.0 1
1747197782927 4490.2 1
1747197782941 4547.766666666666 1
1747197782958 4605.7 1
1747197782975 4664.0 1
1747197782990 4722.666666666667 1
1747197783008 4781.700000000001 1
1747197783024 4841.1 1
1747197783041 4900.866666666667 1
1747197783057 4961.0 1
1747197783073 5021.5 1
1747197783091 5082.366666666667 1
1747197783107 5143.6 1
1747197783124 5205.200000000001 1
1747197783138 5267.166666666667 1
1747197783155 5329.5 1
1747197783174 5392.2 1
1747197783190 5455.266666666666 1
1747197783207 5518.7 1
1747197783223 5582.5 1
1747197783238 5646.666666666667 1
1747197783256 5711.200000000001 1
1747197783269 5776.1 1
1747197783287 5841.366666666667 1
1747197783302 5907.0 1
1747197783322 5973.0 1
1747197783337 6039.366666666667 1
1747197783352 6106.1 1
1747197783368 6173.200000000001 1
1747197783384 6240.666666666667 1
1747197783401 6308.5 1
1747197783418 6376.7 1
1747197783432 6445.266666666666 1
1747197783448 6514.2 1
1747197783465 6583.5 1
1747197783482 6653.166666666667 1
1747197783499 6723.200000000001 1
1747197783516 6793.6 1
1747197783532 6864.366666666667 1
1747197783550 6935.5 1
1747197783567 7007.0 1
1747197783584 7078.866666666667 1
1747197783598 7151.1 1
1747197783616 7223.700000000001 1
1747197783632 7296.666666666667 1
1747197783649 7370.0 1
1747197783666 7443.7 1
1747197783683 7517.766666666666 1
1747197783697 7592.2 1
1747197783716 7667.0 1
1747197783732 7742.166666666667 1
1747197783747 7817.700000000001 1
1747197783765 7893.6 1
1747197783781 7969.866666666667 1
1747197783798 8046.5 1
1747197783818 8123.5 1
1747197783831 8200.866666666667 1
1747197783849 8278.6 1
1747197783865 8356.7 1
1747197783884 8435.166666666668 1
1747197783898 8514.000000000002 1
1747197783916 8593.200000000003 1
1747197783933 8672.76666666667 1
1747197783948 8752.700000000003 1
1747197783965 8833.000000000002 1
1747197783985 8913.666666666668 1
1747197783999 8994.7 1
1747197784017 9076.1 1
1747197784032 9157.866666666667 1
1747197784049 9240.0 1
1747197784067 9322.5 1
1747197784081 9405.366666666667 1
1747197784100 9488.6 1
1747197784115 9572.2 1
1747197784131 9656.166666666668 1
1747197784149 9740.500000000002 1
1747197784164 9825.200000000003 1
1747197784183 9910.26666666667 1
1747197784198 9995.700000000003 1
1747197784214 10081.500000000002 1
1747197784233 10167.666666666668 1
1747197784249 10254.2 1
1747197784265 10341.1 1
1747197784281 10428.366666666667 1
1747197784298 10516.0 1
1747197784315 10604.0 1
1747197784334 10692.366666666667 1
1747197784352 10781.1 1
1747197784365 10870.2 1
1747197784382 10959.666666666668 1
1747197784400 11049.500000000002 1
1747197784416 11139.700000000003 1
1747197784435 11230.26666666667 1
1747197784449 11321.200000000003 1
1747197784466 11412.500000000002 1
1747197784483 11504.166666666668 1
1747197784497 11596.2 1
1747197784514 11688.6 1
1747197784530 11781.366666666667 1
1747197784546 11874.5 1
1747197784566 11968.0 1
1747197784580 12061.866666666667 1
1747197784597 12156.1 1
1747197784613 12250.7 1
1747197784630 12345.666666666668 1
1747197784648 12441.000000000002 1
1747197784664 12536.700000000003 1
1747197784682 12632.76666666667 1
1747197784698 12729.200000000003 1
1747197784717 12826.000000000002 1
1747197784733 12923.166666666668 1
1747197784749 13020.7 1
1747197784765 13118.6 1
1747197784780 13216.866666666667 1
1747197784797 13315.5 1
1747197784814 13414.5 1
1747197784829 13513.866666666667 1
1747197784854 13613.6 1
1747197784871 13713.7 1
1747197784888 13814.166666666668 1
1747197784904 13915.000000000002 1
1747197784921 14016.200000000003 1
1747197784936 14117.76666666667 1
1747197784954 14219.700000000003 1
1747197784970 14322.000000000002 1
1747197784988 14424.666666666668 1
1747197785003 14527.7 1
1747197785019 14631.1 1
1747197785035 14734.866666666667 1
1747197785052 14839.0 1
1747197785068 14943.5 1
1747197785086 15048.366666666667 1
1747197785101 15153.6 1
1747197785118 15259.2 1
1747197785133 15365.166666666668 1
1747197785152 15471.500000000002 1
1747197785169 15578.200000000003 1
1747197785186 15685.26666666667 1
1747197785203 15792.700000000003 1
1747197785218 15900.500000000002 1
1747197785237 16008.666666666668 1
1747197785252 16117.2 1
1747197785268 16226.1 1
1747197785285 16335.366666666667 1
1747197785301 16445.0 1
1747197785318 16555.0 1
1747197785335 16665.366666666665 1
1747197785350 16776.1 1
1747197785366 16887.199999999997 1
1747197785382 16998.666666666664 1
1747197785400 17110.499999999996 1
1747197785418 17222.699999999997 1
1747197785433 17335.266666666663 1
1747197785448 17448.199999999997 1
1747197785464 17561.499999999996 1
1747197785482 17675.166666666664 1
1747197785497 17789.199999999997 1
1747197785514 17903.6 1
1747197785530 18018.366666666665 1
1747197785547 18133.5 1
1747197785565 18249.0 1
1747197785581 18364.866666666665 1
1747197785597 18481.1 1
1747197785613 18597.699999999997 1
1747197785630 18714.666666666664 1
1747197785646 18831.999999999996 1
1747197785662 18949.699999999997 1
1747197785679 19067.766666666663 1
1747197785697 19186.199999999997 1
1747197785713 19304.999999999996 1
1747197785731 19424.166666666664 1
1747197785747 19543.699999999997 1
1747197785764 19663.6 1
1747197785781 19783.866666666665 1
1747197785798 19904.5 1
1747197785814 20025.5 1
1747197785830 20146.866666666665 1
1747197785847 20268.6 1
1747197785862 20390.699999999997 1
1747197785878 20513.166666666664 1
1747197785896 20635.999999999996 1
1747197785913 20759.199999999997 1
1747197785929 20882.766666666663 1
1747197785945 21006.699999999997 1
1747197785960 21130.999999999996 1
1747197785977 21255.666666666664 1
1747197785993 21380.699999999997 1
1747197786010 21506.1 1
1747197786026 21631.866666666665 1
1747197786041 21758.0 1
1747197786058 21884.5 1
1747197786076 22011.366666666665 1
1747197786093 22138.6 1
1747197786109 22266.199999999997 1
1747197786127 22394.166666666664 1
1747197786143 22522.499999999996 1
1747197786160 22651.199999999997 1
1747197786176 22780.266666666663 1
1747197786191 22909.699999999997 1
1747197786215 23039.499999999996 1
1747197786232 23169.666666666664 1
1747197786247 23300.199999999997 1
1747197786263 23431.1 1
1747197786279 23562.366666666665 1
1747197786295 23694.0 1
1747197786313 23826.0 1
1747197786330 23958.366666666665 1
1747197786346 24091.1 1
1747197786362 24224.199999999997 1
1747197786378 24357.666666666664 1
1747197786394 24491.499999999996 1
1747197786412 24625.699999999997 1
1747197786428 24760.266666666663 1
1747197786445 24895.199999999997 1
1747197786461 25030.499999999996 1
1747197786476 25166.166666666664 1
1747197786494 25302.199999999997 1
1747197786509 25438.6 1
1747197786526 25575.366666666665 1
1747197786543 25712.5 1
1747197786559 25850.0 1
1747197786577 25987.866666666665 1
1747197786593 26126.1 1
1747197786609 26264.699999999997 1
1747197786627 26403.666666666664 1
1747197786641 26542.999999999996 1
1747197786658 26682.699999999997 1
1747197786676 26822.766666666663 1
1747197786693 26963.199999999997 1
1747197786710 27103.999999999996 1
1747197786725 27245.166666666664 1
1747197786743 27386.699999999997 1
1747197786760 27528.6 1
1747197786777 27670.866666666665 1
1747197786794 27813.5 1
1747197786808 27956.5 1
1747197786826 28099.866666666665 1
1747197786843 28243.6 1
1747197786858 28387.699999999997 1
1747197786876 28532.166666666664 1
1747197786891 28676.999999999996 1
1747197786908 28822.199999999997 1
1747197786925 28967.766666666663 1
1747197786942 29113.699999999997 1
1747197786960 29259.999999999996 1
1747197786975 29406.666666666664 1
1747197786993 29553.699999999997 1
1747197787008 29701.1 1
1747197787026 29848.866666666665 1
1747197787043 29997.0 1
1747197787058 30145.5 1
1747197787075 30294.366666666665 1
1747197787092 30443.6 1
1747197787108 30593.199999999997 1
1747197787126 30743.166666666664 1
1747197787142 30893.499999999996 1
1747197787160 31044.199999999997 1
1747197787176 31195.266666666663 1
1747197787193 31346.699999999997 1
1747197787210 31498.499999999996 1
1747197787225 31650.666666666664 1
1747197787242 31803.199999999997 1
1747197787260 31956.1 1
1747197787277 32109.366666666665 1
1747197787294 32263.0 1
1747197787309 32417.0 1
1747197787327 32571.366666666665 1
1747197787342 32726.1 1
1747197787361 32881.2 1
1747197787376 33036.666666666664 1
1747197787390 33192.5 1
1747197787406 33348.7 1
1747197787424 33505.26666666666 1
1747197787440 33662.2 1
1747197787457 33819.5 1
1747197787473 33977.166666666664 1
1747197787490 34135.2 1
1747197787508 34293.6 1
1747197787524 34452.36666666667 1
1747197787540 34611.5 1
1747197787556 34771.0 1
1747197787576 34930.86666666667 1
1747197787590 35091.1 1
1747197787606 35251.7 1
1747197787622 35412.666666666664 1
1747197787638 35574.0 1
1747197787655 35735.7 1
1747197787673 35897.76666666666 1
1747197787687 36060.2 1
1747197787703 36223.0 1
1747197787719 36386.166666666664 1
1747197787736 36549.7 1
1747197787753 36713.6 1
1747197787768 36877.86666666667 1
1747197787786 37042.5 1
1747197787801 37207.5 1
1747197787818 37372.86666666667 1
1747197787834 37538.6 1
1747197787850 37704.7 1
1747197787866 37871.166666666664 1
1747197787882 38038.0 1
1747197787900 38205.2 1
1747197787916 38372.76666666666 1
1747197787932 38540.7 1
1747197787946 38709.0 1
1747197787963 38877.666666666664 1
1747197787980 39046.7 1
1747197787996 39216.1 1
1747197788011 39385.86666666667 1
1747197788028 39556.0 1
1747197788045 39726.5 1
1747197788061 39897.36666666667 1
1747197788078 40068.6 1
1747197788096 40240.2 1
1747197788111 40412.166666666664 1
1747197788127 40584.5 1
1747197788144 40757.2 1
1747197788160 40930.26666666666 1
1747197788178 41103.7 1
1747197788194 41277.5 1
1747197788209 41451.666666666664 1
1747197788227 41626.2 1
1747197788245 41801.1 1
1747197788260 41976.36666666667 1
1747197788276 42152.0 1
1747197788293 42328.0 1
1747197788315 42504.36666666667 1
1747197788327 42681.1 1
1747197788346 42858.2 1
1747197788362 43035.666666666664 1
1747197788378 43213.5 1
1747197788398 43391.7 1
1747197788413 43570.26666666666 1
1747197788430 43749.2 1
1747197788446 43928.5 1
1747197788463 44108.166666666664 1
1747197788479 44288.2 1
1747197788495 44468.6 1
1747197788513 44649.36666666667 1
1747197788528 44830.5 1
1747197788545 45012.0 1
1747197788561 45193.86666666667 1
1747197788578 45376.1 1
1747197788594 45558.7 1
1747197788609 45741.666666666664 1
1747197788626 45925.0 1
1747197788641 46108.7 1
1747197788657 46292.76666666666 1
1747197788675 46477.2 1
1747197788691 46662.0 1
1747197788708 46847.166666666664 1
1747197788724 47032.7 1
1747197788740 47218.6 1
1747197788757 47404.86666666667 1
1747197788774 47591.5 1
1747197788791 47778.5 1
1747197788806 47965.86666666667 1
1747197788822 48153.6 1
1747197788841 48341.7 1
1747197788856 48530.166666666664 1
1747197788872 48719.0 1
1747197788889 48908.2 1
1747197788906 49097.76666666666 1
1747197788922 49287.7 1
1747197788946 49478.0 1
1747197788962 49668.666666666664 1
1747197788978 49859.7 1
1747197788996 50051.1 1
1747197789011 50242.86666666667 1
1747197789027 50435.0 1
1747197789043 50627.5 1
1747197789060 50820.36666666667 1
1747197789076 51013.6 1
1747197789094 51207.2 1
1747197789110 51401.166666666664 1
1747197789127 51595.5 1
1747197789141 51790.2 1
1747197789158 51985.26666666666 1
1747197789176 52180.7 1
1747197789191 52376.5 1
1747197789208 52572.666666666664 1
1747197789223 52769.2 1
1747197789240 52966.1 1
1747197789257 53163.36666666667 1
1747197789274 53361.0 1
1747197789291 53559.0 1
1747197789308 53757.36666666667 1
1747197789325 53956.1 1
1747197789340 54155.2 1
1747197789357 54354.666666666664 1
1747197789373 54554.5 1
1747197789390 54754.7 1
1747197789406 54955.26666666666 1
1747197789423 55156.2 1
1747197789440 55357.5 1
1747197789457 55559.166666666664 1
1747197789472 55761.2 1
1747197789490 55963.6 1
1747197789508 56166.36666666667 1
1747197789523 56369.5 1
1747197789540 56573.0 1
1747197789557 56776.86666666667 1
1747197789573 56981.1 1
1747197789591 57185.7 1
1747197789607 57390.666666666664 1
1747197789623 57596.0 1
1747197789655 57801.7 1
1747197789677 58007.76666666666 1
1747197789710 58214.2 1
1747197789727 58421.0 1
1747197789742 58628.166666666664 1
1747197789758 58835.7 1
1747197789773 59043.6 1
1747197789791 59251.86666666667 1
1747197789807 59460.5 1
1747197789825 59669.5 1
1747197789846 59878.86666666667 1
1747197789861 60088.6 1
1747197789879 60298.7 1
1747197789895 60509.166666666664 1
1747197789912 60720.0 1
1747197789927 60931.2 1
1747197789945 61142.76666666666 1
1747197789961 61354.7 1
1747197789979 61567.0 1
1747197789995 61779.666666666664 1
1747197790010 61992.7 1
1747197790026 62206.1 1
1747197790043 62419.86666666667 1
1747197790058 62634.0 1
1747197790076 62848.5 1
1747197790093 63063.36666666667 1
1747197790107 63278.6 1
1747197790127 63494.2 1
1747197790142 63710.166666666664 1
1747197790158 63926.5 1
1747197790175 64143.2 1
1747197790189 64360.26666666666 1
1747197790209 64577.7 1
1747197790222 64795.5 1
1747197790238 65013.666666666664 1
1747197790257 65232.2 1
1747197790272 65451.1 1
1747197790296 65670.36666666667 1
1747197790310 65890.0 1
1747197790327 66110.0 1
1747197790345 66330.36666666667 1
1747197790366 66551.1 1
1747197790385 66772.20000000001 1
1747197790402 66993.66666666667 1
1747197790415 67215.5 1
1747197790431 67437.7 1
1747197790448 67660.26666666666 1
1747197790464 67883.2 1
1747197790484 68106.5 1
1747197790499 68330.16666666667 1
1747197790515 68554.20000000001 1
1747197790529 68778.6 1
1747197790547 69003.36666666667 1
1747197790565 69228.5 1
1747197790586 69454.0 1
1747197790603 69679.86666666667 1
1747197790621 69906.1 1
1747197790636 70132.70000000001 1
1747197790652 70359.66666666667 1
1747197790673 70587.0 1
1747197790687 70814.7 1
1747197790705 71042.76666666666 1
1747197790720 71271.2 1
1747197790736 71500.0 1
1747197790752 71729.16666666667 1
1747197790769 71958.70000000001 1
1747197790787 72188.6 1
1747197790801 72418.86666666667 1
1747197790820 72649.5 1
1747197790834 72880.5 1
1747197790853 73111.86666666667 1
1747197790872 73343.6 1
1747197790889 73575.70000000001 1
1747197790904 73808.16666666667 1
1747197790924 74041.0 1
1747197790952 74274.2 1
1747197790967 74507.76666666666 1
1747197790984 74741.7 1
1747197791000 74976.0 1
1747197791017 75210.66666666667 1
1747197791032 75445.70000000001 1
1747197791049 75681.1 1
1747197791065 75916.86666666667 1
1747197791080 76153.0 1
1747197791098 76389.5 1
1747197791115 76626.36666666667 1
1747197791131 76863.6 1
1747197791150 77101.20000000001 1
1747197791166 77339.16666666667 1
1747197791185 77577.5 1
1747197791200 77816.2 1
1747197791217 78055.26666666666 1
1747197791234 78294.7 1
1747197791249 78534.5 1
1747197791267 78774.66666666667 1
1747197791281 79015.20000000001 1
1747197791298 79256.1 1
1747197791316 79497.36666666667 1
1747197791329 79739.0 1
1747197791349 79981.0 1
1747197791366 80223.36666666667 1
1747197791384 80466.1 1
1747197791402 80709.20000000001 1
1747197791418 80952.66666666667 1
1747197791433 81196.5 1
1747197791448 81440.7 1
1747197791466 81685.26666666666 1
1747197791483 81930.2 1
1747197791499 82175.5 1
1747197791516 82421.16666666667 1
1747197791531 82667.20000000001 1
1747197791547 82913.6 1
1747197791565 83160.36666666667 1
1747197791580 83407.5 1
1747197791598 83655.0 1
1747197791612 83902.86666666667 1
1747197791628 84151.1 1
1747197791654 84399.70000000001 1
1747197791669 84648.66666666667 1
1747197791685 84898.0 1
1747197791701 85147.7 1
1747197791719 85397.76666666666 1
1747197791736 85648.2 1
1747197791753 85899.0 1
1747197791770 86150.16666666667 1
1747197791787 86401.70000000001 1
1747197791802 86653.6 1
1747197791820 86905.86666666667 1
1747197791837 87158.5 1
1747197791853 87411.5 1
1747197791870 87664.86666666667 1
1747197791886 87918.6 1
1747197791903 88172.70000000001 1
1747197791918 88427.16666666667 1
1747197791936 88682.0 1
1747197791952 88937.2 1
1747197791969 89192.76666666666 1
1747197791985 89448.7 1
1747197792002 89705.0 1
1747197792018 89961.66666666667 1
1747197792035 90218.70000000001 1
1747197792053 90476.1 1
1747197792068 90733.86666666667 1
1747197792086 90992.0 1
1747197792102 91250.5 1
1747197792119 91509.36666666667 1
1747197792136 91768.6 1
1747197792151 92028.20000000001 1
1747197792168 92288.16666666667 1
1747197792184 92548.5 1
1747197792200 92809.2 1
1747197792218 93070.26666666666 1
1747197792236 93331.7 1
1747197792253 93593.5 1
1747197792269 93855.66666666667 1
1747197792286 94118.20000000001 1
1747197792300 94381.1 1
1747197792317 94644.36666666667 1
1747197792331 94908.0 1
1747197792350 95172.0 1
1747197792364 95436.36666666667 1
1747197792382 95701.1 1
1747197792398 95966.20000000001 1
1747197792413 96231.66666666667 1
1747197792429 96497.5 1
1747197792445 96763.7 1
1747197792463 97030.26666666666 1
1747197792478 97297.2 1
1747197792494 97564.5 1
1747197792511 97832.16666666667 1
1747197792527 98100.20000000001 1
1747197792544 98368.6 1
1747197792558 98637.36666666667 1
1747197792575 98906.5 1
1747197792592 99176.0 1
1747197792607 99445.86666666667 1
1747197792625 99716.1 1
1747197792640 99986.70000000001 1
1747197792656 100257.66666666667 1
1747197792675 100529.0 1
1747197792689 100800.7 1
1747197792708 101072.76666666666 1
1747197792723 101345.2 1
1747197792741 101618.0 1
1747197792757 101891.16666666667 1
1747197792772 102164.70000000001 1
1747197792789 102438.6 1
1747197792804 102712.86666666667 1
1747197792820 102987.5 1
1747197792838 103262.5 1
1747197792854 103537.86666666667 1
1747197792871 103813.6 1
1747197792887 104089.70000000001 1
1747197792903 104366.16666666667 1
1747197792920 104643.0 1
1747197792937 104920.2 1
1747197792954 105197.76666666666 1
1747197792968 105475.7 1
1747197792986 105754.0 1
1747197793004 106032.66666666667 1
1747197793029 106311.70000000001 1
1747197793043 106591.1 1
1747197793061 106870.86666666667 1
1747197793078 107151.0 1
1747197793096 107431.5 1
1747197793111 107712.36666666667 1
1747197793127 107993.6 1
1747197793145 108275.20000000001 1
1747197793161 108557.16666666667 1
1747197793177 108839.5 1
1747197793194 109122.2 1
1747197793211 109405.26666666666 1
1747197793226 109688.7 1
1747197793243 109972.5 1
1747197793261 110256.66666666667 1
1747197793278 110541.20000000001 1
1747197793296 110826.1 1
1747197793312 111111.36666666667 1
1747197793328 111397.0 1
1747197793345 111683.0 1
1747197793362 111969.36666666667 1
1747197793382 112256.1 1
1747197793399 112543.20000000001 1
1747197793412 112830.66666666667 1
1747197793429 113118.5 1
1747197793446 113406.7 1
1747197793463 113695.26666666666 1
1747197793480 113984.2 1
1747197793495 114273.5 1
1747197793511 114563.16666666667 1
1747197793527 114853.20000000001 1
1747197793544 115143.6 1
1747197793559 115434.36666666667 1
1747197793577 115725.5 1
1747197793595 116017.0 1
1747197793610 116308.86666666667 1
1747197793628 116601.1 1
1747197793642 116893.70000000001 1
1747197793658 117186.66666666667 1
1747197793676 117480.0 1
1747197793693 117773.7 1
1747197793711 118067.76666666666 1
1747197793727 118362.2 1
1747197793745 118657.0 1
1747197793762 118952.16666666667 1
1747197793777 119247.70000000001 1
1747197793794 119543.6 1
1747197793808 119839.86666666667 1
1747197793827 120136.5 1
1747197793844 120433.5 1
1747197793858 120730.86666666667 1
1747197793875 121028.6 1
1747197793891 121326.70000000001 1
1747197793906 121625.16666666667 1
1747197793924 121924.0 1
1747197793940 122223.2 1
1747197793957 122522.76666666666 1
1747197793973 122822.7 1
1747197793988 123123.0 1
1747197794005 123423.66666666667 1
1747197794028 123724.70000000001 1
1747197794045 124026.1 1
1747197794065 124327.86666666667 1
1747197794079 124630.0 1
1747197794097 124932.5 1
1747197794112 125235.36666666667 1
1747197794129 125538.6 1
1747197794144 125842.20000000001 1
1747197794160 126146.16666666667 1
1747197794177 126450.5 1
1747197794193 126755.2 1
1747197794210 127060.26666666666 1
1747197794226 127365.7 1
1747197794243 127671.5 1
1747197794260 127977.66666666667 1
1747197794276 128284.20000000001 1
1747197794293 128591.1 1
1747197794307 128898.36666666667 1
1747197794324 129206.0 1
1747197794341 129514.0 1
1747197794358 129822.36666666667 1
1747197794381 130131.1 1
1747197794396 130440.20000000001 1
1747197794415 130749.66666666667 1
1747197794432 131059.5 1
1747197794447 131369.7 1
1747197794465 131680.2666666667 1
1747197794481 131991.2 1
1747197794508 132302.5 1
1747197794524 132614.16666666666 1
1747197794542 132926.19999999998 1
1747197794556 133238.59999999998 1
1747197794573 133551.36666666664 1
1747197794591 133864.49999999997 1
1747197794607 134177.99999999997 1
1747197794624 134491.86666666664 1
1747197794640 134806.09999999998 1
1747197794657 135120.69999999998 1
1747197794674 135435.66666666666 1
1747197794690 135751.0 1
1747197794708 136066.7 1
1747197794724 136382.7666666667 1
1747197794741 136699.2 1
1747197794759 137016.0 1
1747197794781 137333.16666666666 1
1747197794801 137650.69999999998 1
1747197794820 137968.59999999998 1
1747197794835 138286.86666666664 1
1747197794852 138605.49999999997 1
1747197794870 138924.49999999997 1
1747197794886 139243.86666666664 1
1747197794901 139563.59999999998 1
1747197794918 139883.69999999998 1
1747197794935 140204.16666666666 1
1747197794951 140525.0 1
1747197794968 140846.2 1
1747197794984 141167.7666666667 1
1747197794998 141489.7 1
1747197795017 141812.0 1
1747197795031 142134.66666666666 1
1747197795049 142457.69999999998 1
1747197795066 142781.09999999998 1
1747197795083 143104.86666666664 1
1747197795100 143428.99999999997 1
1747197795117 143753.49999999997 1
1747197795134 144078.36666666664 1
1747197795148 144403.59999999998 1
1747197795165 144729.19999999998 1
1747197795182 145055.16666666666 1
1747197795196 145381.5 1
1747197795214 145708.2 1
1747197795231 146035.2666666667 1
1747197795244 146362.7 1
1747197795262 146690.5 1
1747197795278 147018.66666666666 1
1747197795294 147347.19999999998 1
1747197795312 147676.09999999998 1
1747197795328 148005.36666666664 1
1747197795346 148334.99999999997 1
1747197795362 148664.99999999997 1
1747197795380 148995.36666666664 1
1747197795398 149326.09999999998 1
1747197795411 149657.19999999998 1
1747197795429 149988.66666666666 1
1747197795446 150320.5 1
1747197795463 150652.7 1
1747197795480 150985.2666666667 1
1747197795497 151318.2 1
1747197795512 151651.5 1
1747197795530 151985.16666666666 1
1747197795546 152319.19999999998 1
1747197795564 152653.59999999998 1
1747197795581 152988.36666666664 1
