1747197780233 11.0 1
1747197780265 24.0 1
1747197780294 39.0 1
1747197780323 56.0 1
1747197780349 75.0 1
1747197780375 96.0 1
1747197780399 119.0 1
1747197780422 144.0 1
1747197780445 171.0 1
1747197780466 200.0 1
1747197780488 231.0 1
1747197780508 264.0 1
1747197780528 299.0 1
1747197780546 336.0 1
1747197780566 375.0 1
1747197780586 416.0 1
1747197780608 459.0 1
1747197780638 504.0 1
1747197780656 551.0 1
1747197780675 596.0 1
1747197780693 639.0 1
1747197780710 639.0 1
1747197780725 639.0 1
1747197780741 639.0 1
1747197780761 639.0 1
1747197780777 639.0 1
1747197780795 639.0 1
1747197780812 639.0 1
1747197780827 639.0 1
1747197780843 639.0 1
1747197780858 639.0 1
1747197780877 639.0 1
1747197780891 639.0 1
1747197780909 639.0 1
1747197780926 639.0 1
1747197780944 639.0 1
1747197780962 639.0 1
1747197780976 639.0 1
1747197780994 639.0 1
1747197781010 639.0 1
1747197781027 639.0 1
1747197781043 639.0 1
1747197781060 639.0 1
1747197781076 639.0 1
1747197781092 639.0 1
1747197781109 639.0 1
1747197781126 639.0 1
1747197781142 639.0 1
1747197781157 639.0 1
1747197781175 639.0 1
1747197781191 639.0 1
1747197781208 639.0 1
1747197781223 639.0 1
1747197781242 639.0 1
1747197781257 639.0 1
1747197781274 639.0 1
1747197781291 639.0 1
1747197781307 639.0 1
1747197781326 649.0 1
1747197781341 660.0 1
1747197781359 671.0 1
1747197781376 682.0 1
1747197781392 693.0 1
1747197781408 704.0 1
1747197781426 715.0 1
1747197781442 726.0 1
1747197781458 737.0 1
1747197781473 748.0 1
1747197781490 759.0 1
1747197781507 770.0 1
1747197781521 781.0 1
1747197781541 792.0 1
1747197781554 803.0 1
1747197781572 814.0 1
1747197781589 825.0 1
1747197781604 836.0 1
1747197781621 847.0 1
1747197781636 858.0 1
1747197781653 869.0 1
1747197781670 880.0 1
1747197781686 891.0 1
1747197781704 902.0 1
1747197781720 913.0 1
1747197781740 924.0 1
1747197781756 935.0 1
1747197781771 946.0 1
1747197781790 957.0 1
1747197781804 968.0 1
1747197781822 979.0 1
1747197781840 990.0 1
1747197781857 1001.0 1
1747197781871 1012.0 1
1747197781886 1023.0 1
1747197781903 1034.0 1
1747197781922 1045.0 1
1747197781938 1056.0 1
1747197781955 1067.0 1
1747197781969 1078.0 1
1747197781987 1089.0 1
1747197782005 1100.0 1
1747197782022 1111.0 1
1747197782036 1122.0 1
1747197782052 1133.0 1
1747197782070 1144.0 1
1747197782086 1155.0 1
1747197782105 1166.0 1
1747197782129 1177.0 1
1747197782141 1188.0 1
1747197782158 1199.0 1
1747197782175 1210.0 1
1747197782191 1221.0 1
1747197782209 1232.0 1
1747197782224 1243.0 1
1747197782240 1254.0 1
1747197782257 1265.0 1
1747197782273 1276.0 1
1747197782292 1287.0 1
1747197782307 1298.0 1
1747197782323 1309.0 1
1747197782340 1320.0 1
1747197782356 1331.0 1
1747197782372 1342.0 1
1747197782388 1353.0 1
1747197782404 1364.0 1
1747197782421 1375.0 1
1747197782436 1386.0 1
1747197782454 1397.0 1
1747197782469 1408.0 1
1747197782486 1419.0 1
1747197782502 1430.0 1
1747197782520 1441.0 1
1747197782534 1452.0 1
1747197782552 1463.0 1
1747197782569 1474.0 1
1747197782583 1485.0 1
1747197782601 1496.0 1
1747197782616 1507.0 1
1747197782634 1518.0 1
1747197782651 1529.0 1
1747197782666 1540.0 1
1747197782683 1551.0 1
1747197782699 1562.0 1
1747197782717 1573.0 1
1747197782732 1584.0 1
1747197782747 1595.0 1
1747197782763 1606.0 1
1747197782779 1617.0 1
1747197782797 1628.0 1
1747197782816 1639.0 1
1747197782831 1650.0 1
1747197782847 1661.0 1
1747197782863 1672.0 1
1747197782880 1683.0 1
1747197782897 1694.0 1
1747197782912 1705.0 1
1747197782930 1716.0 1
1747197782943 1727.0 1
1747197782961 1738.0 1
1747197782977 1749.0 1
1747197782994 1760.0 1
1747197783011 1771.0 1
1747197783027 1782.0 1
1747197783044 1793.0 1
1747197783060 1804.0 1
1747197783076 1815.0 1
1747197783094 1826.0 1
1747197783111 1837.0 1
1747197783128 1848.0 1
1747197783141 1859.0 1
1747197783157 1870.0 1
1747197783176 1881.0 1
1747197783192 1892.0 1
1747197783210 1903.0 1
1747197783225 1914.0 1
1747197783240 1925.0 1
1747197783258 1936.0 1
1747197783273 1947.0 1
1747197783290 1958.0 1
1747197783305 1969.0 1
1747197783326 1980.0 1
1747197783340 1991.0 1
1747197783355 2002.0 1
1747197783372 2013.0 1
1747197783387 2024.0 1
1747197783404 2035.0 1
1747197783421 2046.0 1
1747197783435 2057.0 1
1747197783451 2068.0 1
1747197783468 2079.0 1
1747197783485 2090.0 1
1747197783502 2101.0 1
1747197783518 2112.0 1
1747197783536 2123.0 1
1747197783552 2134.0 1
1747197783570 2145.0 1
1747197783587 2156.0 1
1747197783601 2167.0 1
1747197783620 2178.0 1
1747197783635 2189.0 1
1747197783652 2200.0 1
1747197783669 2211.0 1
1747197783686 2222.0 1
1747197783700 2233.0 1
1747197783718 2244.0 1
1747197783735 2255.0 1
1747197783750 2266.0 1
1747197783768 2277.0 1
1747197783784 2288.0 1
1747197783801 2299.0 1
1747197783822 2310.0 1
1747197783835 2321.0 1
1747197783852 2332.0 1
1747197783869 2343.0 1
1747197783888 2354.0 1
1747197783901 2365.0 1
1747197783919 2376.0 1
1747197783937 2387.0 1
1747197783952 2398.0 1
1747197783968 2409.0 1
1747197783989 2420.0 1
1747197784003 2431.0 1
1747197784019 2442.0 1
1747197784035 2453.0 1
1747197784053 2464.0 1
1747197784070 2475.0 1
1747197784085 2486.0 1
1747197784102 2497.0 1
1747197784118 2508.0 1
1747197784135 2519.0 1
1747197784152 2530.0 1
1747197784168 2541.0 1
1747197784186 2552.0 1
1747197784200 2563.0 1
1747197784218 2574.0 1
1747197784235 2585.0 1
1747197784251 2596.0 1
1747197784268 2607.0 1
1747197784284 2618.0 1
1747197784301 2629.0 1
1747197784320 2640.0 1
1747197784338 2651.0 1
1747197784356 2662.0 1
1747197784369 2673.0 1
1747197784385 2684.0 1
1747197784402 2695.0 1
1747197784419 2706.0 1
1747197784437 2717.0 1
1747197784452 2728.0 1
1747197784468 2739.0 1
1747197784486 2750.0 1
1747197784500 2761.0 1
1747197784517 2772.0 1
1747197784532 2783.0 1
1747197784549 2794.0 1
1747197784570 2805.0 1
1747197784584 2816.0 1
1747197784599 2827.0 1
1747197784615 2838.0 1
1747197784633 2849.0 1
1747197784650 2860.0 1
1747197784667 2871.0 1
1747197784685 2882.0 1
1747197784701 2893.0 1
1747197784719 2904.0 1
1747197784736 2915.0 1
1747197784752 2926.0 1
1747197784768 2937.0 1
1747197784783 2948.0 1
1747197784800 2959.0 1
1747197784817 2970.0 1
1747197784845 2981.0 1
1747197784857 2992.0 1
1747197784873 3003.0 1
1747197784891 3014.0 1
1747197784907 3025.0 1
1747197784924 3036.0 1
1747197784939 3047.0 1
1747197784957 3058.0 1
1747197784973 3069.0 1
1747197784990 3080.0 1
1747197785007 3091.0 1
1747197785022 3102.0 1
1747197785038 3113.0 1
1747197785055 3124.0 1
1747197785071 3135.0 1
1747197785088 3146.0 1
1747197785104 3157.0 1
1747197785121 3168.0 1
1747197785136 3179.0 1
1747197785154 3190.0 1
1747197785172 3201.0 1
1747197785189 3212.0 1
1747197785206 3223.0 1
1747197785221 3234.0 1
1747197785239 3245.0 1
1747197785255 3256.0 1
1747197785270 3267.0 1
1747197785288 3278.0 1
1747197785305 3289.0 1
1747197785322 3300.0 1
1747197785338 3311.0 1
1747197785354 3322.0 1
1747197785369 3333.0 1
1747197785385 3344.0 1
1747197785402 3355.0 1
1747197785421 3366.0 1
1747197785436 3377.0 1
1747197785451 3388.0 1
1747197785467 3399.0 1
1747197785486 3410.0 1
1747197785500 3421.0 1
1747197785518 3432.0 1
1747197785533 3443.0 1
1747197785550 3454.0 1
1747197785568 3465.0 1
1747197785584 3476.0 1
1747197785599 3487.0 1
1747197785617 3498.0 1
1747197785633 3509.0 1
1747197785651 3520.0 1
1747197785665 3531.0 1
1747197785682 3542.0 1
1747197785700 3553.0 1
1747197785716 3564.0 1
1747197785734 3575.0 1
1747197785751 3586.0 1
1747197785767 3597.0 1
1747197785783 3608.0 1
1747197785801 3619.0 1
1747197785818 3630.0 1
1747197785833 3641.0 1
1747197785850 3652.0 1
1747197785865 3663.0 1
1747197785882 3674.0 1
1747197785899 3685.0 1
1747197785916 3696.0 1
1747197785933 3707.0 1
1747197785948 3718.0 1
1747197785963 3729.0 1
1747197785980 3740.0 1
1747197785996 3751.0 1
1747197786013 3762.0 1
1747197786029 3773.0 1
1747197786045 3784.0 1
1747197786061 3795.0 1
1747197786079 3806.0 1
1747197786095 3817.0 1
1747197786112 3828.0 1
1747197786130 3839.0 1
1747197786147 3850.0 1
1747197786162 3861.0 1
1747197786179 3872.0 1
1747197786204 3883.0 1
1747197786218 3894.0 1
1747197786235 3905.0 1
1747197786250 3916.0 1
1747197786266 3927.0 1
1747197786282 3938.0 1
1747197786299 3949.0 1
1747197786316 3960.0 1
1747197786332 3971.0 1
1747197786349 3982.0 1
1747197786365 3993.0 1
1747197786381 4004.0 1
1747197786398 4015.0 1
1747197786415 4026.0 1
1747197786432 4037.0 1
1747197786448 4048.0 1
1747197786464 4059.0 1
1747197786480 4070.0 1
1747197786497 4081.0 1
1747197786513 4092.0 1
1747197786529 4103.0 1
1747197786546 4114.0 1
1747197786563 4125.0 1
1747197786580 4136.0 1
1747197786595 4147.0 1
1747197786613 4158.0 1
1747197786629 4169.0 1
1747197786645 4180.0 1
1747197786662 4191.0 1
1747197786680 4202.0 1
1747197786696 4213.0 1
1747197786713 4224.0 1
1747197786729 4235.0 1
1747197786746 4246.0 1
1747197786763 4257.0 1
1747197786780 4268.0 1
1747197786796 4279.0 1
1747197786811 4290.0 1
1747197786829 4301.0 1
1747197786845 4312.0 1
1747197786861 4323.0 1
1747197786878 4334.0 1
1747197786895 4345.0 1
1747197786911 4356.0 1
1747197786927 4367.0 1
1747197786945 4378.0 1
1747197786963 4389.0 1
1747197786980 4400.0 1
1747197786996 4411.0 1
1747197787012 4422.0 1
1747197787029 4433.0 1
1747197787046 4444.0 1
1747197787061 4455.0 1
1747197787078 4466.0 1
1747197787094 4477.0 1
1747197787111 4488.0 1
1747197787129 4499.0 1
1747197787145 4510.0 1
1747197787162 4521.0 1
1747197787179 4532.0 1
1747197787196 4543.0 1
1747197787213 4554.0 1
1747197787228 4565.0 1
1747197787245 4576.0 1
1747197787262 4587.0 1
1747197787280 4598.0 1
1747197787296 4609.0 1
1747197787314 4620.0 1
1747197787329 4631.0 1
1747197787345 4642.0 1
1747197787364 4653.0 1
1747197787380 4664.0 1
1747197787393 4675.0 1
1747197787409 4686.0 1
1747197787426 4697.0 1
1747197787443 4708.0 1
1747197787460 4719.0 1
1747197787476 4730.0 1
1747197787493 4741.0 1
1747197787510 4752.0 1
1747197787527 4763.0 1
1747197787543 4774.0 1
1747197787559 4785.0 1
1747197787578 4796.0 1
1747197787592 4807.0 1
1747197787609 4818.0 1
1747197787625 4829.0 1
1747197787641 4840.0 1
1747197787658 4851.0 1
1747197787676 4862.0 1
1747197787690 4873.0 1
1747197787706 4884.0 1
1747197787722 4895.0 1
1747197787739 4906.0 1
1747197787756 4917.0 1
1747197787771 4928.0 1
1747197787789 4939.0 1
1747197787804 4950.0 1
1747197787820 4961.0 1
1747197787837 4972.0 1
1747197787852 4983.0 1
1747197787870 4994.0 1
1747197787885 5005.0 1
1747197787903 5016.0 1
1747197787919 5027.0 1
1747197787935 5038.0 1
1747197787949 5049.0 1
1747197787966 5060.0 1
1747197787983 5071.0 1
1747197787998 5082.0 1
1747197788015 5093.0 1
1747197788031 5104.0 1
1747197788047 5115.0 1
1747197788065 5126.0 1
1747197788081 5137.0 1
1747197788100 5148.0 1
1747197788114 5159.0 1
1747197788130 5170.0 1
1747197788147 5181.0 1
1747197788163 5192.0 1
1747197788180 5203.0 1
1747197788197 5214.0 1
1747197788213 5225.0 1
1747197788230 5236.0 1
1747197788247 5247.0 1
1747197788262 5258.0 1
1747197788279 5269.0 1
1747197788296 5280.0 1
1747197788318 5291.0 1
1747197788330 5302.0 1
1747197788349 5313.0 1
1747197788366 5324.0 1
1747197788382 5335.0 1
1747197788401 5346.0 1
1747197788416 5357.0 1
1747197788433 5368.0 1
1747197788449 5379.0 1
1747197788466 5390.0 1
1747197788482 5401.0 1
1747197788498 5412.0 1
1747197788517 5423.0 1
1747197788531 5434.0 1
1747197788549 5445.0 1
1747197788565 5456.0 1
1747197788580 5467.0 1
1747197788598 5478.0 1
1747197788613 5489.0 1
1747197788629 5500.0 1
1747197788644 5511.0 1
1747197788660 5522.0 1
1747197788677 5533.0 1
1747197788694 5544.0 1
1747197788710 5555.0 1
1747197788727 5566.0 1
1747197788744 5577.0 1
1747197788759 5588.0 1
1747197788776 5599.0 1
1747197788794 5610.0 1
1747197788808 5621.0 1
1747197788825 5632.0 1
1747197788843 5643.0 1
1747197788859 5654.0 1
1747197788875 5665.0 1
1747197788891 5676.0 1
1747197788908 5687.0 1
1747197788924 5698.0 1
1747197788949 5709.0 1
1747197788965 5720.0 1
1747197788981 5731.0 1
1747197788998 5742.0 1
1747197789015 5753.0 1
1747197789030 5764.0 1
1747197789046 5775.0 1
1747197789063 5786.0 1
1747197789079 5797.0 1
1747197789096 5808.0 1
1747197789113 5819.0 1
1747197789130 5830.0 1
1747197789146 5841.0 1
1747197789161 5852.0 1
1747197789179 5863.0 1
1747197789195 5874.0 1
1747197789211 5885.0 1
1747197789225 5896.0 1
1747197789243 5907.0 1
1747197789259 5918.0 1
1747197789276 5929.0 1
1747197789294 5940.0 1
1747197789310 5951.0 1
1747197789328 5962.0 1
1747197789343 5973.0 1
1747197789359 5984.0 1
1747197789376 5995.0 1
1747197789392 6006.0 1
1747197789409 6017.0 1
1747197789426 6028.0 1
1747197789442 6039.0 1
1747197789459 6050.0 1
1747197789475 6061.0 1
1747197789493 6072.0 1
1747197789510 6083.0 1
1747197789526 6094.0 1
1747197789543 6105.0 1
1747197789559 6116.0 1
1747197789576 6127.0 1
1747197789593 6138.0 1
1747197789609 6149.0 1
1747197789627 6160.0 1
1747197789663 6171.0 1
1747197789683 6182.0 1
1747197789713 6193.0 1
1747197789731 6204.0 1
1747197789744 6215.0 1
1747197789761 6226.0 1
1747197789777 6237.0 1
1747197789794 6248.0 1
1747197789809 6259.0 1
1747197789829 6270.0 1
1747197789849 6281.0 1
1747197789864 6292.0 1
1747197789882 6303.0 1
1747197789899 6314.0 1
1747197789916 6325.0 1
1747197789932 6336.0 1
1747197789948 6347.0 1
1747197789965 6358.0 1
1747197789984 6369.0 1
1747197789998 6380.0 1
1747197790014 6391.0 1
1747197790030 6402.0 1
1747197790046 6413.0 1
1747197790062 6424.0 1
1747197790080 6435.0 1
1747197790098 6446.0 1
1747197790111 6457.0 1
1747197790130 6468.0 1
1747197790146 6479.0 1
1747197790162 6490.0 1
1747197790179 6501.0 1
1747197790192 6512.0 1
1747197790212 6523.0 1
1747197790227 6534.0 1
1747197790241 6545.0 1
1747197790262 6556.0 1
1747197790276 6567.0 1
1747197790300 6578.0 1
1747197790315 6589.0 1
1747197790331 6600.0 1
1747197790351 6611.0 1
1747197790370 6622.0 1
1747197790389 6633.0 1
1747197790405 6644.0 1
1747197790418 6655.0 1
1747197790435 6666.0 1
1747197790452 6677.0 1
1747197790467 6688.0 1
1747197790487 6699.0 1
1747197790504 6710.0 1
1747197790519 6721.0 1
1747197790532 6732.0 1
1747197790550 6743.0 1
1747197790572 6754.0 1
1747197790589 6765.0 1
1747197790606 6776.0 1
1747197790625 6787.0 1
1747197790639 6798.0 1
1747197790655 6809.0 1
1747197790677 6820.0 1
1747197790689 6831.0 1
1747197790709 6842.0 1
1747197790722 6853.0 1
1747197790740 6864.0 1
1747197790755 6875.0 1
1747197790772 6886.0 1
1747197790791 6897.0 1
1747197790804 6908.0 1
1747197790823 6919.0 1
1747197790837 6930.0 1
1747197790858 6941.0 1
1747197790876 6952.0 1
1747197790892 6963.0 1
1747197790908 6974.0 1
1747197790930 6985.0 1
1747197790956 6996.0 1
1747197790971 7007.0 1
1747197790987 7018.0 1
1747197791004 7029.0 1
1747197791020 7040.0 1
1747197791035 7051.0 1
1747197791053 7062.0 1
1747197791068 7073.0 1
1747197791084 7084.0 1
1747197791101 7095.0 1
1747197791118 7106.0 1
1747197791134 7117.0 1
1747197791153 7128.0 1
1747197791171 7139.0 1
1747197791188 7150.0 1
1747197791204 7161.0 1
1747197791221 7172.0 1
1747197791237 7183.0 1
1747197791254 7194.0 1
1747197791271 7205.0 1
1747197791285 7216.0 1
1747197791302 7227.0 1
1747197791320 7238.0 1
1747197791336 7249.0 1
1747197791352 7260.0 1
1747197791372 7271.0 1
1747197791388 7282.0 1
1747197791404 7293.0 1
1747197791421 7304.0 1
1747197791436 7315.0 1
1747197791452 7326.0 1
1747197791471 7337.0 1
1747197791486 7348.0 1
1747197791503 7359.0 1
1747197791520 7370.0 1
1747197791535 7381.0 1
1747197791551 7392.0 1
1747197791568 7403.0 1
1747197791584 7414.0 1
1747197791602 7425.0 1
1747197791615 7436.0 1
1747197791631 7447.0 1
1747197791657 7458.0 1
1747197791673 7469.0 1
1747197791688 7480.0 1
1747197791705 7491.0 1
1747197791724 7502.0 1
1747197791738 7513.0 1
1747197791756 7524.0 1
1747197791773 7535.0 1
1747197791790 7546.0 1
1747197791805 7557.0 1
1747197791822 7568.0 1
1747197791840 7579.0 1
1747197791855 7590.0 1
1747197791873 7601.0 1
1747197791889 7612.0 1
1747197791905 7623.0 1
1747197791922 7634.0 1
1747197791938 7645.0 1
1747197791955 7656.0 1
1747197791972 7667.0 1
1747197791988 7678.0 1
1747197792006 7689.0 1
1747197792021 7700.0 1
1747197792038 7711.0 1
1747197792056 7722.0 1
1747197792071 7733.0 1
1747197792089 7744.0 1
1747197792105 7755.0 1
1747197792121 7766.0 1
1747197792139 7777.0 1
1747197792154 7788.0 1
1747197792171 7799.0 1
1747197792188 7810.0 1
1747197792204 7821.0 1
1747197792221 7832.0 1
1747197792238 7843.0 1
1747197792256 7854.0 1
1747197792271 7865.0 1
1747197792289 7876.0 1
1747197792304 7887.0 1
1747197792320 7898.0 1
1747197792335 7909.0 1
1747197792352 7920.0 1
1747197792367 7931.0 1
1747197792386 7942.0 1
1747197792402 7953.0 1
1747197792417 7964.0 1
1747197792433 7975.0 1
1747197792448 7986.0 1
1747197792467 7997.0 1
1747197792482 8008.0 1
1747197792497 8019.0 1
1747197792515 8030.0 1
1747197792530 8041.0 1
1747197792547 8052.0 1
1747197792563 8063.0 1
1747197792578 8074.0 1
1747197792596 8085.0 1
1747197792611 8096.0 1
1747197792628 8107.0 1
1747197792644 8118.0 1
1747197792659 8129.0 1
1747197792678 8140.0 1
1747197792692 8151.0 1
1747197792711 8162.0 1
1747197792727 8173.0 1
1747197792744 8184.0 1
1747197792760 8195.0 1
1747197792775 8206.0 1
1747197792793 8217.0 1
1747197792807 8228.0 1
1747197792823 8239.0 1
1747197792840 8250.0 1
1747197792857 8261.0 1
1747197792875 8272.0 1
1747197792890 8283.0 1
1747197792906 8294.0 1
1747197792922 8305.0 1
1747197792940 8316.0 1
1747197792957 8327.0 1
1747197792972 8338.0 1
1747197792989 8349.0 1
1747197793007 8360.0 1
1747197793033 8371.0 1
1747197793047 8382.0 1
1747197793064 8393.0 1
1747197793081 8404.0 1
1747197793099 8415.0 1
1747197793114 8426.0 1
1747197793130 8437.0 1
1747197793148 8448.0 1
1747197793163 8459.0 1
1747197793181 8470.0 1
1747197793197 8481.0 1
1747197793213 8492.0 1
1747197793230 8503.0 1
1747197793246 8514.0 1
1747197793265 8525.0 1
1747197793280 8536.0 1
1747197793298 8547.0 1
1747197793315 8558.0 1
1747197793330 8569.0 1
1747197793349 8580.0 1
1747197793367 8591.0 1
1747197793385 8602.0 1
1747197793402 8613.0 1
1747197793415 8624.0 1
1747197793434 8635.0 1
1747197793449 8646.0 1
1747197793465 8657.0 1
1747197793485 8668.0 1
1747197793499 8679.0 1
1747197793515 8690.0 1
1747197793530 8701.0 1
1747197793547 8712.0 1
1747197793563 8723.0 1
1747197793580 8734.0 1
1747197793598 8745.0 1
1747197793613 8756.0 1
1747197793630 8767.0 1
1747197793645 8778.0 1
1747197793661 8789.0 1
1747197793679 8800.0 1
1747197793695 8811.0 1
1747197793714 8822.0 1
1747197793731 8833.0 1
1747197793747 8844.0 1
1747197793766 8855.0 1
1747197793780 8866.0 1
1747197793798 8877.0 1
1747197793812 8888.0 1
1747197793830 8899.0 1
1747197793848 8910.0 1
1747197793862 8921.0 1
1747197793878 8932.0 1
1747197793895 8943.0 1
1747197793909 8954.0 1
1747197793926 8965.0 1
1747197793943 8976.0 1
1747197793960 8987.0 1
1747197793975 8998.0 1
1747197793991 9009.0 1
1747197794008 9020.0 1
1747197794031 9031.0 1
1747197794050 9042.0 1
1747197794068 9053.0 1
1747197794082 9064.0 1
1747197794101 9075.0 1
1747197794116 9086.0 1
1747197794132 9097.0 1
1747197794147 9108.0 1
1747197794163 9119.0 1
1747197794180 9130.0 1
1747197794197 9141.0 1
1747197794213 9152.0 1
1747197794230 9163.0 1
1747197794246 9174.0 1
1747197794264 9185.0 1
1747197794279 9196.0 1
1747197794296 9207.0 1
1747197794310 9218.0 1
1747197794328 9229.0 1
1747197794344 9240.0 1
1747197794361 9251.0 1
1747197794384 9262.0 1
1747197794402 9273.0 1
1747197794418 9284.0 1
1747197794435 9295.0 1
1747197794451 9306.0 1
1747197794470 9317.0 1
1747197794488 9328.0 1
1747197794512 9339.0 1
1747197794527 9350.0 1
1747197794545 9361.0 1
1747197794559 9372.0 1
1747197794577 9383.0 1
1747197794594 9394.0 1
1747197794611 9405.0 1
1747197794628 9416.0 1
1747197794645 9427.0 1
1747197794660 9438.0 1
1747197794679 9449.0 1
1747197794694 9460.0 1
1747197794713 9471.0 1
1747197794729 9482.0 1
1747197794746 9493.0 1
1747197794765 9504.0 1
1747197794788 9515.0 1
1747197794805 9526.0 1
1747197794823 9537.0 1
1747197794839 9548.0 1
1747197794855 9559.0 1
1747197794873 9570.0 1
1747197794889 9581.0 1
1747197794904 9592.0 1
1747197794922 9603.0 1
1747197794938 9614.0 1
1747197794954 9625.0 1
1747197794971 9636.0 1
1747197794987 9647.0 1
1747197795003 9658.0 1
1747197795021 9669.0 1
1747197795036 9680.0 1
1747197795053 9691.0 1
1747197795069 9702.0 1
1747197795086 9713.0 1
1747197795103 9724.0 1
1747197795120 9735.0 1
1747197795138 9746.0 1
1747197795152 9757.0 1
1747197795169 9768.0 1
1747197795185 9779.0 1
1747197795199 9790.0 1
1747197795219 9801.0 1
1747197795235 9812.0 1
1747197795247 9823.0 1
1747197795266 9834.0 1
1747197795282 9845.0 1
1747197795298 9856.0 1
1747197795316 9867.0 1
1747197795332 9878.0 1
1747197795349 9889.0 1
1747197795366 9900.0 1
1747197795384 9911.0 1
1747197795402 9922.0 1
1747197795414 9933.0 1
1747197795433 9944.0 1
1747197795448 9955.0 1
1747197795467 9966.0 1
1747197795485 9977.0 1
1747197795500 9988.0 1
1747197795516 9999.0 1
1747197795532 10010.0 1
1747197795549 10021.0 1
1747197795568 10032.0 1
1747197795583 10043.0 1
