1747197780212 30.0 1
1747197780256 30.0 1
1747197780285 30.0 1
1747197780315 30.0 1
1747197780342 28.0 1
1747197780367 27.0 1
1747197780390 25.0 1
1747197780414 24.0 1
1747197780437 21.0 1
1747197780458 21.0 1
1747197780480 21.0 1
1747197780500 19.0 1
1747197780520 17.0 1
1747197780539 16.0 1
1747197780558 15.0 1
1747197780578 14.0 1
1747197780600 14.0 1
1747197780620 13.0 1
1747197780649 12.0 1
1747197780668 12.0 1
1747197780686 12.0 1
1747197780702 8.0 1
1747197780718 8.0 1
1747197780735 8.0 1
1747197780753 8.0 1
1747197780769 8.0 1
1747197780785 7.0 1
1747197780804 7.0 1
1747197780820 7.0 1
1747197780836 7.0 1
1747197780852 7.0 1
1747197780868 7.0 1
1747197780884 7.0 1
1747197780901 7.0 1
1747197780918 7.0 1
1747197780934 7.0 1
1747197780952 7.0 1
1747197780970 7.0 1
1747197780986 7.0 1
1747197781003 7.0 1
1747197781020 7.0 1
1747197781036 7.0 1
1747197781053 7.0 1
1747197781069 7.0 1
1747197781085 7.0 1
1747197781102 7.0 1
1747197781118 7.0 1
1747197781134 7.0 1
1747197781151 7.0 1
1747197781167 7.0 1
1747197781184 7.0 1
1747197781199 7.0 1
1747197781216 6.0 1
1747197781233 6.0 1
1747197781249 5.0 1
1747197781265 5.0 1
1747197781282 5.0 1
1747197781298 3.0 1
1747197781317 3.0 1
1747197781334 3.0 1
1747197781351 3.0 1
1747197781367 3.0 1
1747197781384 3.0 1
1747197781401 3.0 1
1747197781418 3.0 1
1747197781434 3.0 1
1747197781450 3.0 1
1747197781466 3.0 1
1747197781482 3.0 1
1747197781498 3.0 1
1747197781514 3.0 1
1747197781531 3.0 1
1747197781547 3.0 1
1747197781563 3.0 1
1747197781580 3.0 1
1747197781596 3.0 1
1747197781613 3.0 1
1747197781629 3.0 1
1747197781646 3.0 1
1747197781662 3.0 1
1747197781679 3.0 1
1747197781696 3.0 1
1747197781713 3.0 1
1747197781730 3.0 1
1747197781747 3.0 1
1747197781763 3.0 1
1747197781780 3.0 1
1747197781797 3.0 1
1747197781814 3.0 1
1747197781831 3.0 1
1747197781847 3.0 1
1747197781862 3.0 1
1747197781879 3.0 1
1747197781896 3.0 1
1747197781913 3.0 1
1747197781930 3.0 1
1747197781946 3.0 1
1747197781962 3.0 1
1747197781980 3.0 1
1747197781996 3.0 1
1747197782012 3.0 1
1747197782028 3.0 1
1747197782044 3.0 1
1747197782062 3.0 1
1747197782078 3.0 1
1747197782095 3.0 1
1747197782111 3.0 1
1747197782134 3.0 1
1747197782151 3.0 1
1747197782167 3.0 1
1747197782184 3.0 1
1747197782200 3.0 1
1747197782216 3.0 1
1747197782232 3.0 1
1747197782248 3.0 1
1747197782265 3.0 1
1747197782282 3.0 1
1747197782299 3.0 1
1747197782315 3.0 1
1747197782331 3.0 1
1747197782347 3.0 1
1747197782363 3.0 1
1747197782379 3.0 1
1747197782395 3.0 1
1747197782412 3.0 1
1747197782429 3.0 1
1747197782445 3.0 1
1747197782461 3.0 1
1747197782477 3.0 1
1747197782494 3.0 1
1747197782510 3.0 1
1747197782526 3.0 1
1747197782542 3.0 1
1747197782560 3.0 1
1747197782575 3.0 1
1747197782592 3.0 1
1747197782608 3.0 1
1747197782625 3.0 1
1747197782642 3.0 1
1747197782658 3.0 1
1747197782674 3.0 1
1747197782691 3.0 1
1747197782708 3.0 1
1747197782724 3.0 1
1747197782740 3.0 1
1747197782756 3.0 1
1747197782772 3.0 1
1747197782789 3.0 1
1747197782805 3.0 1
1747197782822 3.0 1
1747197782839 2.0 1
1747197782855 2.0 1
1747197782871 2.0 1
1747197782889 2.0 1
1747197782905 2.0 1
1747197782922 2.0 1
1747197782937 2.0 1
1747197782953 2.0 1
1747197782970 2.0 1
1747197782986 2.0 1
1747197783003 2.0 1
1747197783019 2.0 1
1747197783037 2.0 1
1747197783053 2.0 1
1747197783069 2.0 1
1747197783085 2.0 1
1747197783102 2.0 1
1747197783118 2.0 1
1747197783134 2.0 1
1747197783150 2.0 1
1747197783168 2.0 1
1747197783185 2.0 1
1747197783202 2.0 1
1747197783217 2.0 1
1747197783233 2.0 1
1747197783249 2.0 1
1747197783265 2.0 1
1747197783282 2.0 1
1747197783297 2.0 1
1747197783314 2.0 1
1747197783331 2.0 1
1747197783346 2.0 1
1747197783364 2.0 1
1747197783380 2.0 1
1747197783396 2.0 1
1747197783412 2.0 1
1747197783427 2.0 1
1747197783444 2.0 1
1747197783460 2.0 1
1747197783477 2.0 1
1747197783494 2.0 1
1747197783511 2.0 1
1747197783527 2.0 1
1747197783545 2.0 1
1747197783562 2.0 1
1747197783578 2.0 1
1747197783594 2.0 1
1747197783611 2.0 1
1747197783628 2.0 1
1747197783644 2.0 1
1747197783661 2.0 1
1747197783677 2.0 1
1747197783693 2.0 1
1747197783710 2.0 1
1747197783726 2.0 1
1747197783743 2.0 1
1747197783759 2.0 1
1747197783776 2.0 1
1747197783794 2.0 1
1747197783812 2.0 1
1747197783827 2.0 1
1747197783844 2.0 1
1747197783861 2.0 1
1747197783878 2.0 1
1747197783894 2.0 1
1747197783911 2.0 1
1747197783927 2.0 1
1747197783944 2.0 1
1747197783960 2.0 1
1747197783978 2.0 1
1747197783994 2.0 1
1747197784011 2.0 1
1747197784028 2.0 1
1747197784044 1.0 1
1747197784062 1.0 1
1747197784077 1.0 1
1747197784094 1.0 1
1747197784110 1.0 1
1747197784126 1.0 1
1747197784143 1.0 1
1747197784160 1.0 1
1747197784177 1.0 1
1747197784193 1.0 1
1747197784209 1.0 1
1747197784226 1.0 1
1747197784244 1.0 1
1747197784260 1.0 1
1747197784277 1.0 1
1747197784293 1.0 1
1747197784309 1.0 1
1747197784328 1.0 1
1747197784345 1.0 1
1747197784361 1.0 1
1747197784378 1.0 1
1747197784394 1.0 1
1747197784411 1.0 1
1747197784428 1.0 1
1747197784445 1.0 1
1747197784461 1.0 1
1747197784477 1.0 1
1747197784493 1.0 1
1747197784510 1.0 1
1747197784526 1.0 1
1747197784542 1.0 1
1747197784560 1.0 1
1747197784576 1.0 1
1747197784592 1.0 1
1747197784609 1.0 1
1747197784625 1.0 1
1747197784642 1.0 1
1747197784659 1.0 1
1747197784676 1.0 1
1747197784694 1.0 1
1747197784712 1.0 1
1747197784727 1.0 1
1747197784744 1.0 1
1747197784760 1.0 1
1747197784776 1.0 1
1747197784792 1.0 1
1747197784808 1.0 1
1747197784826 1.0 1
1747197784849 1.0 1
1747197784866 1.0 1
1747197784882 1.0 1
1747197784898 1.0 1
1747197784916 1.0 1
1747197784932 1.0 1
1747197784948 1.0 1
1747197784965 1.0 1
1747197784982 1.0 1
1747197784998 1.0 1
1747197785014 1.0 1
1747197785030 1.0 1
1747197785047 1.0 1
1747197785063 1.0 1
1747197785080 1.0 1
1747197785096 1.0 1
1747197785113 1.0 1
1747197785129 1.0 1
1747197785147 1.0 1
1747197785164 1.0 1
1747197785180 1.0 1
1747197785197 1.0 1
1747197785214 1.0 1
1747197785230 1.0 1
1747197785247 1.0 1
1747197785263 1.0 1
1747197785279 1.0 1
1747197785297 1.0 1
1747197785313 1.0 1
1747197785329 1.0 1
1747197785345 1.0 1
1747197785361 1.0 1
1747197785378 1.0 1
1747197785395 1.0 1
1747197785412 1.0 1
1747197785428 1.0 1
1747197785444 1.0 1
1747197785460 1.0 1
1747197785476 1.0 1
1747197785492 1.0 1
1747197785509 1.0 1
1747197785526 1.0 1
1747197785543 1.0 1
1747197785559 1.0 1
1747197785576 1.0 1
1747197785592 1.0 1
1747197785609 1.0 1
1747197785625 1.0 1
1747197785641 1.0 1
1747197785658 1.0 1
1747197785674 1.0 1
1747197785693 1.0 1
1747197785709 1.0 1
1747197785726 1.0 1
1747197785743 1.0 1
1747197785760 1.0 1
1747197785776 1.0 1
1747197785793 1.0 1
1747197785808 1.0 1
1747197785826 1.0 1
1747197785842 1.0 1
1747197785857 1.0 1
1747197785874 1.0 1
1747197785891 1.0 1
1747197785908 1.0 1
1747197785924 1.0 1
1747197785940 1.0 1
1747197785956 1.0 1
1747197785972 1.0 1
1747197785988 1.0 1
1747197786005 1.0 1
1747197786021 1.0 1
1747197786037 1.0 1
1747197786054 1.0 1
1747197786071 1.0 1
1747197786088 1.0 1
1747197786105 1.0 1
1747197786122 1.0 1
1747197786139 1.0 1
1747197786155 1.0 1
1747197786171 1.0 1
1747197786187 1.0 1
1747197786210 1.0 1
1747197786226 1.0 1
1747197786242 1.0 1
1747197786258 1.0 1
1747197786275 1.0 1
1747197786291 1.0 1
1747197786308 1.0 1
1747197786325 1.0 1
1747197786341 1.0 1
1747197786358 1.0 1
1747197786374 1.0 1
1747197786390 1.0 1
1747197786407 1.0 1
1747197786424 1.0 1
1747197786440 1.0 1
1747197786456 1.0 1
1747197786472 1.0 1
1747197786488 1.0 1
1747197786504 1.0 1
1747197786521 1.0 1
1747197786538 1.0 1
1747197786555 1.0 1
1747197786572 1.0 1
1747197786588 1.0 1
1747197786605 1.0 1
1747197786622 1.0 1
1747197786637 1.0 1
1747197786654 1.0 1
1747197786671 1.0 1
1747197786688 1.0 1
1747197786705 1.0 1
1747197786722 1.0 1
1747197786738 1.0 1
1747197786755 1.0 1
1747197786772 1.0 1
1747197786788 1.0 1
1747197786804 1.0 1
1747197786821 1.0 1
1747197786838 1.0 1
1747197786854 1.0 1
1747197786871 1.0 1
1747197786887 1.0 1
1747197786903 1.0 1
1747197786920 1.0 1
1747197786937 1.0 1
1747197786954 1.0 1
1747197786970 1.0 1
1747197786987 1.0 1
1747197787004 1.0 1
1747197787021 1.0 1
1747197787038 1.0 1
1747197787054 1.0 1
1747197787070 1.0 1
1747197787087 1.0 1
1747197787104 1.0 1
1747197787121 1.0 1
1747197787138 1.0 1
1747197787155 1.0 1
1747197787172 1.0 1
1747197787189 1.0 1
1747197787205 1.0 1
1747197787221 1.0 1
1747197787237 1.0 1
1747197787255 1.0 1
1747197787272 1.0 1
1747197787288 1.0 1
1747197787305 1.0 1
1747197787322 1.0 1
1747197787338 1.0 1
1747197787354 1.0 1
1747197787370 1.0 1
1747197787386 1.0 1
1747197787402 1.0 1
1747197787419 1.0 1
1747197787436 1.0 1
1747197787452 1.0 1
1747197787469 1.0 1
1747197787486 1.0 1
1747197787503 1.0 1
1747197787519 1.0 1
1747197787535 1.0 1
1747197787551 1.0 1
1747197787568 1.0 1
1747197787584 1.0 1
1747197787601 1.0 1
1747197787617 1.0 1
1747197787633 1.0 1
1747197787650 1.0 1
1747197787666 1.0 1
1747197787682 1.0 1
1747197787698 1.0 1
1747197787714 1.0 1
1747197787731 1.0 1
1747197787747 1.0 1
1747197787763 1.0 1
1747197787780 1.0 1
1747197787796 1.0 1
1747197787813 1.0 1
1747197787829 1.0 1
1747197787845 1.0 1
1747197787861 1.0 1
1747197787878 1.0 1
1747197787894 1.0 1
1747197787910 1.0 1
1747197787926 1.0 1
1747197787942 1.0 1
1747197787959 1.0 1
1747197787975 1.0 1
1747197787991 1.0 1
1747197788007 1.0 1
1747197788023 1.0 1
1747197788039 1.0 1
1747197788056 1.0 1
1747197788073 1.0 1
1747197788090 1.0 1
1747197788106 1.0 1
1747197788122 1.0 1
1747197788139 1.0 1
1747197788156 1.0 1
1747197788173 1.0 1
1747197788189 1.0 1
1747197788206 1.0 1
1747197788222 1.0 1
1747197788239 1.0 1
1747197788255 1.0 1
1747197788272 1.0 1
1747197788288 1.0 1
1747197788305 1.0 1
1747197788323 1.0 1
1747197788341 1.0 1
1747197788358 1.0 1
1747197788374 1.0 1
1747197788392 1.0 1
1747197788408 1.0 1
1747197788426 1.0 1
1747197788442 1.0 1
1747197788458 1.0 1
1747197788474 1.0 1
1747197788490 1.0 1
1747197788507 1.0 1
1747197788523 1.0 1
1747197788539 1.0 1
1747197788556 1.0 1
1747197788572 1.0 1
1747197788589 1.0 1
1747197788605 1.0 1
1747197788621 1.0 1
1747197788637 1.0 1
1747197788653 1.0 1
1747197788669 1.0 1
1747197788686 1.0 1
1747197788703 1.0 1
1747197788719 1.0 1
1747197788736 1.0 1
1747197788752 1.0 1
1747197788769 1.0 1
1747197788785 1.0 1
1747197788801 1.0 1
1747197788818 1.0 1
1747197788835 1.0 1
1747197788851 1.0 1
1747197788867 1.0 1
1747197788884 1.0 1
1747197788901 1.0 1
1747197788917 1.0 1
1747197788939 1.0 1
1747197788957 1.0 1
1747197788973 1.0 1
1747197788989 1.0 1
1747197789006 1.0 1
1747197789022 1.0 1
1747197789038 1.0 1
1747197789055 1.0 1
1747197789071 1.0 1
1747197789088 1.0 1
1747197789105 1.0 1
1747197789122 1.0 1
1747197789138 1.0 1
1747197789154 1.0 1
1747197789171 1.0 1
1747197789187 1.0 1
1747197789203 1.0 1
1747197789219 1.0 1
1747197789236 1.0 1
1747197789252 1.0 1
1747197789269 1.0 1
1747197789286 1.0 1
1747197789303 1.0 1
1747197789319 1.0 1
1747197789335 1.0 1
1747197789352 1.0 1
1747197789368 1.0 1
1747197789385 1.0 1
1747197789402 1.0 1
1747197789417 1.0 1
1747197789435 1.0 1
1747197789452 1.0 1
1747197789468 1.0 1
1747197789486 1.0 1
1747197789503 1.0 1
1747197789519 1.0 1
1747197789535 1.0 1
1747197789552 1.0 1
1747197789568 1.0 1
1747197789585 1.0 1
1747197789602 1.0 1
1747197789619 1.0 1
1747197789641 1.0 1
1747197789670 1.0 1
1747197789698 1.0 1
1747197789720 1.0 1
1747197789736 1.0 1
1747197789753 1.0 1
1747197789770 1.0 1
1747197789785 1.0 1
1747197789802 1.0 1
1747197789819 1.0 1
1747197789838 1.0 1
1747197789855 1.0 1
1747197789873 1.0 1
1747197789889 1.0 1
1747197789904 1.0 1
1747197789922 1.0 1
1747197789939 1.0 1
1747197789956 1.0 1
1747197789973 1.0 1
1747197789989 1.0 1
1747197790005 1.0 1
1747197790021 1.0 1
1747197790037 1.0 1
1747197790054 1.0 1
1747197790071 1.0 1
1747197790088 1.0 1
1747197790103 1.0 1
1747197790121 1.0 1
1747197790137 1.0 1
1747197790153 1.0 1
1747197790169 1.0 1
1747197790184 1.0 1
1747197790202 1.0 1
1747197790218 1.0 1
1747197790234 1.0 1
1747197790251 1.0 1
1747197790268 1.0 1
1747197790284 1.0 1
1747197790305 1.0 1
1747197790322 1.0 1
1747197790339 1.0 1
1747197790358 1.0 1
1747197790378 1.0 1
1747197790394 1.0 1
1747197790410 1.0 1
1747197790426 1.0 1
1747197790442 1.0 1
1747197790459 1.0 1
1747197790477 1.0 1
1747197790493 1.0 1
1747197790509 1.0 1
1747197790525 1.0 1
1747197790542 1.0 1
1747197790558 1.0 1
1747197790580 1.0 1
1747197790598 1.0 1
1747197790615 1.0 1
1747197790631 1.0 1
1747197790647 1.0 1
1747197790663 1.0 1
1747197790682 1.0 1
1747197790699 1.0 1
1747197790715 1.0 1
1747197790731 1.0 1
1747197790746 1.0 1
1747197790763 1.0 1
1747197790781 1.0 1
1747197790797 1.0 1
1747197790813 1.0 1
1747197790828 1.0 1
1747197790845 1.0 1
1747197790864 1.0 1
1747197790883 1.0 1
1747197790900 1.0 1
1747197790917 1.0 1
1747197790945 1.0 1
1747197790962 1.0 1
1747197790978 1.0 1
1747197790995 1.0 1
1747197791012 1.0 1
1747197791027 1.0 1
1747197791043 1.0 1
1747197791059 1.0 1
1747197791076 1.0 1
1747197791093 1.0 1
1747197791109 1.0 1
1747197791126 1.0 1
1747197791142 1.0 1
1747197791158 1.0 1
1747197791178 1.0 1
1747197791195 1.0 1
1747197791211 1.0 1
1747197791227 1.0 1
1747197791243 1.0 1
1747197791259 1.0 1
1747197791277 1.0 1
1747197791293 1.0 1
1747197791308 1.0 1
1747197791325 1.0 1
1747197791342 1.0 1
1747197791359 1.0 1
1747197791379 1.0 1
1747197791395 1.0 1
1747197791410 1.0 1
1747197791427 1.0 1
1747197791443 1.0 1
1747197791459 1.0 1
1747197791477 1.0 1
1747197791493 1.0 1
1747197791510 1.0 1
1747197791526 1.0 1
1747197791542 1.0 1
1747197791558 1.0 1
1747197791575 1.0 1
1747197791592 1.0 1
1747197791607 1.0 1
1747197791623 1.0 1
1747197791639 1.0 1
1747197791663 1.0 1
1747197791679 1.0 1
1747197791695 1.0 1
1747197791713 1.0 1
1747197791731 1.0 1
1747197791748 1.0 1
1747197791765 1.0 1
1747197791781 1.0 1
1747197791797 1.0 1
1747197791814 1.0 1
1747197791831 1.0 1
1747197791848 1.0 1
1747197791864 1.0 1
1747197791881 1.0 1
1747197791897 1.0 1
1747197791913 1.0 1
1747197791930 1.0 1
1747197791947 1.0 1
1747197791964 1.0 1
1747197791980 1.0 1
1747197791997 1.0 1
1747197792013 1.0 1
1747197792029 1.0 1
1747197792047 1.0 1
1747197792063 1.0 1
1747197792080 1.0 1
1747197792096 1.0 1
1747197792113 1.0 1
1747197792130 1.0 1
1747197792146 1.0 1
1747197792162 1.0 1
1747197792178 1.0 1
1747197792195 1.0 1
1747197792212 1.0 1
1747197792230 1.0 1
1747197792246 1.0 1
1747197792263 1.0 1
1747197792279 1.0 1
1747197792294 1.0 1
1747197792311 1.0 1
1747197792327 1.0 1
1747197792343 1.0 1
1747197792359 1.0 1
1747197792375 1.0 1
1747197792392 1.0 1
1747197792408 1.0 1
1747197792424 1.0 1
1747197792440 1.0 1
1747197792457 1.0 1
1747197792474 1.0 1
1747197792490 1.0 1
1747197792506 1.0 1
1747197792522 1.0 1
1747197792538 1.0 1
1747197792554 1.0 1
1747197792570 1.0 1
1747197792587 1.0 1
1747197792603 1.0 1
1747197792619 1.0 1
1747197792636 1.0 1
1747197792652 1.0 1
1747197792670 1.0 1
1747197792685 1.0 1
1747197792702 1.0 1
1747197792718 1.0 1
1747197792736 1.0 1
1747197792752 1.0 1
1747197792768 1.0 1
1747197792784 1.0 1
1747197792800 1.0 1
1747197792816 1.0 1
1747197792833 1.0 1
1747197792850 1.0 1
1747197792866 1.0 1
1747197792883 1.0 1
1747197792899 1.0 1
1747197792915 1.0 1
1747197792931 1.0 1
1747197792948 1.0 1
1747197792964 1.0 1
1747197792981 1.0 1
1747197792998 1.0 1
1747197793014 1.0 1
1747197793039 1.0 1
1747197793056 1.0 1
1747197793073 1.0 1
1747197793090 1.0 1
1747197793106 1.0 1
1747197793122 1.0 1
1747197793138 1.0 1
1747197793156 1.0 1
1747197793172 1.0 1
1747197793189 1.0 1
1747197793205 1.0 1
1747197793222 1.0 1
1747197793238 1.0 1
1747197793255 1.0 1
1747197793273 1.0 1
1747197793290 1.0 1
1747197793307 1.0 1
1747197793323 1.0 1
1747197793340 1.0 1
1747197793356 1.0 1
1747197793375 1.0 1
1747197793392 1.0 1
1747197793407 1.0 1
1747197793424 1.0 1
1747197793441 1.0 1
1747197793458 1.0 1
1747197793473 1.0 1
1747197793490 1.0 1
1747197793505 1.0 1
1747197793522 1.0 1
1747197793539 1.0 1
1747197793555 1.0 1
1747197793572 1.0 1
1747197793590 1.0 1
1747197793605 1.0 1
1747197793622 1.0 1
1747197793638 1.0 1
1747197793653 1.0 1
1747197793671 1.0 1
1747197793688 1.0 1
1747197793705 1.0 1
1747197793723 1.0 1
1747197793740 1.0 1
1747197793756 1.0 1
1747197793771 1.0 1
1747197793788 1.0 1
1747197793804 1.0 1
1747197793822 1.0 1
1747197793838 1.0 1
1747197793853 1.0 1
1747197793869 1.0 1
1747197793886 1.0 1
1747197793902 1.0 1
1747197793918 1.0 1
1747197793935 1.0 1
1747197793952 1.0 1
1747197793967 1.0 1
1747197793983 1.0 1
1747197794000 1.0 1
1747197794020 1.0 1
1747197794039 1.0 1
1747197794058 1.0 1
1747197794075 1.0 1
1747197794092 1.0 1
1747197794107 1.0 1
1747197794123 1.0 1
1747197794139 1.0 1
1747197794155 1.0 1
1747197794172 1.0 1
1747197794188 1.0 1
1747197794204 1.0 1
1747197794221 1.0 1
1747197794237 1.0 1
1747197794255 1.0 1
1747197794270 1.0 1
1747197794287 1.0 1
1747197794303 1.0 1
1747197794319 1.0 1
1747197794335 1.0 1
1747197794352 1.0 1
1747197794367 1.0 1
1747197794390 1.0 1
1747197794409 1.0 1
1747197794426 1.0 1
1747197794442 1.0 1
1747197794459 1.0 1
1747197794476 1.0 1
1747197794498 1.0 1
1747197794519 1.0 1
1747197794536 1.0 1
1747197794552 1.0 1
1747197794569 1.0 1
1747197794586 1.0 1
1747197794602 1.0 1
1747197794618 1.0 1
1747197794635 1.0 1
1747197794652 1.0 1
1747197794668 1.0 1
1747197794685 1.0 1
1747197794701 1.0 1
1747197794718 1.0 1
1747197794737 1.0 1
1747197794753 1.0 1
1747197794771 1.0 1
1747197794795 1.0 1
1747197794812 1.0 1
1747197794829 1.0 1
1747197794846 1.0 1
1747197794864 1.0 1
1747197794880 1.0 1
1747197794896 1.0 1
1747197794913 1.0 1
1747197794929 1.0 1
1747197794945 1.0 1
1747197794962 1.0 1
1747197794976 1.0 1
1747197794993 1.0 1
1747197795011 1.0 1
1747197795027 1.0 1
1747197795043 1.0 1
1747197795060 1.0 1
1747197795077 1.0 1
1747197795094 1.0 1
1747197795111 1.0 1
1747197795127 1.0 1
1747197795143 1.0 1
1747197795159 1.0 1
1747197795175 1.0 1
1747197795192 1.0 1
1747197795208 1.0 1
1747197795224 1.0 1
1747197795240 1.0 1
1747197795256 1.0 1
1747197795273 1.0 1
1747197795289 1.0 1
1747197795306 1.0 1
1747197795323 1.0 1
1747197795341 1.0 1
1747197795357 1.0 1
1747197795374 1.0 1
1747197795391 1.0 1
1747197795407 1.0 1
1747197795424 1.0 1
1747197795441 1.0 1
1747197795458 1.0 1
1747197795475 1.0 1
1747197795492 1.0 1
1747197795508 1.0 1
1747197795525 1.0 1
1747197795542 1.0 1
1747197795558 1.0 1
1747197795575 1.0 1
