1747196992190 0.36666666666666664 1
1747196992217 1.1088888888888888 1
1747196992244 2.244444444444445 1
1747196992268 3.7911111111111118 1
1747196992298 5.705555555555555 1
1747196992317 7.318888888888889 1
1747196992335 8.431111111111111 1
1747196992351 9.453333333333335 1
1747196992368 10.273333333333333 1
1747196992387 11.206666666666667 1
1747196992401 12.257777777777779 1
1747196992419 13.431111111111111 1
1747196992440 14.731111111111112 1
1747196992459 16.162222222222223 1
1747196992471 17.545555555555556 1
1747196992488 19.05666666666667 1
1747196992505 19.680000000000003 1
1747196992523 20.34 1
1747196992538 21.03666666666667 1
1747196992556 21.77 1
1747196992572 22.540000000000003 1
1747196992588 23.34666666666667 1
1747196992605 24.19 1
1747196992625 25.07 1
1747196992640 25.986666666666668 1
1747196992658 26.94 1
1747196992676 27.930000000000003 1
1747196992692 28.95666666666667 1
1747196992707 30.020000000000003 1
1747196992726 31.120000000000005 1
1747196992741 32.256666666666675 1
1747196992755 33.43 1
1747196992773 34.64 1
1747196992791 35.88666666666667 1
1747196992807 37.17 1
1747196992822 38.49 1
1747196992841 39.84666666666667 1
1747196993100 0.36666666666666664 2
1747196993127 1.111111111111111 2
1747196993158 2.246666666666667 2
1747196993186 3.786666666666667 2
1747196993211 5.608888888888889 2
1747196993236 7.575555555555556 2
1747196993259 9.558888888888891 2
1747196993284 11.861111111111112 2
1747196993301 14.19111111111111 2
1747196993318 16.691111111111113 2
1747196993337 19.477777777777778 2
1747196993354 22.55777777777778 2
1747196993371 25.93777777777778 2
1747196993391 29.62666666666667 2
1747196993408 33.443333333333335 2
1747196993425 37.56777777777778 2
1747196993442 40.476666666666674 2
1747196993463 43.556666666666665 2
1747196993485 46.80777777777778 2
1747196993507 50.230000000000004 2
1747196993522 53.56666666666667 2
1747196993543 57.062222222222225 2
1747196993560 60.71666666666667 2
1747196993579 64.53 2
1747196993598 68.50222222222222 2
1747196993617 72.63333333333335 2
1747196993635 76.92333333333335 2
1747196993653 81.37222222222223 2
1747196993670 85.98000000000002 2
1747196993689 90.74666666666668 2
1747196993718 95.67222222222223 2
1747196993735 100.75666666666667 2
1747196993752 106.00000000000001 2
1747196993770 111.40222222222224 2
1747196993786 116.96333333333335 2
1747196993803 122.68333333333335 2
1747196993821 128.56222222222223 2
1747196994043 0.36666666666666664 3
1747196994067 1.102222222222222 3
1747196994086 2.2111111111111112 3
1747196994107 3.7000000000000006 3
1747196994127 5.575555555555556 3
1747196994174 7.442222222222223 3
1747196994195 9.627777777777778 3
1747196994218 12.036666666666667 3
1747196994241 14.648888888888889 3
1747196994262 17.566666666666666 3
1747196994278 20.660000000000004 3
1747196994300 24.05777777777778 3
1747196994317 27.766666666666666 3
1747196994335 31.43777777777778 3
1747196994352 35.4 3
1747196994370 39.653333333333336 3
1747196994387 43.68777777777778 3
1747196994405 47.96333333333334 3
1747196994424 52.47777777777778 3
1747196994442 57.228888888888896 3
1747196994459 62.214444444444446 3
1747196994477 67.43444444444444 3
1747196994503 72.8888888888889 3
1747196994518 78.57777777777778 3
1747196994535 84.50111111111111 3
1747196994550 90.6588888888889 3
1747196994566 97.05111111111113 3
1747196994584 103.21111111111114 3
1747196994601 109.59111111111113 3
1747196994618 116.19111111111114 3
1747196994635 123.01111111111113 3
1747196994651 130.0511111111111 3
1747196994667 137.31111111111113 3
1747196994685 144.79111111111112 3
1747196994703 152.49333333333334 3
1747196994720 160.42000000000002 3
1747196994736 168.57333333333335 3
1747196994753 169.0377777777778 3
1747196994770 169.51444444444448 3
1747196994787 170.00333333333336 3
1747196994804 170.50444444444446 3
1747196994822 171.01777777777778 3
1747196994839 171.54333333333338 3
1747196994857 172.08111111111114 3
1747196994874 172.63111111111115 3
1747196994893 173.19333333333336 3
1747196994909 173.76777777777778 3
1747196994925 174.35444444444448 3
1747196994942 174.95333333333335 3
1747196995165 0.36666666666666664 4
1747196995187 1.1066666666666665 4
1747196995211 2.226666666666667 4
1747196995231 3.735555555555556 4
1747196995253 5.642222222222222 4
1747196995273 7.722222222222223 4
1747196995291 9.996666666666668 4
1747196995310 12.614444444444445 4
1747196995330 15.467777777777778 4
1747196995349 18.65666666666667 4
1747196995366 22.185555555555556 4
1747196995383 26.05888888888889 4
1747196995400 30.281111111111112 4
1747196995418 34.85666666666667 4
1747196995435 39.787777777777784 4
1747196995453 45.08111111111111 4
1747196995470 49.73666666666667 4
1747196995486 54.672222222222224 4
1747196995505 59.89 4
1747196995522 65.39222222222222 4
1747196995540 71.18111111111111 4
1747196995558 77.25888888888889 4
1747196995576 83.62777777777778 4
1747196995594 89.78777777777778 4
1747196995614 96.20444444444446 4
1747196995632 102.56 4
1747196995648 109.16000000000003 4
1747196995664 116.00444444444447 4
1747196995681 123.09333333333335 4
1747196995698 130.42666666666668 4
1747196995714 138.00444444444446 4
1747196995731 145.82666666666668 4
1747196995748 153.89333333333335 4
1747196995764 162.20444444444448 4
1747196995782 170.76444444444448 4
1747196995801 179.5777777777778 4
1747196995817 188.64666666666668 4
1747196995833 189.11111111111114 4
1747196995851 189.5877777777778 4
1747196995867 190.0766666666667 4
1747196995885 190.5777777777778 4
1747196995901 191.09111111111116 4
1747196995916 191.6166666666667 4
1747196995934 192.15444444444447 4
1747196995950 192.70444444444448 4
1747196995966 193.2666666666667 4
1747196995983 193.84111111111116 4
1747196995999 194.4277777777778 4
1747196996015 195.0266666666667 4
1747196996231 0.36666666666666664 5
1747196996253 1.111111111111111 5
1747196996281 2.244444444444445 5
1747196996303 3.777777777777778 5
1747196996324 5.722222222222222 5
1747196996344 7.942222222222223 5
1747196996363 10.56888888888889 5
1747196996382 13.515555555555556 5
1747196996400 16.695555555555554 5
1747196996420 20.275555555555556 5
1747196996438 24.26666666666667 5
1747196996456 28.680000000000003 5
1747196996473 33.345555555555556 5
1747196996492 38.43222222222222 5
1747196996510 43.76555555555556 5
1747196996525 49.330000000000005 5
1747196996543 53.277777777777786 5
1747196996559 57.45777777777778 5
1747196996575 61.870000000000005 5
1747196996591 66.51444444444445 5
1747196996607 71.39111111111112 5
1747196996623 76.5 5
1747196996639 81.84111111111112 5
1747196996654 87.41666666666667 5
1747196996672 93.22888888888889 5
1747196996689 98.96222222222224 5
1747196996707 104.92444444444445 5
1747196996722 111.1177777777778 5
1747196996738 117.14333333333336 5
1747196996755 123.3766666666667 5
1747196996772 129.81777777777782 5
1747196996788 136.46666666666667 5
1747196996803 142.92000000000002 5
1747196996822 149.56888888888892 5
1747196996838 156.4177777777778 5
1747196996854 163.47111111111113 5
1747196996874 170.73111111111115 5
1747196996890 171.1955555555556 5
1747196996908 171.67222222222225 5
1747196996925 172.16111111111113 5
1747196996941 172.66222222222225 5
1747196996960 173.17555555555558 5
1747196996977 173.70111111111112 5
1747196996993 174.2388888888889 5
1747196997009 174.7888888888889 5
1747196997026 175.35111111111112 5
1747196997043 175.92555555555558 5
1747196997060 176.51222222222225 5
1747196997077 177.11111111111114 5
1747196997296 0.36666666666666664 6
1747196997318 1.0999999999999999 6
1747196997338 2.2022222222222227 6
1747196997357 3.677777777777778 6
1747196997377 5.454444444444444 6
1747196997397 7.587777777777777 6
1747196997414 9.65 6
1747196997431 12.007777777777779 6
1747196997447 14.54 6
1747196997464 17.357777777777777 6
1747196997480 20.463333333333335 6
1747196997498 23.712222222222223 6
1747196997515 27.241111111111113 6
1747196997531 30.881111111111114 6
1747196997547 33.876666666666665 6
1747196997563 37.08555555555555 6
1747196997580 40.51 6
1747196997597 44.15222222222222 6
1747196997613 48.010000000000005 6
1747196997630 52.08111111111111 6
1747196997646 56.36555555555556 6
1747196997663 60.86333333333334 6
1747196997680 65.09333333333333 6
1747196997697 69.51555555555555 6
1747196997714 74.13222222222223 6
1747196997730 78.94111111111111 6
1747196997747 83.94000000000001 6
1747196997763 89.1266666666667 6
1747196997782 94.4988888888889 6
1747196997797 100.05666666666667 6
1747196997813 105.80000000000001 6
1747196997830 111.72888888888889 6
1747196997847 117.37555555555556 6
1747196997864 123.19333333333334 6
1747196997880 129.18666666666667 6
1747196997897 135.36 6
1747196997914 141.71555555555557 6
1747196997931 143.1088888888889 6
1747196997946 144.5388888888889 6
1747196997963 146.00555555555556 6
1747196997980 147.50888888888892 6
1747196997996 149.0488888888889 6
1747196998012 150.62555555555556 6
1747196998029 152.2388888888889 6
1747196998046 153.88888888888889 6
1747196998062 155.57555555555558 6
1747196998078 157.2988888888889 6
1747196998095 159.0588888888889 6
1747196998111 160.85555555555555 6
1747196998127 162.0777777777778 6
1747196998145 163.32444444444445 6
1747196998162 164.59555555555556 6
1747196998176 165.89111111111112 6
1747196998194 167.21111111111114 6
1747196998210 168.55555555555557 6
1747196998227 169.92444444444445 6
1747196998248 171.3177777777778 6
1747196998263 172.73555555555555 6
1747196998277 174.1777777777778 6
1747196998489 0.36666666666666664 7
1747196998512 1.111111111111111 7
1747196998532 2.246666666666667 7
1747196998552 3.786666666666667 7
1747196998571 5.67 7
1747196998590 7.963333333333334 7
1747196998610 10.594444444444445 7
1747196998631 13.65 7
1747196998648 17.033333333333335 7
1747196998668 20.855555555555558 7
1747196998685 25.130000000000003 7
1747196998702 29.67666666666667 7
1747196998718 34.67444444444445 7
1747196998736 40.13444444444444 7
1747196998754 45.70111111111111 7
1747196998770 51.721111111111114 7
1747196998786 55.668888888888894 7
1747196998803 59.84888888888889 7
1747196998820 64.26111111111112 7
1747196998836 68.90555555555555 7
1747196998853 73.78222222222222 7
1747196998870 78.89111111111112 7
1747196998887 84.23222222222222 7
1747196998904 89.80555555555556 7
1747196998919 95.61111111111111 7
1747196998935 101.6488888888889 7
1747196998951 107.9188888888889 7
1747196998969 114.42111111111113 7
1747196998985 121.15555555555558 7
1747196999001 128.12222222222223 7
1747196999016 135.32111111111115 7
1747196999033 142.75222222222226 7
1747196999050 150.41555555555558 7
1747196999065 158.31111111111113 7
1747196999082 166.4455555555556 7
1747196999098 174.82555555555558 7
1747196999115 183.00555555555556 7
1747196999131 184.86333333333334 7
1747196999154 186.77 7
1747196999163 188.7255555555556 7
1747196999179 190.73000000000002 7
1747196999196 192.78333333333336 7
1747196999213 194.88555555555558 7
1747196999227 197.0366666666667 7
1747196999245 199.23666666666668 7
1747196999262 201.48555555555558 7
1747196999277 203.78333333333336 7
1747196999294 206.13000000000002 7
1747196999311 208.52555555555557 7
1747196999328 210.3588888888889 7
1747196999346 212.22888888888892 7
1747196999361 214.13555555555558 7
1747196999378 216.0788888888889 7
1747196999394 218.0588888888889 7
1747196999411 220.07555555555558 7
1747196999428 222.1288888888889 7
1747196999443 224.2188888888889 7
1747196999459 226.34555555555556 7
1747196999476 228.50888888888892 7
1747196999494 229.24222222222224 7
1747196999510 229.98999999999998 7
1747196999526 230.75444444444443 7
1747196999543 231.53777777777776 7
1747196999751 0.36666666666666664 8
1747196999771 1.111111111111111 8
1747196999792 2.244444444444445 8
1747196999811 3.775555555555556 8
1747196999830 5.713333333333334 8
1747196999848 7.9688888888888885 8
1747196999866 10.333333333333334 8
1747196999884 13.062222222222223 8
1747196999904 15.674444444444445 8
1747196999924 18.592222222222222 8
1747196999943 21.82 8
1747196999963 25.362222222222222 8
1747196999980 29.223333333333336 8
1747196999998 33.40777777777778 8
1747197000015 37.736666666666665 8
1747197000034 42.385555555555555 8
1747197000053 46.84888888888889 8
1747197000070 51.59111111111111 8
1747197000086 56.61000000000001 8
1747197000103 61.90777777777778 8
1747197000118 67.48666666666666 8
1747197000135 73.34444444444445 8
1747197000153 78.96666666666667 8
1747197000168 84.83333333333333 8
1747197000186 90.94444444444444 8
1747197000202 96.98222222222223 8
1747197000219 103.25222222222223 8
1747197000235 109.75444444444447 8
1747197000251 116.48888888888891 8
1747197000267 123.45555555555558 8
1747197000286 130.65444444444447 8
1747197000306 138.08555555555557 8
1747197000325 144.94222222222226 8
1747197000341 152.0066666666667 8
1747197000356 159.2788888888889 8
1747197000373 166.75888888888892 8
1747197000391 173.54222222222225 8
1747197000408 175.86444444444447 8
1747197000426 178.2477777777778 8
1747197000442 180.69222222222226 8
1747197000459 183.20000000000002 8
1747197000476 185.77111111111114 8
1747197000493 187.87333333333336 8
1747197000511 190.02444444444447 8
1747197000524 192.2244444444445 8
1747197000541 194.47333333333336 8
1747197000558 196.77111111111114 8
1747197000576 199.11777777777783 8
1747197000594 201.51333333333335 8
1747197000610 203.9577777777778 8
1747197000626 206.45111111111112 8
1747197000642 208.99333333333337 8
1747197000660 211.58444444444447 8
1747197000675 214.22444444444446 8
1747197000692 216.91333333333336 8
1747197000710 219.65111111111113 8
1747197000726 222.43777777777777 8
1747197000742 225.27333333333334 8
1747197000759 228.1577777777778 8
1747197000776 228.89111111111112 8
1747197000794 229.63888888888889 8
1747197000811 230.40333333333334 8
1747197000828 231.18666666666667 8
1747197001056 0.36666666666666664 9
1747197001075 1.102222222222222 9
1747197001094 2.2088888888888887 9
1747197001114 3.695555555555556 9
1747197001132 5.568888888888889 9
1747197001149 7.508888888888889 9
1747197001165 9.178888888888888 9
1747197001181 10.841111111111111 9
1747197001198 12.71111111111111 9
1747197001215 14.78888888888889 9
1747197001233 17.074444444444445 9
1747197001250 19.56777777777778 9
1747197001266 22.268888888888892 9
1747197001287 25.17777777777778 9
1747197001302 28.11111111111111 9
1747197001318 31.044444444444444 9
1747197001335 34.16111111111111 9
1747197001352 37.461111111111116 9
1747197001367 40.71222222222222 9
1747197001384 44.13444444444444 9
1747197001400 47.72777777777778 9
1747197001416 51.492222222222225 9
1747197001433 55.427777777777784 9
1747197001449 59.534444444444446 9
1747197001466 63.812222222222225 9
1747197001483 68.26111111111112 9
1747197001500 72.88111111111112 9
1747197001516 77.67222222222223 9
1747197001533 82.63444444444445 9
1747197001551 87.7677777777778 9
1747197001565 93.07222222222224 9
1747197001582 98.5477777777778 9
1747197001598 103.79111111111112 9
1747197001614 109.19333333333334 9
1747197001631 114.75444444444446 9
1747197001648 120.47444444444446 9
1747197001664 126.35333333333334 9
1747197001682 127.74666666666668 9
1747197001700 129.17666666666668 9
1747197001715 130.64333333333335 9
1747197001732 132.14666666666668 9
1747197001748 133.6866666666667 9
1747197001765 135.26333333333335 9
1747197001780 136.87666666666667 9
1747197001798 138.52666666666667 9
1747197001815 140.21333333333334 9
1747197001830 141.93666666666667 9
1747197001847 143.6966666666667 9
1747197001865 145.49333333333337 9
1747197001881 147.32666666666668 9
1747197001898 149.1966666666667 9
1747197001914 151.10333333333335 9
1747197001933 153.04666666666668 9
1747197001947 155.02666666666667 9
1747197001963 157.04333333333335 9
1747197001981 159.0966666666667 9
1747197001997 161.18666666666667 9
1747197002014 163.31333333333336 9
1747197002030 165.47666666666666 9
1747197002046 166.21 9
1747197002062 166.95777777777778 9
1747197002078 167.72222222222223 9
1747197002096 168.50555555555556 9
1747197002314 0.36666666666666664 10
1747197002335 1.102222222222222 10
1747197002356 2.2133333333333334 10
1747197002377 3.7111111111111112 10
1747197002398 5.53 10
1747197002417 7.565555555555556 10
1747197002435 9.870000000000001 10
1747197002453 12.521111111111113 10
1747197002471 15.523333333333333 10
1747197002489 18.67888888888889 10
1747197002506 22.02777777777778 10
1747197002522 25.545555555555556 10
1747197002540 29.36888888888889 10
1747197002556 33.32888888888889 10
1747197002573 37.40333333333333 10
1747197002588 41.76555555555556 10
1747197002606 46.41777777777778 10
1747197002622 51.36222222222223 10
1747197002639 56.601111111111116 10
1747197002655 62.13666666666667 10
1747197002670 67.27000000000001 10
1747197002687 72.64777777777778 10
1747197002704 78.27 10
1747197002720 84.13666666666667 10
1747197002737 90.24777777777778 10
1747197002753 96.60333333333334 10
1747197002770 103.20333333333335 10
1747197002786 110.04777777777781 10
1747197002804 117.1366666666667 10
1747197002821 124.47000000000003 10
1747197002838 132.0477777777778 10
1747197002856 139.87 10
1747197002873 147.93666666666667 10
1747197002891 156.24777777777777 10
1747197002912 164.80333333333334 10
1747197002930 173.60333333333335 10
1747197002947 182.1955555555556 10
1747197002963 185.4466666666667 10
1747197002980 188.78333333333336 10
1747197002998 192.2055555555556 10
1747197003016 195.7133333333334 10
1747197003032 199.3066666666667 10
1747197003048 202.98555555555558 10
1747197003065 206.75000000000003 10
1747197003082 210.60000000000002 10
1747197003099 214.5355555555556 10
1747197003116 218.5566666666667 10
1747197003133 222.66333333333338 10
1747197003150 226.85555555555558 10
1747197003167 229.91111111111113 10
1747197003184 233.0277777777778 10
1747197003199 236.2055555555556 10
1747197003217 239.44444444444446 10
1747197003234 242.74444444444447 10
1747197003250 246.10555555555555 10
1747197003266 249.5277777777778 10
1747197003287 253.01111111111112 10
1747197003300 256.55555555555554 10
1747197003317 260.1611111111111 10
1747197003334 260.89444444444445 10
1747197003349 261.6422222222222 10
1747197003365 262.40666666666664 10
1747197003382 263.19 10
1747197003592 0.36666666666666664 11
1747197003612 1.0999999999999999 11
1747197003631 2.2 11
1747197003650 3.671111111111111 11
1747197003668 5.515555555555555 11
1747197003686 7.502222222222222 11
1747197003703 8.87111111111111 11
1747197003720 10.435555555555556 11
1747197003736 12.085555555555555 11
1747197003753 13.918888888888889 11
1747197003770 15.935555555555558 11
1747197003786 18.137777777777778 11
1747197003803 20.203333333333333 11
1747197003820 22.42777777777778 11
1747197003836 24.811111111111114 11
1747197003853 27.353333333333335 11
1747197003872 30.054444444444446 11
1747197003886 32.91444444444445 11
1747197003903 35.93333333333333 11
1747197003920 39.11111111111111 11
1747197003937 42.44777777777778 11
1747197003953 45.943333333333335 11
1747197003970 49.59777777777778 11
1747197003986 53.41111111111111 11
1747197004003 57.38333333333333 11
1747197004022 61.51444444444446 11
1747197004037 65.80444444444446 11
1747197004054 70.25333333333334 11
1747197004071 74.86333333333336 11
1747197004087 79.63666666666668 11
1747197004103 84.57555555555558 11
1747197004118 89.68222222222224 11
1747197004135 94.52222222222223 11
1747197004152 99.50888888888889 11
1747197004168 104.64222222222223 11
1747197004184 109.92222222222223 11
1747197004201 115.34888888888891 11
1747197004217 120.4577777777778 11
1747197004233 125.70111111111115 11
1747197004250 131.0788888888889 11
1747197004265 136.59111111111116 11
1747197004282 142.2377777777778 11
1747197004300 148.0188888888889 11
1747197004315 153.93444444444447 11
1747197004333 159.98444444444445 11
1747197004350 165.04444444444445 11
1747197004366 170.21444444444447 11
1747197004383 175.4944444444445 11
1747197004401 180.88444444444445 11
1747197004417 184.5511111111111 11
1747197004434 188.29111111111112 11
1747197004452 192.10444444444448 11
1747197004468 195.9911111111111 11
1747197004486 199.95111111111112 11
1747197004503 203.98444444444445 11
1747197004518 208.09111111111113 11
1747197004536 212.2711111111111 11
1747197004553 216.5244444444444 11
1747197004571 220.8511111111111 11
1747197004587 221.58444444444442 11
1747197004606 222.3322222222222 11
1747197004620 223.09666666666666 11
1747197004637 223.88 11
1747197004849 0.36666666666666664 12
1747197004870 1.102222222222222 12
1747197004890 2.2088888888888887 12
1747197004913 3.6911111111111117 12
1747197004943 5.555555555555555 12
1747197004967 7.642222222222222 12
1747197004985 9.483333333333333 12
1747197005001 11.590000000000002 12
1747197005017 13.79 12
1747197005035 16.234444444444446 12
1747197005050 18.923333333333336 12
1747197005066 21.85666666666667 12
1747197005083 24.875555555555554 12
1747197005100 28.126666666666665 12
1747197005116 31.61 12
1747197005133 35.32555555555555 12
1747197005153 39.27333333333333 12
1747197005180 43.45333333333334 12
1747197005202 47.86555555555556 12
1747197005226 52.51 12
1747197005243 57.38666666666667 12
1747197005259 62.495555555555555 12
1747197005276 67.83666666666667 12
1747197005292 73.41000000000001 12
1747197005308 79.21555555555555 12
1747197005331 85.25333333333334 12
1747197005349 91.52333333333334 12
1747197005367 98.0277777777778 12
1747197005385 104.7688888888889 12
1747197005405 111.7488888888889 12
1747197005423 118.97000000000003 12
1747197005440 126.43444444444445 12
1747197005458 134.14444444444445 12
1747197005475 142.10222222222222 12
1747197005492 149.80222222222224 12
1747197005509 157.72222222222223 12
1747197005525 165.86222222222224 12
1747197005541 170.04222222222225 12
1747197005558 174.33222222222224 12
1747197005575 178.73222222222228 12
1747197005592 183.24222222222227 12
1747197005612 187.86222222222224 12
1747197005626 192.59222222222223 12
1747197005643 197.43222222222224 12
1747197005661 202.38222222222223 12
1747197005676 206.88000000000002 12
1747197005692 211.4755555555556 12
1747197005708 216.16888888888892 12
1747197005725 220.96000000000004 12
1747197005742 225.2377777777778 12
1747197005758 229.60111111111112 12
1747197005775 234.05000000000004 12
1747197005792 238.58444444444447 12
1747197005808 243.20444444444448 12
1747197005825 247.91 12
1747197005841 252.70111111111112 12
1747197005857 257.5777777777778 12
1747197005875 262.54 12
1747197005891 267.5877777777778 12
1747197005908 268.3211111111111 12
1747197005925 269.06888888888886 12
1747197005942 269.8333333333333 12
1747197005960 270.6166666666667 12
1747197006181 0.36666666666666664 13
1747197006201 1.102222222222222 13
1747197006221 2.2111111111111112 13
1747197006240 3.7000000000000006 13
1747197006258 5.514444444444445 13
1747197006276 7.381111111111111 13
1747197006293 9.053333333333335 13
1747197006310 10.973333333333334 13
1747197006336 13.143333333333334 13
1747197006358 15.565555555555557 13
1747197006380 18.107777777777777 13
1747197006397 20.601111111111113 13
1747197006413 23.316666666666666 13
1747197006430 26.256666666666668 13
1747197006446 29.240000000000002 13
1747197006463 32.440000000000005 13
1747197006480 35.34888888888889 13
1747197006497 38.42888888888889 13
1747197006513 41.68 13
1747197006530 45.10222222222222 13
1747197006546 48.69555555555556 13
1747197006562 52.46 13
1747197006578 56.39555555555556 13
1747197006595 60.50222222222222 13
1747197006611 64.78 13
1747197006630 69.22888888888889 13
1747197006645 73.84888888888891 13
1747197006662 78.64000000000003 13
1747197006678 83.60222222222224 13
1747197006695 88.73555555555556 13
1747197006711 94.04000000000002 13
1747197006727 99.51555555555557 13
1747197006746 105.16222222222223 13
1747197006761 110.98 13
1747197006780 116.9688888888889 13
1747197006796 123.1288888888889 13
1747197006813 129.46 13
1747197006830 133.64000000000001 13
1747197006848 137.93 13
1747197006863 142.33 13
1747197006880 146.84000000000003 13
1747197006897 151.46000000000004 13
1747197006918 156.19000000000003 13
1747197006931 161.03000000000003 13
1747197006949 165.43 13
1747197006965 169.9277777777778 13
1747197006982 174.52333333333337 13
1747197006998 179.21888888888893 13
1747197007014 184.0166666666667 13
1747197007030 188.29444444444445 13
1747197007047 192.65777777777782 13
1747197007064 197.10666666666668 13
1747197007081 200.99333333333337 13
1747197007098 204.95333333333335 13
1747197007118 208.98666666666668 13
1747197007133 213.09333333333333 13
1747197007150 217.27333333333334 13
1747197007164 221.52666666666667 13
1747197007182 225.85333333333332 13
1747197007198 226.58666666666664 13
1747197007214 227.33444444444442 13
1747197007232 228.09888888888887 13
1747197007248 228.8822222222222 13
1747197007468 0.36666666666666664 14
1747197007490 1.0999999999999999 14
1747197007509 2.2022222222222227 14
1747197007530 3.677777777777778 14
1747197007548 5.47 14
1747197007565 7.376666666666667 14
1747197007581 9.002222222222223 14
1747197007598 10.762222222222222 14
1747197007614 12.742222222222221 14
1747197007632 14.944444444444446 14
1747197007648 17.371111111111116 14
1747197007669 19.87777777777778 14
1747197007684 22.42 14
1747197007698 25.157777777777778 14
1747197007716 27.907777777777778 14
1747197007733 30.84111111111111 14
1747197007748 33.95777777777778 14
1747197007765 37.257777777777775 14
1747197007782 40.74111111111111 14
1747197007799 44.40777777777778 14
1747197007815 48.257777777777775 14
1747197007832 52.291111111111114 14
1747197007848 56.507777777777775 14
1747197007865 60.90777777777778 14
1747197007882 65.49111111111111 14
1747197007900 70.25777777777779 14
1747197007915 75.20777777777779 14
1747197007932 80.34111111111113 14
1747197007948 85.65777777777778 14
1747197007966 91.16000000000003 14
1747197007983 96.85000000000001 14
1747197007998 102.73000000000002 14
1747197008017 108.80222222222224 14
1747197008032 115.06444444444446 14
1747197008047 121.09111111111112 14
1747197008064 126.81111111111112 14
1747197008080 132.69000000000003 14
1747197008096 136.4055555555556 14
1747197008112 140.21888888888893 14
1747197008130 144.13000000000002 14
1747197008147 148.13888888888894 14
1747197008164 152.2455555555556 14
1747197008181 156.45000000000002 14
1747197008196 160.75222222222226 14
1747197008213 165.15222222222226 14
1747197008230 169.65000000000003 14
1747197008246 174.2455555555556 14
1747197008264 178.93888888888893 14
1747197008281 183.73000000000002 14
1747197008296 188.6188888888889 14
1747197008314 192.98222222222225 14
1747197008334 197.43111111111114 14
1747197008347 201.96555555555557 14
1747197008365 206.58555555555554 14
1747197008382 211.29111111111112 14
1747197008397 216.0822222222222 14
1747197008414 220.95888888888888 14
1747197008430 225.92111111111112 14
1747197008446 230.9688888888889 14
1747197008463 232.43555555555557 14
1747197008480 233.92888888888885 14
1747197008497 235.4511111111111 14
1747197008514 237.00444444444443 14
1747197008530 237.78666666666666 14
1747197008547 238.58111111111108 14
1747197008565 239.38777777777779 14
1747197008581 240.20666666666665 14
1747197008597 241.03777777777776 14
1747197008615 241.8811111111111 14
1747197008632 242.73666666666665 14
1747197008648 243.60444444444445 14
1747197008665 244.48444444444442 14
1747197008682 245.37666666666664 14
1747197008700 246.28111111111107 14
1747197008715 247.19777777777776 14
1747197008732 248.12666666666664 14
1747197008952 0.36666666666666664 15
1747197008971 1.0999999999999999 15
1747197008992 2.2022222222222227 15
1747197009012 3.68 15
1747197009034 5.5377777777777775 15
1747197009052 7.444444444444445 15
1747197009068 9.326666666666666 15
1747197009086 11.47777777777778 15
1747197009102 13.897777777777778 15
1747197009118 16.586666666666666 15
1747197009136 19.544444444444444 15
1747197009151 22.477777777777778 15
1747197009168 25.655555555555555 15
1747197009185 29.07777777777778 15
1747197009201 32.56111111111111 15
1747197009219 36.276666666666664 15
1747197009235 40.224444444444444 15
1747197009253 44.40444444444445 15
1747197009270 48.81666666666667 15
1747197009285 53.46111111111111 15
1747197009302 58.33777777777778 15
1747197009320 63.44666666666667 15
1747197009337 68.78777777777778 15
1747197009353 74.36111111111111 15
1747197009368 80.16666666666667 15
1747197009384 86.20444444444446 15
1747197009400 92.47444444444446 15
1747197009417 98.97666666666669 15
1747197009435 105.71111111111114 15
1747197009455 112.67777777777779 15
1747197009471 119.8766666666667 15
1747197009487 127.30777777777779 15
1747197009503 134.97111111111113 15
1747197009519 142.86666666666667 15
1747197009536 150.99444444444447 15
1747197009553 159.35444444444445 15
1747197009571 167.9466666666667 15
1747197009587 172.1266666666667 15
1747197009605 176.41666666666669 15
1747197009621 180.8166666666667 15
1747197009637 185.3266666666667 15
1747197009654 189.94666666666672 15
1747197009670 194.6766666666667 15
1747197009685 199.5166666666667 15
1747197009702 204.4666666666667 15
1747197009718 209.5266666666667 15
1747197009736 214.69666666666672 15
1747197009753 219.97666666666672 15
1747197009770 225.3666666666667 15
1747197009786 230.8666666666667 15
1747197009802 236.47666666666672 15
1747197009818 242.1966666666667 15
1747197009835 248.0266666666667 15
1747197009852 253.96666666666667 15
1747197009870 260.01666666666665 15
1747197009887 266.1766666666667 15
1747197009905 272.44666666666666 15
1747197009921 278.82666666666665 15
1747197009938 285.31666666666666 15
1747197009954 288.25 15
1747197009972 291.2344444444444 15
1747197009986 294.2722222222222 15
1747197010003 297.3655555555555 15
1747197010018 299.71222222222224 15
1747197010036 300.5066666666666 15
1747197010052 301.31333333333333 15
1747197010068 302.13222222222225 15
1747197010085 302.9633333333333 15
1747197010102 303.8066666666666 15
1747197010117 304.6622222222222 15
1747197010133 305.53 15
1747197010150 306.40999999999997 15
1747197010167 307.3022222222222 15
1747197010184 308.20666666666665 15
1747197010201 309.1233333333333 15
1747197010216 310.0522222222222 15
1747197010428 0.36666666666666664 16
1747197010448 1.102222222222222 16
1747197010468 2.2088888888888887 16
1747197010489 3.6911111111111117 16
1747197010508 5.553333333333333 16
1747197010526 7.640000000000001 16
1747197010543 9.397777777777778 16
1747197010561 11.415555555555557 16
1747197010577 13.695555555555556 16
1747197010593 16.240000000000002 16
1747197010613 19.051111111111116 16
1747197010630 22.131111111111114 16
1747197010647 25.482222222222223 16
1747197010664 29.10666666666667 16
1747197010681 33.00666666666667 16
1747197010698 37.184444444444445 16
1747197010716 41.132222222222225 16
1747197010732 45.312222222222225 16
1747197010749 49.724444444444444 16
1747197010766 54.36888888888889 16
1747197010782 59.24555555555556 16
1747197010798 64.35444444444445 16
1747197010814 69.69555555555556 16
1747197010830 75.26888888888888 16
1747197010847 81.07444444444445 16
1747197010863 87.11222222222223 16
1747197010880 93.38222222222224 16
1747197010897 99.8866666666667 16
1747197010913 106.6277777777778 16
1747197010931 113.6077777777778 16
1747197010948 120.82888888888891 16
1747197010966 128.29333333333335 16
1747197010993 136.00333333333336 16
1747197011015 143.96111111111114 16
1747197011032 151.66111111111113 16
1747197011048 159.5811111111111 16
1747197011064 167.2688888888889 16
1747197011081 170.0555555555556 16
1747197011098 172.91555555555558 16
1747197011114 175.84888888888892 16
1747197011130 178.85555555555558 16
1747197011150 181.9355555555556 16
1747197011163 185.08888888888893 16
1747197011180 188.31555555555556 16
1747197011198 191.61555555555557 16
1747197011213 194.98888888888894 16
1747197011231 198.4355555555556 16
1747197011247 201.9555555555556 16
1747197011264 205.54888888888894 16
1747197011281 209.21555555555557 16
1747197011296 212.9555555555556 16
1747197011314 216.7688888888889 16
1747197011330 220.6555555555556 16
1747197011346 224.61555555555557 16
1747197011364 228.6488888888889 16
1747197011379 232.75555555555556 16
1747197011396 236.93555555555557 16
1747197011420 241.1888888888889 16
1747197011430 245.51555555555555 16
1747197011446 247.71555555555554 16
1747197011463 249.95222222222222 16
1747197011480 252.22555555555556 16
1747197011497 254.53555555555556 16
1747197011514 256.88222222222225 16
1747197011531 257.6766666666667 16
1747197011547 258.48333333333335 16
1747197011564 259.3022222222222 16
1747197011582 260.1333333333333 16
1747197011598 260.9766666666667 16
1747197011614 261.83222222222224 16
1747197011634 262.7 16
1747197011647 263.58 16
1747197011663 264.47222222222223 16
1747197011680 265.37666666666667 16
1747197011697 266.29333333333335 16
1747197011713 267.22222222222223 16
1747197011926 0.36666666666666664 17
1747197011946 1.0999999999999999 17
1747197011968 2.2 17
1747197011987 3.668888888888889 17
1747197012007 5.506666666666666 17
1747197012027 7.633333333333334 17
1747197012046 9.772222222222222 17
1747197012064 12.216666666666667 17
1747197012081 14.966666666666667 17
1747197012099 18.022222222222226 17
1747197012117 21.383333333333336 17
1747197012141 25.05 17
1747197012163 29.022222222222222 17
1747197012181 33.3 17
1747197012198 37.7 17
1747197012215 42.39333333333333 17
1747197012232 47.38 17
1747197012248 52.660000000000004 17
1747197012266 58.23333333333334 17
1747197012285 64.1 17
1747197012304 70.26222222222222 17
1747197012322 76.72222222222221 17
1747197012340 83.48222222222222 17
1747197012359 90.54444444444445 17
1747197012382 97.91111111111111 17
1747197012401 105.58444444444446 17
1747197012418 113.56666666666668 17
1747197012437 121.86000000000003 17
1747197012456 130.46666666666667 17
1747197012474 138.90000000000003 17
1747197012492 147.61444444444447 17
1747197012512 156.61 17
1747197012530 165.88666666666668 17
1747197012548 175.44444444444446 17
1747197012565 185.28333333333336 17
1747197012584 195.40333333333334 17
1747197012600 205.80444444444447 17
1747197012617 210.91333333333338 17
1747197012634 216.1566666666667 17
1747197012651 221.5344444444445 17
1747197012667 227.0466666666667 17
1747197012684 232.69333333333336 17
1747197012700 238.47666666666672 17
1747197012716 244.39888888888893 17
1747197012733 248.79888888888894 17
1747197012751 253.2966666666667 17
1747197012777 257.8922222222223 17
1747197012788 262.58555555555563 17
1747197012804 266.7777777777778 17
1747197012820 270.4444444444445 17
1747197012839 274.18444444444447 17
1747197012854 277.9977777777778 17
1747197012870 281.8844444444445 17
1747197012887 285.8444444444445 17
1747197012904 289.8777777777778 17
1747197012922 293.9844444444445 17
1747197012938 298.1644444444445 17
1747197012954 302.41777777777776 17
1747197012972 306.74444444444447 17
1747197012987 308.94444444444446 17
1747197013003 311.18111111111114 17
1747197013020 313.45444444444445 17
1747197013038 315.76444444444445 17
1747197013054 318.11111111111114 17
1747197013070 318.9055555555556 17
1747197013087 319.71222222222224 17
1747197013104 320.53111111111116 17
1747197013120 321.3622222222222 17
1747197013136 322.2055555555556 17
1747197013153 323.06111111111113 17
1747197013170 323.9288888888889 17
1747197013187 324.8088888888889 17
1747197013204 325.7011111111111 17
1747197013220 326.6055555555556 17
1747197013236 327.52222222222224 17
1747197013254 328.4511111111111 17
1747197013477 0.36666666666666664 18
1747197013500 1.102222222222222 18
1747197013520 2.2088888888888887 18
1747197013540 3.6911111111111117 18
1747197013560 5.553333333333333 18
1747197013579 7.713333333333334 18
1747197013597 9.725555555555557 18
1747197013614 12.027777777777779 18
1747197013631 14.447777777777778 18
1747197013649 17.136666666666667 18
1747197013668 20.094444444444445 18
1747197013684 23.323333333333334 18
1747197013702 26.823333333333334 18
1747197013721 30.416666666666668 18
1747197013739 34.266666666666666 18
1747197013754 38.373333333333335 18
1747197013771 42.73666666666667 18
1747197013788 47.35666666666667 18
1747197013804 52.233333333333334 18
1747197013821 57.36666666666667 18
1747197013837 62.75666666666667 18
1747197013854 68.40333333333334 18
1747197013870 74.30666666666667 18
1747197013886 80.46666666666667 18
1747197013902 86.88333333333334 18
1747197013918 93.55666666666667 18
1747197013934 100.48666666666668 18
1747197013951 107.67333333333336 18
1747197013969 115.11666666666669 18
1747197013986 122.81666666666668 18
1747197014003 130.77333333333337 18
1747197014023 138.98666666666668 18
1747197014041 147.45666666666668 18
1747197014061 156.18333333333334 18
1747197014080 165.16666666666669 18
1747197014098 174.40888888888892 18
1747197014114 183.45333333333338 18
1747197014141 189.49111111111114 18
1747197014156 195.6877777777778 18
1747197014173 202.04333333333338 18
1747197014190 208.55777777777786 18
1747197014208 215.23111111111115 18
1747197014225 221.5377777777778 18
1747197014241 226.9155555555556 18
1747197014258 232.4155555555556 18
1747197014275 238.0377777777778 18
1747197014291 243.78222222222226 18
1747197014307 249.65111111111116 18
1747197014325 255.6466666666667 18
1747197014342 260.53555555555556 18
1747197014360 264.89888888888896 18
1747197014381 269.3477777777778 18
1747197014396 273.88222222222225 18
1747197014412 278.50222222222226 18
1747197014429 283.2077777777778 18
1747197014446 287.9988888888889 18
1747197014464 292.87555555555554 18
1747197014480 297.8377777777778 18
1747197014496 302.8855555555556 18
1747197014513 305.0855555555556 18
1747197014529 307.3222222222222 18
1747197014546 309.59555555555556 18
1747197014564 311.9055555555555 18
1747197014578 314.25222222222226 18
1747197014597 315.0466666666667 18
1747197014613 315.85333333333335 18
1747197014630 316.6722222222223 18
1747197014648 317.50333333333333 18
1747197014665 318.34666666666664 18
1747197014682 319.20222222222225 18
1747197014698 320.07 18
1747197014714 320.95 18
1747197014732 321.84222222222223 18
1747197014747 322.74666666666667 18
1747197014765 323.6633333333333 18
1747197014781 324.59222222222223 18
1747197014988 0.36666666666666664 19
1747197015012 1.0999999999999999 19
1747197015032 2.204444444444445 19
1747197015057 3.684444444444445 19
1747197015076 5.542222222222223 19
1747197015098 7.524444444444445 19
1747197015115 9.235555555555555 19
1747197015132 11.19111111111111 19
1747197015149 13.28111111111111 19
1747197015167 15.481111111111112 19
1747197015183 17.901111111111113 19
1747197015200 20.54111111111111 19
1747197015217 23.40111111111111 19
1747197015232 26.481111111111108 19
1747197015249 29.597777777777775 19
1747197015266 32.922222222222224 19
1747197015282 36.24666666666667 19
1747197015300 39.766666666666666 19
1747197015317 43.48222222222223 19
1747197015333 47.39333333333333 19
1747197015350 51.5 19
1747197015367 55.80222222222222 19
1747197015383 60.3 19
1747197015398 64.99333333333333 19
1747197015414 69.88222222222223 19
1747197015431 74.96666666666668 19
1747197015447 80.24666666666668 19
1747197015463 85.72222222222224 19
1747197015482 91.39333333333336 19
1747197015515 97.26000000000002 19
1747197015534 103.32222222222225 19
1747197015553 109.58000000000001 19
1747197015568 116.03333333333335 19
1747197015586 122.68222222222224 19
1747197015602 129.5266666666667 19
1747197015618 136.56666666666666 19
1747197015634 143.35000000000002 19
1747197015651 146.60111111111112 19
1747197015667 149.9377777777778 19
1747197015684 153.36000000000004 19
1747197015701 156.86777777777783 19
1747197015718 160.46111111111114 19
1747197015735 164.14000000000001 19
1747197015752 167.3666666666667 19
1747197015768 170.66666666666669 19
1747197015784 174.04000000000002 19
1747197015801 177.4866666666667 19
1747197015817 181.0066666666667 19
1747197015833 184.60000000000002 19
1747197015850 188.2666666666667 19
1747197015867 192.0066666666667 19
1747197015883 195.82000000000002 19
1747197015901 199.70666666666668 19
1747197015917 203.66666666666666 19
1747197015935 207.7 19
1747197015951 211.80666666666667 19
1747197015968 215.98666666666665 19
1747197015985 220.23999999999998 19
1747197016001 224.56666666666666 19
1747197016018 226.76666666666668 19
1747197016034 229.0033333333333 19
1747197016051 231.27666666666667 19
1747197016071 233.58666666666664 19
1747197016085 235.93333333333334 19
1747197016104 236.72777777777776 19
1747197016120 237.53444444444446 19
1747197016138 238.35333333333335 19
1747197016155 239.18444444444447 19
1747197016170 240.02777777777777 19
1747197016187 240.88333333333333 19
1747197016204 241.7511111111111 19
1747197016220 242.63111111111112 19
1747197016236 243.52333333333334 19
1747197016252 244.42777777777778 19
1747197016268 245.34444444444443 19
1747197016285 246.27333333333334 19
1747197016520 0.36666666666666664 20
1747197016540 1.0999999999999999 20
1747197016558 2.2022222222222227 20
1747197016580 3.6733333333333333 20
1747197016604 5.452222222222222 20
1747197016637 7.432222222222222 20
1747197016664 9.057777777777778 20
1747197016683 10.915555555555557 20
1747197016698 13.007777777777779 20
1747197016717 15.336666666666668 20
1747197016733 17.904444444444447 20
1747197016748 20.71333333333333 20
1747197016764 23.765555555555558 20
1747197016780 27.063333333333333 20
1747197016796 30.608888888888888 20
1747197016813 34.40444444444445 20
1747197016830 38.45222222222222 20
1747197016848 42.754444444444445 20
1747197016870 47.31333333333334 20
1747197016886 52.12888888888889 20
1747197016901 57.19888888888889 20
1747197016917 62.521111111111104 20
1747197016933 68.09333333333333 20
1747197016952 73.91333333333334 20
1747197016967 79.97888888888889 20
1747197016984 86.28777777777779 20
1747197017002 92.83777777777779 20
1747197017017 99.6266666666667 20
1747197017034 106.65222222222224 20
1747197017051 113.91222222222224 20
1747197017067 121.4066666666667 20
1747197017083 129.13555555555556 20
1747197017099 137.0988888888889 20
1747197017115 145.29666666666668 20
1747197017132 153.7288888888889 20
1747197017148 162.39555555555555 20
1747197017164 170.5355555555556 20
1747197017182 176.57333333333335 20
1747197017198 182.77000000000004 20
1747197017216 189.12555555555562 20
1747197017233 195.64000000000004 20
1747197017250 202.3133333333334 20
1747197017266 209.1455555555556 20
1747197017283 215.59888888888892 20
1747197017298 221.09888888888892 20
1747197017316 226.15888888888892 20
1747197017333 231.3288888888889 20
1747197017350 236.60888888888894 20
1747197017367 241.99888888888893 20
1747197017384 246.8877777777778 20
1747197017399 251.8744444444445 20
1747197017415 256.9588888888889 20
1747197017432 262.1411111111112 20
1747197017448 267.42111111111114 20
1747197017464 272.7988888888889 20
1747197017482 278.27444444444444 20
1747197017499 283.84777777777776 20
1747197017516 289.51888888888885 20
1747197017531 295.28777777777776 20
1747197017549 298.2211111111111 20
1747197017566 301.2033333333333 20
1747197017584 304.2344444444444 20
1747197017601 307.3144444444444 20
1747197017618 310.4433333333333 20
1747197017634 311.23777777777775 20
1747197017654 312.0444444444445 20
1747197017670 312.86333333333334 20
1747197017685 313.69444444444446 20
1747197017701 314.53777777777776 20
1747197017718 315.3933333333333 20
1747197017736 316.2611111111111 20
1747197017752 317.1411111111111 20
1747197017768 318.03333333333336 20
1747197017783 318.9377777777778 20
1747197017800 319.8544444444444 20
1747197017816 320.78333333333336 20
1747197018030 0.36666666666666664 21
1747197018051 1.0999999999999999 21
1747197018071 2.2 21
1747197018091 3.668888888888889 21
1747197018110 5.511111111111111 21
1747197018128 7.644444444444445 21
1747197018145 9.44111111111111 21
1747197018163 11.494444444444445 21
1747197018179 13.804444444444444 21
1747197018195 16.371111111111112 21
1747197018212 19.194444444444446 21
1747197018230 22.12777777777778 21
1747197018246 25.305555555555554 21
1747197018261 28.727777777777778 21
1747197018278 32.394444444444446 21
1747197018295 36.11 21
1747197018312 40.05777777777778 21
1747197018328 44.23777777777778 21
1747197018345 48.65 21
1747197018362 53.294444444444444 21
1747197018378 58.17333333333333 21
1747197018396 63.28888888888889 21
1747197018413 68.64333333333335 21
1747197018431 74.23888888888888 21
1747197018447 80.07777777777778 21
1747197018464 86.16222222222223 21
1747197018479 92.49222222222222 21
1747197018496 99.07000000000002 21
1747197018513 105.89333333333336 21
1747197018530 112.96000000000002 21
1747197018547 120.2677777777778 21
1747197018563 127.81444444444446 21
1747197018582 135.5977777777778 21
1747197018603 143.6177777777778 21
1747197018623 151.87444444444446 21
1747197018639 160.3677777777778 21
1747197018655 168.53000000000003 21
1747197018671 173.66333333333336 21
1747197018688 178.93333333333337 21
1747197018704 184.34000000000006 21
1747197018721 189.88333333333338 21
1747197018737 195.5633333333334 21
1747197018754 200.81888888888892 21
1747197018771 206.1966666666667 21
1747197018787 211.6966666666667 21
1747197018803 217.31888888888892 21
1747197018820 223.0633333333334 21
1747197018837 228.93000000000004 21
1747197018855 234.91888888888892 21
1747197018873 239.19666666666672 21
1747197018888 243.56000000000003 21
1747197018904 248.00888888888892 21
1747197018921 252.54333333333338 21
1747197018938 257.16333333333336 21
1747197018953 261.8688888888889 21
1747197018970 266.66 21
1747197018989 271.5366666666667 21
1747197019004 276.4988888888889 21
1747197019020 281.5466666666667 21
1747197019037 283.74666666666667 21
1747197019053 285.98333333333335 21
1747197019070 288.2566666666667 21
1747197019086 290.56666666666666 21
1747197019103 292.9133333333333 21
1747197019119 293.7077777777778 21
1747197019136 294.51444444444445 21
1747197019152 295.3333333333333 21
1747197019168 296.1644444444445 21
1747197019188 297.0077777777778 21
1747197019202 297.86333333333334 21
1747197019218 298.7311111111111 21
1747197019235 299.61111111111114 21
1747197019252 300.50333333333333 21
1747197019270 301.40777777777777 21
1747197019286 302.32444444444445 21
1747197019304 303.25333333333333 21
1747197019520 0.36666666666666664 22
1747197019543 1.0999999999999999 22
1747197019563 2.2 22
1747197019593 3.666666666666667 22
1747197019617 5.5 22
1747197019637 7.7 22
1747197019653 9.753333333333334 22
1747197019670 12.1 22
1747197019688 14.74 22
1747197019705 17.673333333333336 22
1747197019724 20.900000000000002 22
1747197019743 24.42 22
1747197019762 28.233333333333334 22
1747197019780 32.34 22
1747197019798 36.74 22
1747197019816 41.43333333333333 22
1747197019835 46.42 22
1747197019852 51.7 22
1747197019870 57.27333333333333 22
1747197019888 63.14 22
1747197019904 69.3 22
1747197019924 75.75333333333333 22
1747197019941 82.5 22
1747197019959 89.53999999999999 22
1747197019976 96.87333333333335 22
1747197019993 104.18222222222224 22
1747197020014 111.77222222222223 22
1747197020031 119.64333333333336 22
1747197020048 127.79555555555558 22
1747197020067 136.22888888888892 22
1747197020085 144.94333333333336 22
1747197020103 153.9388888888889 22
1747197020121 163.21555555555557 22
1747197020140 172.77333333333337 22
1747197020161 182.61222222222224 22
1747197020180 192.73222222222225 22
1747197020201 203.13333333333335 22
1747197020217 208.70666666666668 22
1747197020233 214.4266666666667 22
1747197020248 220.29333333333338 22
1747197020266 226.30666666666673 22
1747197020284 232.46666666666673 22
1747197020298 238.7733333333334 22
1747197020317 244.68888888888893 22
1747197020333 250.73888888888894 22
1747197020348 256.9233333333334 22
1747197020366 263.24222222222227 22
1747197020383 269.69555555555564 22
1747197020400 276.28555555555556 22
1747197020415 282.3966666666667 22
1747197020434 287.3833333333334 22
1747197020450 292.4677777777778 22
1747197020468 297.65000000000003 22
1747197020484 302.93000000000006 22
1747197020510 308.3077777777778 22
1747197020526 313.78333333333336 22
1747197020543 319.3566666666667 22
1747197020560 325.02777777777777 22
1747197020575 330.7966666666667 22
1747197020591 332.99666666666667 22
1747197020609 335.23333333333335 22
1747197020625 337.5066666666667 22
1747197020643 339.81666666666666 22
1747197020659 342.1633333333333 22
1747197020676 342.9577777777778 22
1747197020693 343.76444444444445 22
1747197020709 344.5833333333333 22
1747197020725 345.4144444444445 22
1747197020742 346.2577777777778 22
1747197020759 347.11333333333334 22
1747197020777 347.9811111111111 22
1747197020793 348.86111111111114 22
1747197020807 349.75333333333333 22
1747197020826 350.65777777777777 22
1747197020841 351.57444444444445 22
1747197020857 352.50333333333333 22
1747197021077 0.36666666666666664 23
1747197021097 1.1044444444444443 23
1747197021116 2.2177777777777776 23
1747197021135 3.7155555555555555 23
1747197021154 5.604444444444444 23
1747197021173 7.811111111111112 23
1747197021188 9.72111111111111 23
1747197021206 11.925555555555556 23
1747197021223 14.285555555555556 23
1747197021239 16.93 23
1747197021255 19.863333333333337 23
1747197021271 22.943333333333335 23
1747197021288 26.308888888888887 23
1747197021305 29.964444444444446 23
1747197021322 33.91444444444445 23
1747197021339 38.16111111111111 23
1747197021355 42.19666666666667 23
1747197021373 46.483333333333334 23
1747197021388 51.02111111111112 23
1747197021405 55.17666666666666 23
1747197021421 59.54222222222222 23
1747197021437 64.11999999999999 23
1747197021454 68.91222222222223 23
1747197021471 73.9211111111111 23
1747197021488 79.14888888888889 23
1747197021504 84.59777777777778 23
1747197021520 90.26555555555557 23
1747197021535 96.15000000000002 23
1747197021550 102.2488888888889 23
1747197021568 108.56000000000002 23
1747197021584 115.08111111111113 23
1747197021601 121.3388888888889 23
1747197021620 127.3888888888889 23
1747197021642 133.62222222222223 23
1747197021660 140.0388888888889 23
1747197021675 146.63888888888889 23
1747197021695 153.42222222222225 23
1747197021711 157.60222222222225 23
1747197021727 161.89222222222224 23
1747197021745 166.29222222222225 23
1747197021760 170.80222222222224 23
1747197021777 175.42222222222227 23
1747197021794 180.15222222222226 23
1747197021812 184.99222222222224 23
1747197021827 189.94222222222226 23
1747197021844 195.00222222222226 23
1747197021860 200.17222222222227 23
1747197021875 205.45222222222225 23
1747197021893 210.84222222222223 23
1747197021910 215.12000000000003 23
1747197021928 219.48333333333338 23
1747197021945 223.93222222222224 23
1747197021958 228.4666666666667 23
1747197021976 233.08666666666667 23
1747197021995 237.79222222222222 23
1747197022010 242.58333333333334 23
1747197022025 247.46 23
1747197022042 252.4222222222222 23
1747197022060 257.46999999999997 23
1747197022075 259.66999999999996 23
1747197022093 261.90666666666664 23
1747197022109 264.18 23
1747197022126 266.49 23
1747197022142 268.83666666666664 23
1747197022159 269.6311111111111 23
1747197022175 270.4377777777778 23
1747197022191 271.25666666666666 23
1747197022207 272.0877777777778 23
1747197022225 272.93111111111114 23
1747197022240 273.7866666666667 23
1747197022256 274.65444444444444 23
1747197022274 275.53444444444443 23
1747197022291 276.4266666666666 23
1747197022308 277.33111111111106 23
1747197022325 278.24777777777774 23
1747197022342 279.1766666666666 23
1747197022556 0.36666666666666664 24
1747197022576 1.102222222222222 24
1747197022596 2.2088888888888887 24
1747197022617 3.688888888888889 24
1747197022637 5.544444444444445 24
1747197022658 7.706666666666667 24
1747197022676 9.811111111111112 24
1747197022698 12.226666666666667 24
1747197022716 14.836666666666668 24
1747197022736 17.625555555555554 24
1747197022755 20.70555555555556 24
1747197022778 24.07888888888889 24
1747197022797 27.74777777777778 24
1747197022815 31.714444444444446 24
1747197022832 35.79555555555556 24
1747197022849 39.96666666666667 24
1747197022865 44.40888888888889 24
1747197022881 49.120000000000005 24
1747197022897 54.09777777777778 24
1747197022914 59.34 24
1747197022931 64.21666666666667 24
1747197022948 69.32555555555557 24
1747197022965 74.66666666666667 24
1747197022983 80.24 24
1747197023000 86.04555555555557 24
1747197023016 92.08333333333334 24
1747197023033 98.35333333333334 24
1747197023048 104.85555555555558 24
1747197023065 111.59000000000002 24
1747197023083 118.55666666666669 24
1747197023099 125.75555555555557 24
1747197023115 133.18666666666667 24
1747197023132 140.4466666666667 24
1747197023150 147.92666666666668 24
1747197023167 155.62666666666667 24
1747197023183 163.54666666666668 24
1747197023200 171.68666666666667 24
1747197023216 175.40222222222226 24
1747197023233 179.21555555555557 24
1747197023250 183.1266666666667 24
1747197023268 187.13555555555558 24
1747197023283 190.72888888888892 24
1747197023301 193.88222222222228 24
1747197023317 197.1088888888889 24
1747197023333 200.40888888888892 24
1747197023350 203.78222222222226 24
1747197023367 207.22888888888892 24
1747197023384 210.74888888888893 24
1747197023400 214.34222222222223 24
1747197023418 218.00888888888892 24
1747197023434 221.7488888888889 24
1747197023453 225.56222222222226 24
1747197023468 229.44888888888892 24
1747197023485 233.40888888888892 24
1747197023503 237.44222222222226 24
1747197023518 241.5488888888889 24
1747197023535 245.7288888888889 24
1747197023555 249.98222222222222 24
1747197023571 254.30888888888887 24
1747197023586 256.50888888888886 24
1747197023604 258.74555555555554 24
1747197023620 261.0188888888889 24
1747197023636 263.3288888888889 24
1747197023654 265.67555555555555 24
1747197023670 266.47 24
1747197023685 267.2766666666667 24
1747197023705 268.09555555555556 24
1747197023719 268.9266666666667 24
1747197023736 269.77000000000004 24
1747197023753 270.62555555555554 24
1747197023770 271.49333333333334 24
1747197023786 272.37333333333333 24
1747197023803 273.2655555555556 24
1747197023820 274.17 24
1747197023837 275.0866666666667 24
1747197023854 276.0155555555556 24
1747197024073 0.36666666666666664 25
1747197024094 1.102222222222222 25
1747197024114 2.2088888888888887 25
1747197024134 3.688888888888889 25
1747197024155 5.546666666666667 25
1747197024173 7.633333333333334 25
1747197024190 9.562222222222223 25
1747197024207 11.775555555555558 25
1747197024224 14.165555555555557 25
1747197024241 16.832222222222224 25
1747197024257 19.77777777777778 25
1747197024273 22.857777777777777 25
1747197024288 26.20888888888889 25
1747197024305 29.833333333333332 25
1747197024321 33.733333333333334 25
1747197024338 37.91111111111111 25
1747197024354 41.85888888888889 25
1747197024371 46.03888888888889 25
1747197024388 50.45111111111112 25
1747197024406 55.095555555555556 25
1747197024422 59.974444444444444 25
1747197024438 65.09 25
1747197024455 70.44444444444444 25
1747197024472 76.03999999999999 25
1747197024491 81.8788888888889 25
1747197024507 87.96333333333335 25
1747197024523 94.29555555555558 25
1747197024540 100.88000000000002 25
1747197024557 107.7188888888889 25
1747197024575 114.81666666666668 25
1747197024593 122.17777777777779 25
1747197024610 129.80666666666667 25
1747197024630 137.70777777777778 25
1747197024647 145.88555555555556 25
1747197024663 153.83222222222224 25
1747197024680 162.02333333333337 25
1747197024697 170.45666666666668 25
1747197024715 175.41444444444448 25
1747197024730 179.70444444444448 25
1747197024747 184.10444444444448 25
1747197024763 188.61444444444447 25
1747197024779 193.23444444444448 25
1747197024795 197.43888888888893 25
1747197024812 201.74111111111114 25
1747197024828 206.14111111111114 25
1747197024845 209.51444444444448 25
1747197024862 212.96111111111114 25
1747197024878 216.48111111111115 25
1747197024894 220.07444444444448 25
1747197024910 223.74111111111114 25
1747197024927 227.48111111111115 25
1747197024944 231.29444444444445 25
1747197024959 235.18111111111114 25
1747197024976 239.14111111111112 25
1747197024993 243.17444444444445 25
1747197025009 247.2811111111111 25
1747197025027 251.4611111111111 25
1747197025042 255.71444444444444 25
1747197025059 260.0411111111111 25
1747197025074 262.24111111111114 25
1747197025092 264.47777777777776 25
1747197025110 266.7511111111111 25
1747197025126 269.0611111111111 25
1747197025144 271.40777777777777 25
1747197025218 272.20222222222225 25
1747197025236 273.00888888888886 25
1747197025254 273.8277777777778 25
1747197025269 274.6588888888889 25
1747197025288 275.50222222222226 25
1747197025305 276.3577777777778 25
1747197025320 277.22555555555556 25
1747197025337 278.10555555555555 25
1747197025354 278.99777777777774 25
1747197025372 279.90222222222224 25
1747197025398 280.8188888888889 25
1747197025417 281.74777777777774 25
1747197025652 0.36666666666666664 26
1747197025675 1.0999999999999999 26
1747197025696 2.2 26
1747197025718 3.666666666666667 26
1747197025742 5.5 26
1747197025765 7.553333333333333 26
1747197025786 9.52111111111111 26
1747197025803 11.770000000000001 26
1747197025823 14.3 26
1747197025844 17.11111111111111 26
1747197025862 20.203333333333333 26
1747197025879 23.283333333333335 26
1747197025897 26.62 26
1747197025915 30.21333333333333 26
1747197025931 33.696666666666665 26
1747197025948 37.412222222222226 26
1747197025965 41.36 26
1747197025985 45.54 26
1747197026002 49.952222222222225 26
1747197026018 54.59666666666667 26
1747197026034 59.473333333333336 26
1747197026050 64.58222222222223 26
1747197026065 69.92333333333335 26
1747197026084 75.49666666666667 26
1747197026100 81.30222222222223 26
1747197026117 87.34 26
1747197026133 93.61000000000003 26
1747197026150 100.11222222222224 26
1747197026167 106.84666666666668 26
1747197026184 113.81333333333335 26
1747197026201 121.01222222222223 26
1747197026218 128.44333333333336 26
1747197026236 136.10666666666668 26
1747197026253 144.00222222222223 26
1747197026270 152.13000000000002 26
1747197026287 160.49000000000004 26
1747197026303 169.08222222222224 26
1747197026319 174.19111111111116 26
1747197026338 179.4344444444445 26
1747197026357 184.81222222222226 26
1747197026376 190.32444444444448 26
1747197026393 195.97111111111113 26
1747197026410 201.75222222222226 26
1747197026427 207.13000000000002 26
1747197026443 212.63000000000002 26
1747197026461 217.69000000000003 26
1747197026478 222.86000000000004 26
1747197026497 228.14000000000004 26
1747197026513 233.53000000000006 26
1747197026530 238.41888888888892 26
1747197026547 243.4055555555556 26
1747197026565 248.49000000000004 26
1747197026583 253.67222222222227 26
1747197026598 258.95222222222225 26
1747197026616 264.33000000000004 26
1747197026633 269.80555555555554 26
1747197026650 275.37888888888887 26
1747197026666 281.05 26
1747197026683 286.81888888888886 26
1747197026700 289.01888888888885 26
1747197026717 291.25555555555553 26
1747197026735 293.5288888888889 26
1747197026750 295.83888888888885 26
1747197026767 298.18555555555554 26
1747197026783 298.97999999999996 26
1747197026799 299.7866666666667 26
1747197026816 300.60555555555555 26
1747197026834 301.43666666666667 26
1747197026852 302.28 26
1747197026870 303.1355555555555 26
1747197026887 304.00333333333333 26
1747197026903 304.8833333333333 26
1747197026919 305.77555555555557 26
1747197026935 306.68 26
1747197026952 307.59666666666664 26
1747197026968 308.52555555555557 26
1747197027224 0.36666666666666664 27
1747197027245 1.102222222222222 27
1747197027267 2.2088888888888887 27
1747197027288 3.688888888888889 27
1747197027308 5.5488888888888885 27
1747197027327 7.571111111111111 27
1747197027345 9.504444444444443 27
1747197027362 11.715555555555557 27
1747197027379 14.094444444444443 27
1747197027396 16.73888888888889 27
1747197027412 19.651111111111113 27
1747197027428 22.644444444444446 27
1747197027445 25.884444444444444 27
1747197027462 29.371111111111112 27
1747197027483 32.92111111111111 27
1747197027502 36.705555555555556 27
1747197027518 40.724444444444444 27
1747197027533 44.97777777777778 27
1747197027550 49.233333333333334 27
1747197027566 53.71111111111111 27
1747197027584 58.413333333333334 27
1747197027601 63.34222222222222 27
1747197027616 68.5 27
1747197027633 73.88888888888889 27
1747197027648 79.51111111111112 27
1747197027665 85.05111111111113 27
1747197027684 90.33111111111113 27
1747197027700 95.80666666666669 27
1747197027716 101.4777777777778 27
1747197027733 107.34444444444446 27
1747197027753 113.4066666666667 27
1747197027784 119.66444444444446 27
1747197027802 126.11777777777779 27
1747197027820 132.76666666666668 27
1747197027836 139.61111111111114 27
1747197027852 146.65111111111113 27
1747197027868 153.88666666666668 27
1747197027885 158.0666666666667 27
1747197027903 162.35666666666668 27
1747197027921 166.7566666666667 27
1747197027936 171.2666666666667 27
1747197027954 175.8866666666667 27
1747197027971 180.6166666666667 27
1747197027989 185.45666666666668 27
1747197028004 190.4066666666667 27
1747197028018 194.90444444444447 27
1747197028036 199.50000000000003 27
1747197028052 204.1955555555556 27
1747197028067 208.99333333333337 27
1747197028084 213.27111111111114 27
1747197028100 217.63444444444445 27
1747197028116 222.08333333333337 27
1747197028133 226.6177777777778 27
1747197028148 231.2377777777778 27
1747197028166 235.94333333333333 27
1747197028181 240.73444444444445 27
1747197028198 245.61111111111111 27
1747197028214 250.57333333333332 27
1747197028230 255.6211111111111 27
1747197028250 258.5544444444444 27
1747197028264 261.53666666666663 27
1747197028282 264.56777777777774 27
1747197028300 267.6477777777778 27
1747197028316 270.7766666666667 27
1747197028333 272.36555555555555 27
1747197028350 273.9788888888889 27
1747197028367 275.6166666666667 27
1747197028384 277.2788888888889 27
1747197028400 278.96555555555557 27
1747197028416 280.6766666666666 27
1747197028434 282.4122222222222 27
1747197028453 284.1722222222222 27
1747197028468 285.9566666666667 27
1747197028486 287.7655555555556 27
1747197028501 289.5988888888889 27
1747197028518 291.4566666666667 27
1747197028535 292.3977777777778 27
1747197028550 293.3511111111111 27
1747197028567 294.31666666666666 27
1747197028585 295.2944444444445 27
1747197028606 296.28444444444443 27
1747197028620 297.2866666666667 27
1747197028634 298.3011111111111 27
1747197028652 299.3277777777778 27
1747197028668 300.3666666666667 27
1747197028686 301.41777777777776 27
1747197028703 302.4811111111111 27
1747197028718 303.5566666666667 27
1747197028735 304.64444444444445 27
1747197028752 305.74444444444447 27
1747197028767 306.8566666666667 27
1747197028784 307.9811111111111 27
1747197028800 309.11777777777775 27
1747197028816 310.26666666666665 27
1747197028833 311.4277777777778 27
1747197028852 312.60333333333335 27
1747197029072 0.36666666666666664 28
1747197029094 1.0999999999999999 28
1747197029122 2.2022222222222227 28
1747197029148 3.675555555555556 28
1747197029169 5.461111111111111 28
1747197029189 7.3677777777777775 28
1747197029208 8.993333333333334 28
1747197029227 10.851111111111113 28
1747197029248 12.831111111111111 28
1747197029267 15.03111111111111 28
1747197029284 17.451111111111114 28
1747197029300 20.09111111111111 28
1747197029316 22.95111111111111 28
1747197029333 26.03111111111111 28
1747197029350 29.33111111111111 28
1747197029366 32.85111111111111 28
1747197029383 36.38333333333333 28
1747197029402 40.123333333333335 28
1747197029419 44.071111111111115 28
1747197029434 48.22666666666667 28
1747197029451 52.59 28
1747197029469 57.16111111111111 28
1747197029487 61.940000000000005 28
1747197029508 66.92666666666666 28
1747197029525 72.1211111111111 28
1747197029542 77.52333333333334 28
1747197029558 83.13333333333335 28
1747197029575 88.95111111111113 28
1747197029592 94.97666666666669 28
1747197029608 101.21000000000002 28
1747197029627 107.65111111111112 28
1747197029643 114.30000000000001 28
1747197029664 121.15666666666668 28
1747197029685 128.22111111111113 28
1747197029712 135.49333333333337 28
1747197029731 142.97333333333336 28
1747197029748 150.66111111111113 28
1747197029764 156.23444444444445 28
1747197029781 161.95444444444448 28
1747197029799 167.82111111111115 28
1747197029814 173.3333333333334 28
1747197029831 178.98000000000005 28
1747197029847 184.76111111111112 28
1747197029864 190.6766666666667 28
1747197029881 196.72666666666672 28
1747197029900 202.91111111111113 28
1747197029917 209.23000000000005 28
1747197029933 215.6833333333334 28
1747197029950 222.27111111111114 28
1747197029970 227.77111111111114 28
1747197029986 233.38111111111115 28
1747197030003 239.10111111111112 28
1747197030018 244.93111111111114 28
1747197030035 250.87111111111113 28
1747197030051 256.9211111111111 28
1747197030068 263.0811111111111 28
1747197030086 269.3511111111111 28
1747197030103 275.7311111111111 28
1747197030118 282.2211111111111 28
1747197030137 284.4211111111111 28
1747197030154 286.65777777777777 28
1747197030169 288.9311111111111 28
1747197030185 291.24111111111114 28
