1747196992188 1.0 1
1747196992214 2.0 1
1747196992242 3.0 1
1747196992266 4.0 1
1747196992295 5.0 1
1747196992315 6.0 1
1747196992332 7.0 1
1747196992350 8.0 1
1747196992366 9.0 1
1747196992385 10.0 1
1747196992399 11.0 1
1747196992416 12.0 1
1747196992437 13.0 1
1747196992456 14.0 1
1747196992470 15.0 1
1747196992486 16.0 1
1747196992503 17.0 1
1747196992521 18.0 1
1747196992537 19.0 1
1747196992554 20.0 1
1747196992570 21.0 1
1747196992587 22.0 1
1747196992603 23.0 1
1747196992622 24.0 1
1747196992638 25.0 1
1747196992655 26.0 1
1747196992673 27.0 1
1747196992690 28.0 1
1747196992705 29.0 1
1747196992724 30.0 1
1747196992738 31.0 1
1747196992754 32.0 1
1747196992770 33.0 1
1747196992787 34.0 1
1747196992804 35.0 1
1747196992820 36.0 1
1747196992838 37.0 1
1747196993099 1.0 2
1747196993125 2.0 2
1747196993156 3.0 2
1747196993183 4.0 2
1747196993209 5.0 2
1747196993235 6.0 2
1747196993255 7.0 2
1747196993282 8.0 2
1747196993300 9.0 2
1747196993316 10.0 2
1747196993335 11.0 2
1747196993353 12.0 2
1747196993370 13.0 2
1747196993389 14.0 2
1747196993406 15.0 2
1747196993423 16.0 2
1747196993441 17.0 2
1747196993463 18.0 2
1747196993482 19.0 2
1747196993504 20.0 2
1747196993520 21.0 2
1747196993541 22.0 2
1747196993559 23.0 2
1747196993576 24.0 2
1747196993595 25.0 2
1747196993616 26.0 2
1747196993633 27.0 2
1747196993650 28.0 2
1747196993669 29.0 2
1747196993687 30.0 2
1747196993717 31.0 2
1747196993734 32.0 2
1747196993751 33.0 2
1747196993768 34.0 2
1747196993784 35.0 2
1747196993801 36.0 2
1747196993819 37.0 2
1747196994041 1.0 3
1747196994065 2.0 3
1747196994085 3.0 3
1747196994106 4.0 3
1747196994126 5.0 3
1747196994172 6.0 3
1747196994193 7.0 3
1747196994217 8.0 3
1747196994240 9.0 3
1747196994261 10.0 3
1747196994277 11.0 3
1747196994298 12.0 3
1747196994315 13.0 3
1747196994334 14.0 3
1747196994351 15.0 3
1747196994368 16.0 3
1747196994385 17.0 3
1747196994404 18.0 3
1747196994422 19.0 3
1747196994440 20.0 3
1747196994457 21.0 3
1747196994476 22.0 3
1747196994502 23.0 3
1747196994517 24.0 3
1747196994534 25.0 3
1747196994548 26.0 3
1747196994565 27.0 3
1747196994583 28.0 3
1747196994600 29.0 3
1747196994617 30.0 3
1747196994634 31.0 3
1747196994648 32.0 3
1747196994666 33.0 3
1747196994684 34.0 3
1747196994702 35.0 3
1747196994719 36.0 3
1747196994735 37.0 3
1747196994752 38.0 3
1747196994769 39.0 3
1747196994786 40.0 3
1747196994803 41.0 3
1747196994820 42.0 3
1747196994838 43.0 3
1747196994855 44.0 3
1747196994873 45.0 3
1747196994891 46.0 3
1747196994907 47.0 3
1747196994924 48.0 3
1747196994940 49.0 3
1747196995164 1.0 4
1747196995186 2.0 4
1747196995210 3.0 4
1747196995230 4.0 4
1747196995252 5.0 4
1747196995271 6.0 4
1747196995290 7.0 4
1747196995308 8.0 4
1747196995328 9.0 4
1747196995347 10.0 4
1747196995365 11.0 4
1747196995381 12.0 4
1747196995399 13.0 4
1747196995417 14.0 4
1747196995434 15.0 4
1747196995452 16.0 4
1747196995468 17.0 4
1747196995485 18.0 4
1747196995503 19.0 4
1747196995521 20.0 4
1747196995538 21.0 4
1747196995556 22.0 4
1747196995575 23.0 4
1747196995592 24.0 4
1747196995612 25.0 4
1747196995630 26.0 4
1747196995646 27.0 4
1747196995663 28.0 4
1747196995678 29.0 4
1747196995697 30.0 4
1747196995713 31.0 4
1747196995728 32.0 4
1747196995747 33.0 4
1747196995763 34.0 4
1747196995780 35.0 4
1747196995798 36.0 4
1747196995816 37.0 4
1747196995832 38.0 4
1747196995849 39.0 4
1747196995866 40.0 4
1747196995883 41.0 4
1747196995898 42.0 4
1747196995915 43.0 4
1747196995933 44.0 4
1747196995948 45.0 4
1747196995965 46.0 4
1747196995981 47.0 4
1747196995998 48.0 4
1747196996014 49.0 4
1747196996230 1.0 5
1747196996252 2.0 5
1747196996280 3.0 5
1747196996302 4.0 5
1747196996323 5.0 5
1747196996342 6.0 5
1747196996362 7.0 5
1747196996381 8.0 5
1747196996398 9.0 5
1747196996418 10.0 5
1747196996436 11.0 5
1747196996454 12.0 5
1747196996471 13.0 5
1747196996490 14.0 5
1747196996508 15.0 5
1747196996524 16.0 5
1747196996541 17.0 5
1747196996558 18.0 5
1747196996574 19.0 5
1747196996590 20.0 5
1747196996605 21.0 5
1747196996621 22.0 5
1747196996637 23.0 5
1747196996654 24.0 5
1747196996670 25.0 5
1747196996688 26.0 5
1747196996706 27.0 5
1747196996721 28.0 5
1747196996737 29.0 5
1747196996754 30.0 5
1747196996770 31.0 5
1747196996787 32.0 5
1747196996802 33.0 5
1747196996820 34.0 5
1747196996837 35.0 5
1747196996852 36.0 5
1747196996872 37.0 5
1747196996888 38.0 5
1747196996905 39.0 5
1747196996922 40.0 5
1747196996940 41.0 5
1747196996958 42.0 5
1747196996975 43.0 5
1747196996991 44.0 5
1747196997008 45.0 5
1747196997024 46.0 5
1747196997041 47.0 5
1747196997058 48.0 5
1747196997075 49.0 5
1747196997294 1.0 6
1747196997315 2.0 6
1747196997336 3.0 6
1747196997356 4.0 6
1747196997376 5.0 6
1747196997395 6.0 6
1747196997412 7.0 6
1747196997430 8.0 6
1747196997446 9.0 6
1747196997462 10.0 6
1747196997480 11.0 6
1747196997496 12.0 6
1747196997514 13.0 6
1747196997530 14.0 6
1747196997546 15.0 6
1747196997562 16.0 6
1747196997579 17.0 6
1747196997595 18.0 6
1747196997612 19.0 6
1747196997629 20.0 6
1747196997645 21.0 6
1747196997662 22.0 6
1747196997679 23.0 6
1747196997696 24.0 6
1747196997712 25.0 6
1747196997729 26.0 6
1747196997745 27.0 6
1747196997762 28.0 6
1747196997780 29.0 6
1747196997795 30.0 6
1747196997812 31.0 6
1747196997828 32.0 6
1747196997845 33.0 6
1747196997862 34.0 6
1747196997878 35.0 6
1747196997896 36.0 6
1747196997912 37.0 6
1747196997928 38.0 6
1747196997945 39.0 6
1747196997962 40.0 6
1747196997979 41.0 6
1747196997994 42.0 6
1747196998011 43.0 6
1747196998027 44.0 6
1747196998044 45.0 6
1747196998060 46.0 6
1747196998077 47.0 6
1747196998093 48.0 6
1747196998110 49.0 6
1747196998126 50.0 6
1747196998143 51.0 6
1747196998160 52.0 6
1747196998175 53.0 6
1747196998193 54.0 6
1747196998208 55.0 6
1747196998224 56.0 6
1747196998245 57.0 6
1747196998261 58.0 6
1747196998276 59.0 6
1747196998488 1.0 7
1747196998510 2.0 7
1747196998530 3.0 7
1747196998550 4.0 7
1747196998570 5.0 7
1747196998589 6.0 7
1747196998608 7.0 7
1747196998628 8.0 7
1747196998648 9.0 7
1747196998666 10.0 7
1747196998684 11.0 7
1747196998701 12.0 7
1747196998717 13.0 7
1747196998735 14.0 7
1747196998752 15.0 7
1747196998770 16.0 7
1747196998785 17.0 7
1747196998802 18.0 7
1747196998818 19.0 7
1747196998835 20.0 7
1747196998852 21.0 7
1747196998869 22.0 7
1747196998886 23.0 7
1747196998902 24.0 7
1747196998918 25.0 7
1747196998934 26.0 7
1747196998950 27.0 7
1747196998968 28.0 7
1747196998984 29.0 7
1747196998998 30.0 7
1747196999015 31.0 7
1747196999032 32.0 7
1747196999048 33.0 7
1747196999064 34.0 7
1747196999080 35.0 7
1747196999097 36.0 7
1747196999113 37.0 7
1747196999130 38.0 7
1747196999151 39.0 7
1747196999161 40.0 7
1747196999178 41.0 7
1747196999194 42.0 7
1747196999210 43.0 7
1747196999225 44.0 7
1747196999242 45.0 7
1747196999260 46.0 7
1747196999276 47.0 7
1747196999292 48.0 7
1747196999309 49.0 7
1747196999327 50.0 7
1747196999344 51.0 7
1747196999360 52.0 7
1747196999377 53.0 7
1747196999393 54.0 7
1747196999410 55.0 7
1747196999426 56.0 7
1747196999442 57.0 7
1747196999457 58.0 7
1747196999474 59.0 7
1747196999492 60.0 7
1747196999509 61.0 7
1747196999524 62.0 7
1747196999541 63.0 7
1747196999750 1.0 8
1747196999770 2.0 8
1747196999790 3.0 8
1747196999810 4.0 8
1747196999828 5.0 8
1747196999847 6.0 8
1747196999865 7.0 8
1747196999882 8.0 8
1747196999902 9.0 8
1747196999923 10.0 8
1747196999941 11.0 8
1747196999962 12.0 8
1747196999978 13.0 8
1747196999996 14.0 8
1747197000014 15.0 8
1747197000032 16.0 8
1747197000052 17.0 8
1747197000068 18.0 8
1747197000085 19.0 8
1747197000102 20.0 8
1747197000117 21.0 8
1747197000134 22.0 8
1747197000151 23.0 8
1747197000167 24.0 8
1747197000186 25.0 8
1747197000201 26.0 8
1747197000218 27.0 8
1747197000234 28.0 8
1747197000250 29.0 8
1747197000265 30.0 8
1747197000285 31.0 8
1747197000304 32.0 8
1747197000323 33.0 8
1747197000338 34.0 8
1747197000354 35.0 8
1747197000372 36.0 8
1747197000389 37.0 8
1747197000407 38.0 8
1747197000424 39.0 8
1747197000440 40.0 8
1747197000457 41.0 8
1747197000474 42.0 8
1747197000491 43.0 8
1747197000509 44.0 8
1747197000523 45.0 8
1747197000540 46.0 8
1747197000557 47.0 8
1747197000575 48.0 8
1747197000592 49.0 8
1747197000608 50.0 8
1747197000625 51.0 8
1747197000640 52.0 8
1747197000658 53.0 8
1747197000674 54.0 8
1747197000691 55.0 8
1747197000708 56.0 8
1747197000724 57.0 8
1747197000741 58.0 8
1747197000757 59.0 8
1747197000775 60.0 8
1747197000792 61.0 8
1747197000810 62.0 8
1747197000826 63.0 8
1747197001054 1.0 9
1747197001073 2.0 9
1747197001092 3.0 9
1747197001112 4.0 9
1747197001130 5.0 9
1747197001148 6.0 9
1747197001164 7.0 9
1747197001180 8.0 9
1747197001197 9.0 9
1747197001214 10.0 9
1747197001232 11.0 9
1747197001249 12.0 9
1747197001265 13.0 9
1747197001284 14.0 9
1747197001301 15.0 9
1747197001318 16.0 9
1747197001334 17.0 9
1747197001350 18.0 9
1747197001366 19.0 9
1747197001383 20.0 9
1747197001398 21.0 9
1747197001414 22.0 9
1747197001431 23.0 9
1747197001448 24.0 9
1747197001465 25.0 9
1747197001482 26.0 9
1747197001498 27.0 9
1747197001515 28.0 9
1747197001532 29.0 9
1747197001548 30.0 9
1747197001564 31.0 9
1747197001580 32.0 9
1747197001597 33.0 9
1747197001612 34.0 9
1747197001630 35.0 9
1747197001647 36.0 9
1747197001664 37.0 9
1747197001680 38.0 9
1747197001698 39.0 9
1747197001714 40.0 9
1747197001729 41.0 9
1747197001745 42.0 9
1747197001763 43.0 9
1747197001778 44.0 9
1747197001795 45.0 9
1747197001813 46.0 9
1747197001829 47.0 9
1747197001846 48.0 9
1747197001863 49.0 9
1747197001880 50.0 9
1747197001895 51.0 9
1747197001912 52.0 9
1747197001932 53.0 9
1747197001946 54.0 9
1747197001962 55.0 9
1747197001979 56.0 9
1747197001996 57.0 9
1747197002012 58.0 9
1747197002029 59.0 9
1747197002045 60.0 9
1747197002060 61.0 9
1747197002077 62.0 9
1747197002094 63.0 9
1747197002313 1.0 10
1747197002334 2.0 10
1747197002355 3.0 10
1747197002376 4.0 10
1747197002397 5.0 10
1747197002416 6.0 10
1747197002434 7.0 10
1747197002452 8.0 10
1747197002470 9.0 10
1747197002488 10.0 10
1747197002505 11.0 10
1747197002521 12.0 10
1747197002538 13.0 10
1747197002554 14.0 10
1747197002571 15.0 10
1747197002587 16.0 10
1747197002605 17.0 10
1747197002621 18.0 10
1747197002637 19.0 10
1747197002653 20.0 10
1747197002669 21.0 10
1747197002686 22.0 10
1747197002702 23.0 10
1747197002719 24.0 10
1747197002735 25.0 10
1747197002751 26.0 10
1747197002768 27.0 10
1747197002785 28.0 10
1747197002802 29.0 10
1747197002820 30.0 10
1747197002837 31.0 10
1747197002854 32.0 10
1747197002871 33.0 10
1747197002889 34.0 10
1747197002910 35.0 10
1747197002928 36.0 10
1747197002945 37.0 10
1747197002962 38.0 10
1747197002979 39.0 10
1747197002996 40.0 10
1747197003014 41.0 10
1747197003030 42.0 10
1747197003047 43.0 10
1747197003064 44.0 10
1747197003080 45.0 10
1747197003098 46.0 10
1747197003115 47.0 10
1747197003132 48.0 10
1747197003149 49.0 10
1747197003165 50.0 10
1747197003182 51.0 10
1747197003198 52.0 10
1747197003215 53.0 10
1747197003232 54.0 10
1747197003247 55.0 10
1747197003264 56.0 10
1747197003283 57.0 10
1747197003299 58.0 10
1747197003315 59.0 10
1747197003332 60.0 10
1747197003348 61.0 10
1747197003364 62.0 10
1747197003380 63.0 10
1747197003590 1.0 11
1747197003611 2.0 11
1747197003630 3.0 11
1747197003648 4.0 11
1747197003667 5.0 11
1747197003684 6.0 11
1747197003702 7.0 11
1747197003719 8.0 11
1747197003735 9.0 11
1747197003752 10.0 11
1747197003768 11.0 11
1747197003785 12.0 11
1747197003802 13.0 11
1747197003818 14.0 11
1747197003834 15.0 11
1747197003852 16.0 11
1747197003868 17.0 11
1747197003884 18.0 11
1747197003902 19.0 11
1747197003918 20.0 11
1747197003935 21.0 11
1747197003952 22.0 11
1747197003968 23.0 11
1747197003985 24.0 11
1747197004002 25.0 11
1747197004020 26.0 11
1747197004035 27.0 11
1747197004053 28.0 11
1747197004069 29.0 11
1747197004086 30.0 11
1747197004102 31.0 11
1747197004117 32.0 11
1747197004134 33.0 11
1747197004150 34.0 11
1747197004167 35.0 11
1747197004183 36.0 11
1747197004198 37.0 11
1747197004216 38.0 11
1747197004232 39.0 11
1747197004249 40.0 11
1747197004264 41.0 11
1747197004280 42.0 11
1747197004298 43.0 11
1747197004314 44.0 11
1747197004332 45.0 11
1747197004348 46.0 11
1747197004365 47.0 11
1747197004382 48.0 11
1747197004398 49.0 11
1747197004415 50.0 11
1747197004433 51.0 11
1747197004450 52.0 11
1747197004467 53.0 11
1747197004485 54.0 11
1747197004502 55.0 11
1747197004518 56.0 11
1747197004535 57.0 11
1747197004552 58.0 11
1747197004569 59.0 11
1747197004586 60.0 11
1747197004605 61.0 11
1747197004619 62.0 11
1747197004635 63.0 11
1747197004848 1.0 12
1747197004868 2.0 12
1747197004889 3.0 12
1747197004911 4.0 12
1747197004941 5.0 12
1747197004965 6.0 12
1747197004983 7.0 12
1747197004999 8.0 12
1747197005016 9.0 12
1747197005033 10.0 12
1747197005049 11.0 12
1747197005065 12.0 12
1747197005082 13.0 12
1747197005098 14.0 12
1747197005114 15.0 12
1747197005132 16.0 12
1747197005152 17.0 12
1747197005177 18.0 12
1747197005199 19.0 12
1747197005225 20.0 12
1747197005241 21.0 12
1747197005257 22.0 12
1747197005274 23.0 12
1747197005291 24.0 12
1747197005307 25.0 12
1747197005330 26.0 12
1747197005348 27.0 12
1747197005365 28.0 12
1747197005384 29.0 12
1747197005403 30.0 12
1747197005421 31.0 12
1747197005438 32.0 12
1747197005456 33.0 12
1747197005473 34.0 12
1747197005490 35.0 12
1747197005507 36.0 12
1747197005524 37.0 12
1747197005538 38.0 12
1747197005557 39.0 12
1747197005573 40.0 12
1747197005590 41.0 12
1747197005610 42.0 12
1747197005625 43.0 12
1747197005641 44.0 12
1747197005659 45.0 12
1747197005675 46.0 12
1747197005691 47.0 12
1747197005707 48.0 12
1747197005723 49.0 12
1747197005740 50.0 12
1747197005757 51.0 12
1747197005774 52.0 12
1747197005790 53.0 12
1747197005807 54.0 12
1747197005823 55.0 12
1747197005840 56.0 12
1747197005856 57.0 12
1747197005874 58.0 12
1747197005888 59.0 12
1747197005906 60.0 12
1747197005924 61.0 12
1747197005940 62.0 12
1747197005958 63.0 12
1747197006180 1.0 13
1747197006200 2.0 13
1747197006219 3.0 13
1747197006238 4.0 13
1747197006257 5.0 13
1747197006275 6.0 13
1747197006290 7.0 13
1747197006309 8.0 13
1747197006334 9.0 13
1747197006355 10.0 13
1747197006379 11.0 13
1747197006395 12.0 13
1747197006411 13.0 13
1747197006428 14.0 13
1747197006445 15.0 13
1747197006462 16.0 13
1747197006479 17.0 13
1747197006496 18.0 13
1747197006512 19.0 13
1747197006529 20.0 13
1747197006545 21.0 13
1747197006560 22.0 13
1747197006577 23.0 13
1747197006593 24.0 13
1747197006610 25.0 13
1747197006628 26.0 13
1747197006644 27.0 13
1747197006660 28.0 13
1747197006677 29.0 13
1747197006693 30.0 13
1747197006708 31.0 13
1747197006727 32.0 13
1747197006744 33.0 13
1747197006760 34.0 13
1747197006778 35.0 13
1747197006795 36.0 13
1747197006812 37.0 13
1747197006829 38.0 13
1747197006846 39.0 13
1747197006862 40.0 13
1747197006879 41.0 13
1747197006896 42.0 13
1747197006916 43.0 13
1747197006929 44.0 13
1747197006947 45.0 13
1747197006963 46.0 13
1747197006980 47.0 13
1747197006997 48.0 13
1747197007012 49.0 13
1747197007029 50.0 13
1747197007046 51.0 13
1747197007063 52.0 13
1747197007080 53.0 13
1747197007097 54.0 13
1747197007116 55.0 13
1747197007131 56.0 13
1747197007148 57.0 13
1747197007163 58.0 13
1747197007180 59.0 13
1747197007196 60.0 13
1747197007213 61.0 13
1747197007230 62.0 13
1747197007247 63.0 13
1747197007466 1.0 14
1747197007488 2.0 14
1747197007508 3.0 14
1747197007528 4.0 14
1747197007547 5.0 14
1747197007564 6.0 14
1747197007580 7.0 14
1747197007597 8.0 14
1747197007613 9.0 14
1747197007630 10.0 14
1747197007647 11.0 14
1747197007667 12.0 14
1747197007682 13.0 14
1747197007698 14.0 14
1747197007715 15.0 14
1747197007732 16.0 14
1747197007748 17.0 14
1747197007764 18.0 14
1747197007781 19.0 14
1747197007798 20.0 14
1747197007814 21.0 14
1747197007830 22.0 14
1747197007847 23.0 14
1747197007864 24.0 14
1747197007881 25.0 14
1747197007898 26.0 14
1747197007914 27.0 14
1747197007931 28.0 14
1747197007948 29.0 14
1747197007965 30.0 14
1747197007982 31.0 14
1747197007998 32.0 14
1747197008015 33.0 14
1747197008031 34.0 14
1747197008046 35.0 14
1747197008062 36.0 14
1747197008078 37.0 14
1747197008095 38.0 14
1747197008111 39.0 14
1747197008129 40.0 14
1747197008146 41.0 14
1747197008163 42.0 14
1747197008178 43.0 14
1747197008195 44.0 14
1747197008211 45.0 14
1747197008229 46.0 14
1747197008245 47.0 14
1747197008263 48.0 14
1747197008278 49.0 14
1747197008294 50.0 14
1747197008313 51.0 14
1747197008331 52.0 14
1747197008346 53.0 14
1747197008363 54.0 14
1747197008380 55.0 14
1747197008396 56.0 14
1747197008413 57.0 14
1747197008428 58.0 14
1747197008444 59.0 14
1747197008461 60.0 14
1747197008479 61.0 14
1747197008495 62.0 14
1747197008512 63.0 14
1747197008529 64.0 14
1747197008546 65.0 14
1747197008564 66.0 14
1747197008578 67.0 14
1747197008596 68.0 14
1747197008614 69.0 14
1747197008630 70.0 14
1747197008647 71.0 14
1747197008664 72.0 14
1747197008680 73.0 14
1747197008698 74.0 14
1747197008714 75.0 14
1747197008730 76.0 14
1747197008950 1.0 15
1747197008970 2.0 15
1747197008991 3.0 15
1747197009011 4.0 15
1747197009032 5.0 15
1747197009051 6.0 15
1747197009067 7.0 15
1747197009085 8.0 15
1747197009101 9.0 15
1747197009117 10.0 15
1747197009134 11.0 15
1747197009150 12.0 15
1747197009167 13.0 15
1747197009184 14.0 15
1747197009200 15.0 15
1747197009218 16.0 15
1747197009234 17.0 15
1747197009251 18.0 15
1747197009269 19.0 15
1747197009284 20.0 15
1747197009300 21.0 15
1747197009318 22.0 15
1747197009335 23.0 15
1747197009351 24.0 15
1747197009366 25.0 15
1747197009383 26.0 15
1747197009399 27.0 15
1747197009416 28.0 15
1747197009434 29.0 15
1747197009453 30.0 15
1747197009470 31.0 15
1747197009485 32.0 15
1747197009502 33.0 15
1747197009518 34.0 15
1747197009534 35.0 15
1747197009551 36.0 15
1747197009570 37.0 15
1747197009586 38.0 15
1747197009603 39.0 15
1747197009620 40.0 15
1747197009636 41.0 15
1747197009653 42.0 15
1747197009668 43.0 15
1747197009684 44.0 15
1747197009701 45.0 15
1747197009717 46.0 15
1747197009734 47.0 15
1747197009751 48.0 15
1747197009768 49.0 15
1747197009785 50.0 15
1747197009800 51.0 15
1747197009817 52.0 15
1747197009834 53.0 15
1747197009851 54.0 15
1747197009868 55.0 15
1747197009885 56.0 15
1747197009901 57.0 15
1747197009920 58.0 15
1747197009936 59.0 15
1747197009953 60.0 15
1747197009970 61.0 15
1747197009985 62.0 15
1747197010002 63.0 15
1747197010017 64.0 15
1747197010034 65.0 15
1747197010050 66.0 15
1747197010067 67.0 15
1747197010084 68.0 15
1747197010100 69.0 15
1747197010116 70.0 15
1747197010132 71.0 15
1747197010149 72.0 15
1747197010166 73.0 15
1747197010183 74.0 15
1747197010198 75.0 15
1747197010215 76.0 15
1747197010427 1.0 16
1747197010447 2.0 16
1747197010467 3.0 16
1747197010487 4.0 16
1747197010507 5.0 16
1747197010525 6.0 16
1747197010542 7.0 16
1747197010558 8.0 16
1747197010575 9.0 16
1747197010591 10.0 16
1747197010612 11.0 16
1747197010628 12.0 16
1747197010646 13.0 16
1747197010662 14.0 16
1747197010680 15.0 16
1747197010697 16.0 16
1747197010715 17.0 16
1747197010730 18.0 16
1747197010748 19.0 16
1747197010764 20.0 16
1747197010780 21.0 16
1747197010797 22.0 16
1747197010812 23.0 16
1747197010829 24.0 16
1747197010846 25.0 16
1747197010862 26.0 16
1747197010878 27.0 16
1747197010895 28.0 16
1747197010912 29.0 16
1747197010930 30.0 16
1747197010947 31.0 16
1747197010965 32.0 16
1747197010991 33.0 16
1747197011013 34.0 16
1747197011030 35.0 16
1747197011047 36.0 16
1747197011063 37.0 16
1747197011080 38.0 16
1747197011096 39.0 16
1747197011113 40.0 16
1747197011129 41.0 16
1747197011147 42.0 16
1747197011161 43.0 16
1747197011179 44.0 16
1747197011196 45.0 16
1747197011212 46.0 16
1747197011229 47.0 16
1747197011246 48.0 16
1747197011263 49.0 16
1747197011278 50.0 16
1747197011295 51.0 16
1747197011313 52.0 16
1747197011328 53.0 16
1747197011344 54.0 16
1747197011362 55.0 16
1747197011378 56.0 16
1747197011395 57.0 16
1747197011418 58.0 16
1747197011429 59.0 16
1747197011445 60.0 16
1747197011462 61.0 16
1747197011479 62.0 16
1747197011496 63.0 16
1747197011513 64.0 16
1747197011530 65.0 16
1747197011546 66.0 16
1747197011563 67.0 16
1747197011581 68.0 16
1747197011597 69.0 16
1747197011613 70.0 16
1747197011633 71.0 16
1747197011646 72.0 16
1747197011662 73.0 16
1747197011679 74.0 16
1747197011695 75.0 16
1747197011711 76.0 16
1747197011925 1.0 17
1747197011945 2.0 17
1747197011967 3.0 17
1747197011986 4.0 17
1747197012006 5.0 17
1747197012026 6.0 17
1747197012045 7.0 17
1747197012063 8.0 17
1747197012080 9.0 17
1747197012098 10.0 17
1747197012115 11.0 17
1747197012140 12.0 17
1747197012162 13.0 17
1747197012180 14.0 17
1747197012197 15.0 17
1747197012214 16.0 17
1747197012230 17.0 17
1747197012248 18.0 17
1747197012265 19.0 17
1747197012284 20.0 17
1747197012303 21.0 17
1747197012320 22.0 17
1747197012338 23.0 17
1747197012357 24.0 17
1747197012380 25.0 17
1747197012400 26.0 17
1747197012417 27.0 17
1747197012436 28.0 17
1747197012455 29.0 17
1747197012472 30.0 17
1747197012491 31.0 17
1747197012510 32.0 17
1747197012528 33.0 17
1747197012547 34.0 17
1747197012564 35.0 17
1747197012582 36.0 17
1747197012598 37.0 17
1747197012616 38.0 17
1747197012633 39.0 17
1747197012650 40.0 17
1747197012666 41.0 17
1747197012683 42.0 17
1747197012698 43.0 17
1747197012715 44.0 17
1747197012732 45.0 17
1747197012748 46.0 17
1747197012766 47.0 17
1747197012787 48.0 17
1747197012803 49.0 17
1747197012818 50.0 17
1747197012837 51.0 17
1747197012853 52.0 17
1747197012869 53.0 17
1747197012886 54.0 17
1747197012903 55.0 17
1747197012921 56.0 17
1747197012937 57.0 17
1747197012953 58.0 17
1747197012970 59.0 17
1747197012986 60.0 17
1747197013002 61.0 17
1747197013019 62.0 17
1747197013036 63.0 17
1747197013052 64.0 17
1747197013068 65.0 17
1747197013085 66.0 17
1747197013102 67.0 17
1747197013119 68.0 17
1747197013135 69.0 17
1747197013152 70.0 17
1747197013168 71.0 17
1747197013185 72.0 17
1747197013202 73.0 17
1747197013218 74.0 17
1747197013235 75.0 17
1747197013252 76.0 17
1747197013476 1.0 18
1747197013498 2.0 18
1747197013518 3.0 18
1747197013538 4.0 18
1747197013558 5.0 18
1747197013577 6.0 18
1747197013595 7.0 18
1747197013613 8.0 18
1747197013629 9.0 18
1747197013647 10.0 18
1747197013666 11.0 18
1747197013682 12.0 18
1747197013701 13.0 18
1747197013719 14.0 18
1747197013737 15.0 18
1747197013753 16.0 18
1747197013770 17.0 18
1747197013787 18.0 18
1747197013803 19.0 18
1747197013818 20.0 18
1747197013836 21.0 18
1747197013853 22.0 18
1747197013868 23.0 18
1747197013884 24.0 18
1747197013900 25.0 18
1747197013917 26.0 18
1747197013933 27.0 18
1747197013948 28.0 18
1747197013967 29.0 18
1747197013985 30.0 18
1747197014002 31.0 18
1747197014022 32.0 18
1747197014040 33.0 18
1747197014058 34.0 18
1747197014078 35.0 18
1747197014096 36.0 18
1747197014113 37.0 18
1747197014138 38.0 18
1747197014155 39.0 18
1747197014172 40.0 18
1747197014189 41.0 18
1747197014206 42.0 18
1747197014223 43.0 18
1747197014240 44.0 18
1747197014256 45.0 18
1747197014273 46.0 18
1747197014290 47.0 18
1747197014306 48.0 18
1747197014324 49.0 18
1747197014340 50.0 18
1747197014358 51.0 18
1747197014378 52.0 18
1747197014394 53.0 18
1747197014411 54.0 18
1747197014428 55.0 18
1747197014445 56.0 18
1747197014462 57.0 18
1747197014479 58.0 18
1747197014495 59.0 18
1747197014511 60.0 18
1747197014528 61.0 18
1747197014545 62.0 18
1747197014562 63.0 18
1747197014578 64.0 18
1747197014595 65.0 18
1747197014612 66.0 18
1747197014629 67.0 18
1747197014646 68.0 18
1747197014662 69.0 18
1747197014680 70.0 18
1747197014697 71.0 18
1747197014712 72.0 18
1747197014730 73.0 18
1747197014746 74.0 18
1747197014762 75.0 18
1747197014780 76.0 18
1747197014987 1.0 19
1747197015010 2.0 19
1747197015030 3.0 19
1747197015055 4.0 19
1747197015074 5.0 19
1747197015096 6.0 19
1747197015113 7.0 19
1747197015131 8.0 19
1747197015148 9.0 19
1747197015165 10.0 19
1747197015181 11.0 19
1747197015198 12.0 19
1747197015215 13.0 19
1747197015231 14.0 19
1747197015248 15.0 19
1747197015265 16.0 19
1747197015281 17.0 19
1747197015298 18.0 19
1747197015315 19.0 19
1747197015332 20.0 19
1747197015348 21.0 19
1747197015365 22.0 19
1747197015381 23.0 19
1747197015397 24.0 19
1747197015413 25.0 19
1747197015429 26.0 19
1747197015445 27.0 19
1747197015462 28.0 19
1747197015481 29.0 19
1747197015511 30.0 19
1747197015533 31.0 19
1747197015552 32.0 19
1747197015567 33.0 19
1747197015584 34.0 19
1747197015600 35.0 19
1747197015616 36.0 19
1747197015632 37.0 19
1747197015650 38.0 19
1747197015665 39.0 19
1747197015683 40.0 19
1747197015700 41.0 19
1747197015717 42.0 19
1747197015734 43.0 19
1747197015750 44.0 19
1747197015766 45.0 19
1747197015783 46.0 19
1747197015800 47.0 19
1747197015816 48.0 19
1747197015832 49.0 19
1747197015848 50.0 19
1747197015864 51.0 19
1747197015882 52.0 19
1747197015898 53.0 19
1747197015915 54.0 19
1747197015933 55.0 19
1747197015948 56.0 19
1747197015966 57.0 19
1747197015983 58.0 19
1747197015998 59.0 19
1747197016016 60.0 19
1747197016033 61.0 19
1747197016050 62.0 19
1747197016069 63.0 19
1747197016084 64.0 19
1747197016102 65.0 19
1747197016119 66.0 19
1747197016136 67.0 19
1747197016153 68.0 19
1747197016168 69.0 19
1747197016185 70.0 19
1747197016203 71.0 19
1747197016219 72.0 19
1747197016235 73.0 19
1747197016251 74.0 19
1747197016267 75.0 19
1747197016284 76.0 19
1747197016518 1.0 20
1747197016538 2.0 20
1747197016558 3.0 20
1747197016578 4.0 20
1747197016602 5.0 20
1747197016635 6.0 20
1747197016662 7.0 20
1747197016682 8.0 20
1747197016697 9.0 20
1747197016715 10.0 20
1747197016732 11.0 20
1747197016747 12.0 20
1747197016763 13.0 20
1747197016778 14.0 20
1747197016795 15.0 20
1747197016812 16.0 20
1747197016828 17.0 20
1747197016846 18.0 20
1747197016868 19.0 20
1747197016884 20.0 20
1747197016900 21.0 20
1747197016916 22.0 20
1747197016932 23.0 20
1747197016950 24.0 20
1747197016964 25.0 20
1747197016983 26.0 20
1747197017000 27.0 20
1747197017015 28.0 20
1747197017033 29.0 20
1747197017048 30.0 20
1747197017065 31.0 20
1747197017081 32.0 20
1747197017098 33.0 20
1747197017114 34.0 20
1747197017130 35.0 20
1747197017147 36.0 20
1747197017163 37.0 20
1747197017180 38.0 20
1747197017197 39.0 20
1747197017214 40.0 20
1747197017232 41.0 20
1747197017248 42.0 20
1747197017264 43.0 20
1747197017281 44.0 20
1747197017298 45.0 20
1747197017314 46.0 20
1747197017332 47.0 20
1747197017348 48.0 20
1747197017365 49.0 20
1747197017382 50.0 20
1747197017398 51.0 20
1747197017414 52.0 20
1747197017430 53.0 20
1747197017447 54.0 20
1747197017463 55.0 20
1747197017480 56.0 20
1747197017497 57.0 20
1747197017514 58.0 20
1747197017530 59.0 20
1747197017548 60.0 20
1747197017565 61.0 20
1747197017582 62.0 20
1747197017599 63.0 20
1747197017616 64.0 20
1747197017633 65.0 20
1747197017652 66.0 20
1747197017667 67.0 20
1747197017683 68.0 20
1747197017700 69.0 20
1747197017717 70.0 20
1747197017734 71.0 20
1747197017751 72.0 20
1747197017766 73.0 20
1747197017782 74.0 20
1747197017799 75.0 20
1747197017815 76.0 20
1747197018030 1.0 21
1747197018050 2.0 21
1747197018069 3.0 21
1747197018089 4.0 21
1747197018108 5.0 21
1747197018127 6.0 21
1747197018144 7.0 21
1747197018162 8.0 21
1747197018177 9.0 21
1747197018194 10.0 21
1747197018210 11.0 21
1747197018229 12.0 21
1747197018244 13.0 21
1747197018260 14.0 21
1747197018276 15.0 21
1747197018294 16.0 21
1747197018310 17.0 21
1747197018326 18.0 21
1747197018344 19.0 21
1747197018360 20.0 21
1747197018377 21.0 21
1747197018395 22.0 21
1747197018412 23.0 21
1747197018430 24.0 21
1747197018446 25.0 21
1747197018463 26.0 21
1747197018478 27.0 21
1747197018495 28.0 21
1747197018512 29.0 21
1747197018528 30.0 21
1747197018545 31.0 21
1747197018561 32.0 21
1747197018579 33.0 21
1747197018602 34.0 21
1747197018621 35.0 21
1747197018637 36.0 21
1747197018654 37.0 21
1747197018670 38.0 21
1747197018687 39.0 21
1747197018703 40.0 21
1747197018720 41.0 21
1747197018736 42.0 21
1747197018752 43.0 21
1747197018769 44.0 21
1747197018785 45.0 21
1747197018801 46.0 21
1747197018819 47.0 21
1747197018836 48.0 21
1747197018853 49.0 21
1747197018870 50.0 21
1747197018887 51.0 21
1747197018903 52.0 21
1747197018918 53.0 21
1747197018937 54.0 21
1747197018952 55.0 21
1747197018969 56.0 21
1747197018987 57.0 21
1747197019002 58.0 21
1747197019019 59.0 21
1747197019036 60.0 21
1747197019052 61.0 21
1747197019068 62.0 21
1747197019085 63.0 21
1747197019101 64.0 21
1747197019118 65.0 21
1747197019134 66.0 21
1747197019151 67.0 21
1747197019167 68.0 21
1747197019186 69.0 21
1747197019200 70.0 21
1747197019217 71.0 21
1747197019234 72.0 21
1747197019250 73.0 21
1747197019268 74.0 21
1747197019285 75.0 21
1747197019303 76.0 21
1747197019518 1.0 22
1747197019541 2.0 22
1747197019562 3.0 22
1747197019582 4.0 22
1747197019615 5.0 22
1747197019635 6.0 22
1747197019652 7.0 22
1747197019668 8.0 22
1747197019687 9.0 22
1747197019704 10.0 22
1747197019722 11.0 22
1747197019741 12.0 22
1747197019760 13.0 22
1747197019778 14.0 22
1747197019797 15.0 22
1747197019814 16.0 22
1747197019833 17.0 22
1747197019850 18.0 22
1747197019869 19.0 22
1747197019886 20.0 22
1747197019903 21.0 22
1747197019922 22.0 22
1747197019940 23.0 22
1747197019957 24.0 22
1747197019975 25.0 22
1747197019991 26.0 22
1747197020012 27.0 22
1747197020030 28.0 22
1747197020047 29.0 22
1747197020065 30.0 22
1747197020083 31.0 22
1747197020100 32.0 22
1747197020118 33.0 22
1747197020138 34.0 22
1747197020159 35.0 22
1747197020179 36.0 22
1747197020200 37.0 22
1747197020216 38.0 22
1747197020231 39.0 22
1747197020248 40.0 22
1747197020265 41.0 22
1747197020282 42.0 22
1747197020298 43.0 22
1747197020315 44.0 22
1747197020332 45.0 22
1747197020348 46.0 22
1747197020365 47.0 22
1747197020382 48.0 22
1747197020398 49.0 22
1747197020414 50.0 22
1747197020432 51.0 22
1747197020448 52.0 22
1747197020466 53.0 22
1747197020483 54.0 22
1747197020508 55.0 22
1747197020524 56.0 22
1747197020541 57.0 22
1747197020558 58.0 22
1747197020573 59.0 22
1747197020590 60.0 22
1747197020607 61.0 22
1747197020623 62.0 22
1747197020641 63.0 22
1747197020657 64.0 22
1747197020674 65.0 22
1747197020692 66.0 22
1747197020708 67.0 22
1747197020724 68.0 22
1747197020740 69.0 22
1747197020757 70.0 22
1747197020774 71.0 22
1747197020790 72.0 22
1747197020805 73.0 22
1747197020824 74.0 22
1747197020838 75.0 22
1747197020856 76.0 22
1747197021075 1.0 23
1747197021095 2.0 23
1747197021115 3.0 23
1747197021134 4.0 23
1747197021153 5.0 23
1747197021171 6.0 23
1747197021187 7.0 23
1747197021204 8.0 23
1747197021221 9.0 23
1747197021237 10.0 23
1747197021253 11.0 23
1747197021270 12.0 23
1747197021287 13.0 23
1747197021304 14.0 23
1747197021320 15.0 23
1747197021337 16.0 23
1747197021354 17.0 23
1747197021371 18.0 23
1747197021387 19.0 23
1747197021404 20.0 23
1747197021420 21.0 23
1747197021435 22.0 23
1747197021453 23.0 23
1747197021469 24.0 23
1747197021486 25.0 23
1747197021503 26.0 23
1747197021518 27.0 23
1747197021534 28.0 23
1747197021550 29.0 23
1747197021567 30.0 23
1747197021583 31.0 23
1747197021598 32.0 23
1747197021617 33.0 23
1747197021638 34.0 23
1747197021659 35.0 23
1747197021674 36.0 23
1747197021693 37.0 23
1747197021709 38.0 23
1747197021726 39.0 23
1747197021744 40.0 23
1747197021759 41.0 23
1747197021776 42.0 23
1747197021793 43.0 23
1747197021808 44.0 23
1747197021825 45.0 23
1747197021842 46.0 23
1747197021859 47.0 23
1747197021874 48.0 23
1747197021891 49.0 23
1747197021908 50.0 23
1747197021926 51.0 23
1747197021943 52.0 23
1747197021956 53.0 23
1747197021975 54.0 23
1747197021993 55.0 23
1747197022007 56.0 23
1747197022023 57.0 23
1747197022040 58.0 23
1747197022056 59.0 23
1747197022073 60.0 23
1747197022091 61.0 23
1747197022107 62.0 23
1747197022124 63.0 23
1747197022139 64.0 23
1747197022156 65.0 23
1747197022173 66.0 23
1747197022188 67.0 23
1747197022206 68.0 23
1747197022222 69.0 23
1747197022239 70.0 23
1747197022255 71.0 23
1747197022273 72.0 23
1747197022290 73.0 23
1747197022306 74.0 23
1747197022323 75.0 23
1747197022341 76.0 23
1747197022554 1.0 24
1747197022574 2.0 24
1747197022595 3.0 24
1747197022615 4.0 24
1747197022636 5.0 24
1747197022656 6.0 24
1747197022675 7.0 24
1747197022697 8.0 24
1747197022714 9.0 24
1747197022734 10.0 24
1747197022753 11.0 24
1747197022775 12.0 24
1747197022795 13.0 24
1747197022814 14.0 24
1747197022830 15.0 24
1747197022847 16.0 24
1747197022863 17.0 24
1747197022880 18.0 24
1747197022896 19.0 24
1747197022913 20.0 24
1747197022930 21.0 24
1747197022947 22.0 24
1747197022964 23.0 24
1747197022982 24.0 24
1747197022998 25.0 24
1747197023015 26.0 24
1747197023032 27.0 24
1747197023047 28.0 24
1747197023064 29.0 24
1747197023081 30.0 24
1747197023097 31.0 24
1747197023113 32.0 24
1747197023130 33.0 24
1747197023148 34.0 24
1747197023165 35.0 24
1747197023182 36.0 24
1747197023198 37.0 24
1747197023215 38.0 24
1747197023232 39.0 24
1747197023249 40.0 24
1747197023266 41.0 24
1747197023282 42.0 24
1747197023298 43.0 24
1747197023315 44.0 24
1747197023332 45.0 24
1747197023348 46.0 24
1747197023365 47.0 24
1747197023382 48.0 24
1747197023398 49.0 24
1747197023416 50.0 24
1747197023433 51.0 24
1747197023451 52.0 24
1747197023466 53.0 24
1747197023483 54.0 24
1747197023501 55.0 24
1747197023517 56.0 24
1747197023534 57.0 24
1747197023553 58.0 24
1747197023568 59.0 24
1747197023585 60.0 24
1747197023602 61.0 24
1747197023618 62.0 24
1747197023635 63.0 24
1747197023652 64.0 24
1747197023669 65.0 24
1747197023684 66.0 24
1747197023702 67.0 24
1747197023719 68.0 24
1747197023735 69.0 24
1747197023752 70.0 24
1747197023768 71.0 24
1747197023785 72.0 24
1747197023802 73.0 24
1747197023818 74.0 24
1747197023836 75.0 24
1747197023852 76.0 24
1747197024071 1.0 25
1747197024092 2.0 25
1747197024112 3.0 25
1747197024133 4.0 25
1747197024153 5.0 25
1747197024171 6.0 25
1747197024188 7.0 25
1747197024206 8.0 25
1747197024223 9.0 25
1747197024239 10.0 25
1747197024255 11.0 25
1747197024271 12.0 25
1747197024287 13.0 25
1747197024304 14.0 25
1747197024320 15.0 25
1747197024337 16.0 25
1747197024353 17.0 25
1747197024370 18.0 25
1747197024386 19.0 25
1747197024404 20.0 25
1747197024421 21.0 25
1747197024437 22.0 25
1747197024453 23.0 25
1747197024470 24.0 25
1747197024489 25.0 25
1747197024506 26.0 25
1747197024522 27.0 25
1747197024539 28.0 25
1747197024555 29.0 25
1747197024574 30.0 25
1747197024591 31.0 25
1747197024609 32.0 25
1747197024629 33.0 25
1747197024646 34.0 25
1747197024662 35.0 25
1747197024678 36.0 25
1747197024695 37.0 25
1747197024713 38.0 25
1747197024728 39.0 25
1747197024745 40.0 25
1747197024761 41.0 25
1747197024778 42.0 25
1747197024794 43.0 25
1747197024811 44.0 25
1747197024826 45.0 25
1747197024844 46.0 25
1747197024860 47.0 25
1747197024877 48.0 25
1747197024893 49.0 25
1747197024908 50.0 25
1747197024925 51.0 25
1747197024942 52.0 25
1747197024958 53.0 25
1747197024975 54.0 25
1747197024991 55.0 25
1747197025007 56.0 25
1747197025025 57.0 25
1747197025040 58.0 25
1747197025057 59.0 25
1747197025072 60.0 25
1747197025090 61.0 25
1747197025108 62.0 25
1747197025124 63.0 25
1747197025143 64.0 25
1747197025216 65.0 25
1747197025233 66.0 25
1747197025250 67.0 25
1747197025267 68.0 25
1747197025284 69.0 25
1747197025303 70.0 25
1747197025319 71.0 25
1747197025336 72.0 25
1747197025353 73.0 25
1747197025371 74.0 25
1747197025397 75.0 25
1747197025415 76.0 25
1747197025651 1.0 26
1747197025673 2.0 26
1747197025694 3.0 26
1747197025716 4.0 26
1747197025738 5.0 26
1747197025764 6.0 26
1747197025785 7.0 26
1747197025802 8.0 26
1747197025820 9.0 26
1747197025843 10.0 26
1747197025860 11.0 26
1747197025878 12.0 26
1747197025896 13.0 26
1747197025914 14.0 26
1747197025930 15.0 26
1747197025947 16.0 26
1747197025963 17.0 26
1747197025983 18.0 26
1747197026000 19.0 26
1747197026017 20.0 26
1747197026032 21.0 26
1747197026048 22.0 26
1747197026064 23.0 26
1747197026082 24.0 26
1747197026099 25.0 26
1747197026115 26.0 26
1747197026131 27.0 26
1747197026149 28.0 26
1747197026166 29.0 26
1747197026182 30.0 26
1747197026198 31.0 26
1747197026216 32.0 26
1747197026235 33.0 26
1747197026252 34.0 26
1747197026268 35.0 26
1747197026285 36.0 26
1747197026301 37.0 26
1747197026318 38.0 26
1747197026336 39.0 26
1747197026355 40.0 26
1747197026373 41.0 26
1747197026391 42.0 26
1747197026409 43.0 26
1747197026425 44.0 26
1747197026442 45.0 26
1747197026459 46.0 26
1747197026477 47.0 26
1747197026495 48.0 26
1747197026512 49.0 26
1747197026530 50.0 26
1747197026546 51.0 26
1747197026564 52.0 26
1747197026581 53.0 26
1747197026597 54.0 26
1747197026614 55.0 26
1747197026631 56.0 26
1747197026648 57.0 26
1747197026664 58.0 26
1747197026681 59.0 26
1747197026698 60.0 26
1747197026715 61.0 26
1747197026733 62.0 26
1747197026748 63.0 26
1747197026766 64.0 26
1747197026781 65.0 26
1747197026798 66.0 26
1747197026814 67.0 26
1747197026832 68.0 26
1747197026849 69.0 26
1747197026868 70.0 26
1747197026885 71.0 26
1747197026901 72.0 26
1747197026917 73.0 26
1747197026933 74.0 26
1747197026950 75.0 26
1747197026967 76.0 26
1747197027222 1.0 27
1747197027244 2.0 27
1747197027265 3.0 27
1747197027286 4.0 27
1747197027306 5.0 27
1747197027325 6.0 27
1747197027343 7.0 27
1747197027360 8.0 27
1747197027378 9.0 27
1747197027394 10.0 27
1747197027410 11.0 27
1747197027427 12.0 27
1747197027443 13.0 27
1747197027460 14.0 27
1747197027481 15.0 27
1747197027500 16.0 27
1747197027516 17.0 27
1747197027532 18.0 27
1747197027549 19.0 27
1747197027565 20.0 27
1747197027583 21.0 27
1747197027598 22.0 27
1747197027615 23.0 27
1747197027631 24.0 27
1747197027647 25.0 27
1747197027664 26.0 27
1747197027682 27.0 27
1747197027699 28.0 27
1747197027715 29.0 27
1747197027732 30.0 27
1747197027751 31.0 27
1747197027782 32.0 27
1747197027801 33.0 27
1747197027818 34.0 27
1747197027834 35.0 27
1747197027850 36.0 27
1747197027867 37.0 27
1747197027883 38.0 27
1747197027900 39.0 27
1747197027920 40.0 27
1747197027935 41.0 27
1747197027952 42.0 27
1747197027970 43.0 27
1747197027988 44.0 27
1747197028003 45.0 27
1747197028017 46.0 27
1747197028034 47.0 27
1747197028051 48.0 27
1747197028066 49.0 27
1747197028082 50.0 27
1747197028098 51.0 27
1747197028114 52.0 27
1747197028131 53.0 27
1747197028147 54.0 27
1747197028164 55.0 27
1747197028180 56.0 27
1747197028196 57.0 27
1747197028212 58.0 27
1747197028229 59.0 27
1747197028249 60.0 27
1747197028263 61.0 27
1747197028280 62.0 27
1747197028298 63.0 27
1747197028315 64.0 27
1747197028332 65.0 27
1747197028348 66.0 27
1747197028366 67.0 27
1747197028383 68.0 27
1747197028399 69.0 27
1747197028415 70.0 27
1747197028432 71.0 27
1747197028451 72.0 27
1747197028467 73.0 27
1747197028484 74.0 27
1747197028500 75.0 27
1747197028516 76.0 27
1747197028533 77.0 27
1747197028549 78.0 27
1747197028566 79.0 27
1747197028583 80.0 27
1747197028602 81.0 27
1747197028619 82.0 27
1747197028633 83.0 27
1747197028650 84.0 27
1747197028666 85.0 27
1747197028684 86.0 27
1747197028701 87.0 27
1747197028716 88.0 27
1747197028733 89.0 27
1747197028748 90.0 27
1747197028765 91.0 27
1747197028782 92.0 27
1747197028798 93.0 27
1747197028814 94.0 27
1747197028832 95.0 27
1747197028850 96.0 27
1747197029071 1.0 28
1747197029091 2.0 28
1747197029118 3.0 28
1747197029146 4.0 28
1747197029167 5.0 28
1747197029187 6.0 28
1747197029206 7.0 28
1747197029226 8.0 28
1747197029246 9.0 28
1747197029265 10.0 28
1747197029282 11.0 28
1747197029298 12.0 28
1747197029314 13.0 28
1747197029331 14.0 28
1747197029348 15.0 28
1747197029365 16.0 28
1747197029381 17.0 28
1747197029400 18.0 28
1747197029418 19.0 28
1747197029433 20.0 28
1747197029450 21.0 28
1747197029467 22.0 28
1747197029484 23.0 28
1747197029506 24.0 28
1747197029523 25.0 28
1747197029540 26.0 28
1747197029557 27.0 28
1747197029574 28.0 28
1747197029590 29.0 28
1747197029607 30.0 28
1747197029624 31.0 28
1747197029642 32.0 28
1747197029662 33.0 28
1747197029683 34.0 28
1747197029710 35.0 28
1747197029728 36.0 28
1747197029747 37.0 28
1747197029762 38.0 28
1747197029779 39.0 28
1747197029796 40.0 28
1747197029812 41.0 28
1747197029830 42.0 28
1747197029845 43.0 28
1747197029863 44.0 28
1747197029879 45.0 28
1747197029897 46.0 28
1747197029915 47.0 28
1747197029932 48.0 28
1747197029949 49.0 28
1747197029968 50.0 28
1747197029984 51.0 28
1747197030001 52.0 28
1747197030016 53.0 28
1747197030033 54.0 28
1747197030050 55.0 28
1747197030067 56.0 28
1747197030084 57.0 28
1747197030101 58.0 28
1747197030117 59.0 28
1747197030135 60.0 28
1747197030152 61.0 28
1747197030167 62.0 28
1747197030183 63.0 28
