1747196992192 0.36666666666666664 1
1747196992219 1.1666666666666667 1
1747196992246 2.466666666666667 1
1747196992271 4.333333333333334 1
1747196992300 6.833333333333334 1
1747196992319 10.033333333333335 1
1747196992337 14.000000000000002 1
1747196992353 18.8 1
1747196992370 24.5 1
1747196992390 31.166666666666668 1
1747196992403 38.86666666666667 1
1747196992421 47.66666666666667 1
1747196992444 57.63333333333334 1
1747196992461 68.83333333333334 1
1747196992474 81.33333333333334 1
1747196992490 95.20000000000002 1
1747196992507 95.20000000000002 1
1747196992526 95.20000000000002 1
1747196992540 95.20000000000002 1
1747196992558 95.20000000000002 1
1747196992574 95.20000000000002 1
1747196992592 95.20000000000002 1
1747196992607 101.2 1
1747196992627 110.0 1
1747196992641 119.16666666666667 1
1747196992660 128.70000000000002 1
1747196992678 138.60000000000002 1
1747196992694 148.8666666666667 1
1747196992709 159.50000000000003 1
1747196992728 170.50000000000003 1
1747196992742 181.8666666666667 1
1747196992757 193.60000000000002 1
1747196992775 205.70000000000002 1
1747196992795 218.16666666666669 1
1747196992809 231.00000000000003 1
1747196992824 244.20000000000002 1
1747196992842 257.7666666666667 1
1747196993102 0.36666666666666664 2
1747196993131 1.1666666666666667 2
1747196993160 2.466666666666667 2
1747196993187 4.333333333333334 2
1747196993214 6.833333333333334 2
1747196993238 10.033333333333335 2
1747196993260 14.000000000000002 2
1747196993285 18.8 2
1747196993303 24.5 2
1747196993320 31.166666666666668 2
1747196993338 38.86666666666667 2
1747196993356 47.66666666666667 2
1747196993372 57.63333333333334 2
1747196993393 68.83333333333334 2
1747196993410 81.33333333333334 2
1747196993426 95.20000000000002 2
1747196993445 95.20000000000002 2
1747196993465 95.20000000000002 2
1747196993488 95.20000000000002 2
1747196993508 95.20000000000002 2
1747196993524 95.20000000000002 2
1747196993544 95.20000000000002 2
1747196993562 101.2 2
1747196993582 110.0 2
1747196993601 119.16666666666667 2
1747196993618 128.70000000000002 2
1747196993637 138.60000000000002 2
1747196993655 148.8666666666667 2
1747196993672 159.50000000000003 2
1747196993702 170.50000000000003 2
1747196993721 181.8666666666667 2
1747196993737 193.60000000000002 2
1747196993754 205.70000000000002 2
1747196993771 218.16666666666669 2
1747196993787 231.00000000000003 2
1747196993805 244.20000000000002 2
1747196993822 257.7666666666667 2
1747196994044 0.36666666666666664 3
1747196994068 1.1666666666666667 3
1747196994088 2.466666666666667 3
1747196994109 4.333333333333334 3
1747196994129 6.833333333333334 3
1747196994176 10.033333333333335 3
1747196994196 14.000000000000002 3
1747196994220 18.8 3
1747196994244 24.5 3
1747196994264 31.166666666666668 3
1747196994280 38.86666666666667 3
1747196994302 47.66666666666667 3
1747196994318 57.63333333333334 3
1747196994336 68.83333333333334 3
1747196994353 81.33333333333334 3
1747196994370 95.20000000000002 3
1747196994388 95.20000000000002 3
1747196994408 95.20000000000002 3
1747196994426 95.20000000000002 3
1747196994443 96.6 3
1747196994461 107.56666666666666 3
1747196994479 118.96666666666667 3
1747196994504 130.8 3
1747196994520 143.0666666666667 3
1747196994536 155.76666666666668 3
1747196994552 168.9 3
1747196994568 182.46666666666667 3
1747196994586 182.46666666666667 3
1747196994602 182.46666666666667 3
1747196994620 182.46666666666667 3
1747196994637 182.46666666666667 3
1747196994652 193.60000000000002 3
1747196994668 205.70000000000002 3
1747196994686 218.16666666666669 3
1747196994705 231.0666666666667 3
1747196994721 244.4666666666667 3
1747196994737 258.43333333333334 3
1747196994754 271.70000000000005 3
1747196994772 286.00000000000006 3
1747196994788 300.66666666666674 3
1747196994806 315.7000000000001 3
1747196994823 331.1000000000001 3
1747196994840 346.86666666666673 3
1747196994858 363.00000000000006 3
1747196994876 379.50000000000006 3
1747196994894 396.36666666666673 3
1747196994910 413.6000000000001 3
1747196994927 431.2000000000001 3
1747196994944 449.16666666666674 3
1747196995167 0.36666666666666664 4
1747196995188 1.1666666666666667 4
1747196995212 2.466666666666667 4
1747196995232 4.333333333333334 4
1747196995254 6.833333333333334 4
1747196995274 10.033333333333335 4
1747196995293 14.000000000000002 4
1747196995311 18.8 4
1747196995332 24.5 4
1747196995350 31.166666666666668 4
1747196995367 38.86666666666667 4
1747196995384 47.66666666666667 4
1747196995401 57.63333333333334 4
1747196995420 68.83333333333334 4
1747196995436 81.33333333333334 4
1747196995454 95.20000000000002 4
1747196995471 95.20000000000002 4
1747196995488 95.20000000000002 4
1747196995506 98.33333333333334 4
1747196995524 109.4 4
1747196995541 121.36666666666667 4
1747196995560 134.3 4
1747196995578 148.26666666666668 4
1747196995595 148.26666666666668 4
1747196995616 148.26666666666668 4
1747196995633 148.26666666666668 4
1747196995648 148.26666666666668 4
1747196995666 148.8666666666667 4
1747196995682 159.50000000000003 4
1747196995699 170.50000000000003 4
1747196995715 181.8666666666667 4
1747196995732 193.60000000000002 4
1747196995749 205.70000000000002 4
1747196995766 218.16666666666669 4
1747196995784 231.0666666666667 4
1747196995802 244.4666666666667 4
1747196995818 258.43333333333334 4
1747196995834 271.70000000000005 4
1747196995852 286.00000000000006 4
1747196995868 300.66666666666674 4
1747196995886 315.7000000000001 4
1747196995902 331.1000000000001 4
1747196995918 346.86666666666673 4
1747196995936 363.00000000000006 4
1747196995951 379.50000000000006 4
1747196995968 396.36666666666673 4
1747196995984 413.6000000000001 4
1747196996000 431.2000000000001 4
1747196996016 449.16666666666674 4
1747196996233 0.36666666666666664 5
1747196996254 1.1666666666666667 5
1747196996283 2.466666666666667 5
1747196996305 4.333333333333334 5
1747196996326 6.833333333333334 5
1747196996345 10.033333333333335 5
1747196996365 14.000000000000002 5
1747196996384 18.8 5
1747196996401 24.5 5
1747196996421 31.166666666666668 5
1747196996439 38.86666666666667 5
1747196996457 47.66666666666667 5
1747196996474 57.63333333333334 5
1747196996493 68.83333333333334 5
1747196996511 81.33333333333334 5
1747196996526 95.20000000000002 5
1747196996544 95.20000000000002 5
1747196996560 95.20000000000002 5
1747196996577 95.20000000000002 5
1747196996593 95.20000000000002 5
1747196996609 95.20000000000002 5
1747196996624 95.20000000000002 5
1747196996640 101.2 5
1747196996656 110.06666666666666 5
1747196996674 119.43333333333334 5
1747196996690 129.36666666666667 5
1747196996708 139.93333333333334 5
1747196996724 151.20000000000002 5
1747196996740 159.50000000000003 5
1747196996757 170.50000000000003 5
1747196996773 181.8666666666667 5
1747196996790 193.60000000000002 5
1747196996805 205.70000000000002 5
1747196996823 218.16666666666669 5
1747196996840 231.0666666666667 5
1747196996856 244.4666666666667 5
1747196996875 258.43333333333334 5
1747196996892 271.70000000000005 5
1747196996910 286.00000000000006 5
1747196996927 300.66666666666674 5
1747196996943 315.7000000000001 5
1747196996961 331.1000000000001 5
1747196996979 346.86666666666673 5
1747196996994 363.00000000000006 5
1747196997010 379.50000000000006 5
1747196997027 396.36666666666673 5
1747196997045 413.6000000000001 5
1747196997061 431.2000000000001 5
1747196997078 449.16666666666674 5
1747196997297 0.36666666666666664 6
1747196997320 1.0999999999999999 6
1747196997340 2.2666666666666666 6
1747196997358 3.9333333333333336 6
1747196997378 5.7 6
1747196997398 8.1 6
1747196997415 10.933333333333334 6
1747196997432 14.2 6
1747196997449 16.566666666666666 6
1747196997465 20.433333333333334 6
1747196997483 24.866666666666667 6
1747196997500 29.933333333333334 6
1747196997516 35.7 6
1747196997532 42.233333333333334 6
1747196997548 49.6 6
1747196997564 57.86666666666667 6
1747196997581 67.1 6
1747196997598 77.36666666666666 6
1747196997615 88.6 6
1747196997631 100.73333333333332 6
1747196997648 113.69999999999999 6
1747196997665 127.43333333333332 6
1747196997681 127.43333333333332 6
1747196997698 127.43333333333332 6
1747196997715 127.43333333333332 6
1747196997731 132.3 6
1747196997749 143.66666666666669 6
1747196997765 155.53333333333336 6
1747196997783 167.83333333333337 6
1747196997798 180.5666666666667 6
1747196997815 193.73333333333335 6
1747196997831 207.33333333333334 6
1747196997848 207.33333333333334 6
1747196997865 218.16666666666669 6
1747196997881 231.0666666666667 6
1747196997898 244.4666666666667 6
1747196997915 258.43333333333334 6
1747196997932 271.70000000000005 6
1747196997948 286.00000000000006 6
1747196997966 300.66666666666674 6
1747196997981 315.7000000000001 6
1747196997998 331.1000000000001 6
1747196998014 346.86666666666673 6
1747196998030 363.00000000000006 6
1747196998047 379.50000000000006 6
1747196998063 396.36666666666673 6
1747196998079 413.6000000000001 6
1747196998096 431.2000000000001 6
1747196998113 449.16666666666674 6
1747196998129 467.50000000000006 6
1747196998147 486.20000000000005 6
1747196998163 505.2666666666667 6
1747196998178 524.7 6
1747196998196 544.5 6
1747196998212 564.6666666666666 6
1747196998230 585.1999999999999 6
1747196998251 606.0999999999999 6
1747196998265 627.3666666666666 6
1747196998278 648.9999999999999 6
1747196998490 0.36666666666666664 7
1747196998512 1.1666666666666667 7
1747196998533 2.466666666666667 7
1747196998553 4.333333333333334 7
1747196998572 6.833333333333334 7
1747196998592 10.033333333333335 7
1747196998611 14.000000000000002 7
1747196998632 18.8 7
1747196998651 24.5 7
1747196998669 31.166666666666668 7
1747196998686 38.86666666666667 7
1747196998703 47.66666666666667 7
1747196998720 57.63333333333334 7
1747196998737 68.83333333333334 7
1747196998755 81.33333333333334 7
1747196998772 95.20000000000002 7
1747196998788 95.20000000000002 7
1747196998804 95.20000000000002 7
1747196998822 95.20000000000002 7
1747196998837 95.20000000000002 7
1747196998855 95.20000000000002 7
1747196998871 95.20000000000002 7
1747196998888 101.2 7
1747196998905 110.0 7
1747196998920 119.16666666666667 7
1747196998936 128.70000000000002 7
1747196998953 138.60000000000002 7
1747196998970 148.8666666666667 7
1747196998986 159.50000000000003 7
1747196999002 170.50000000000003 7
1747196999018 181.8666666666667 7
1747196999034 193.60000000000002 7
1747196999051 205.70000000000002 7
1747196999067 218.16666666666669 7
1747196999083 231.0666666666667 7
1747196999100 244.4666666666667 7
1747196999116 258.43333333333334 7
1747196999132 271.70000000000005 7
1747196999155 286.00000000000006 7
1747196999164 300.66666666666674 7
1747196999180 315.7000000000001 7
1747196999198 331.1000000000001 7
1747196999215 346.86666666666673 7
1747196999230 363.00000000000006 7
1747196999246 379.50000000000006 7
1747196999264 396.36666666666673 7
1747196999278 413.6000000000001 7
1747196999295 431.2000000000001 7
1747196999312 449.16666666666674 7
1747196999329 467.50000000000006 7
1747196999347 486.20000000000005 7
1747196999362 505.2666666666667 7
1747196999379 524.7 7
1747196999395 544.5 7
1747196999412 564.6666666666666 7
1747196999430 585.1999999999999 7
1747196999444 606.0999999999999 7
1747196999460 627.3666666666666 7
1747196999478 648.9999999999999 7
1747196999496 670.9999999999999 7
1747196999512 693.4333333333332 7
1747196999527 716.3666666666664 7
1747196999544 739.8666666666664 7
1747196999753 0.36666666666666664 8
1747196999773 1.1666666666666667 8
1747196999793 2.466666666666667 8
1747196999812 4.333333333333334 8
1747196999832 6.833333333333334 8
1747196999850 10.033333333333335 8
1747196999867 14.000000000000002 8
1747196999886 18.8 8
1747196999906 24.5 8
1747196999926 31.166666666666668 8
1747196999944 38.86666666666667 8
1747196999964 47.66666666666667 8
1747196999981 57.63333333333334 8
1747196999999 68.83333333333334 8
1747197000017 81.33333333333334 8
1747197000036 95.20000000000002 8
1747197000054 95.20000000000002 8
1747197000072 95.20000000000002 8
1747197000088 95.20000000000002 8
1747197000104 100.86666666666666 8
1747197000120 114.23333333333332 8
1747197000137 128.63333333333333 8
1747197000154 128.63333333333333 8
1747197000170 128.63333333333333 8
1747197000188 128.63333333333333 8
1747197000204 128.70000000000002 8
1747197000221 138.60000000000002 8
1747197000236 148.8666666666667 8
1747197000252 159.50000000000003 8
1747197000268 170.50000000000003 8
1747197000288 181.8666666666667 8
1747197000309 193.60000000000002 8
1747197000326 205.70000000000002 8
1747197000343 218.16666666666669 8
1747197000358 231.00000000000003 8
1747197000375 244.20000000000002 8
1747197000393 257.7666666666667 8
1747197000410 271.70000000000005 8
1747197000427 286.00000000000006 8
1747197000444 300.66666666666674 8
1747197000460 315.76666666666677 8
1747197000477 331.3000000000001 8
1747197000494 346.86666666666673 8
1747197000513 363.00000000000006 8
1747197000526 379.50000000000006 8
1747197000543 396.36666666666673 8
1747197000560 413.6000000000001 8
1747197000578 431.2000000000001 8
1747197000595 449.16666666666674 8
1747197000612 467.50000000000006 8
1747197000628 486.20000000000005 8
1747197000643 505.2666666666667 8
1747197000661 524.7 8
1747197000677 544.5 8
1747197000693 564.6666666666666 8
1747197000711 585.1999999999999 8
1747197000727 606.0999999999999 8
1747197000743 627.3666666666666 8
1747197000760 648.9999999999999 8
1747197000777 670.9999999999999 8
1747197000795 693.4333333333332 8
1747197000814 716.3666666666664 8
1747197000831 739.8666666666664 8
1747197001057 0.36666666666666664 9
1747197001076 1.1666666666666667 9
1747197001095 2.466666666666667 9
1747197001115 4.333333333333334 9
1747197001133 6.833333333333334 9
1747197001150 10.033333333333335 9
1747197001166 13.933333333333335 9
1747197001183 13.933333333333335 9
1747197001200 16.5 9
1747197001216 20.166666666666668 9
1747197001234 24.200000000000003 9
1747197001251 28.6 9
1747197001270 33.36666666666667 9
1747197001288 38.5 9
1747197001304 44.0 9
1747197001321 49.86666666666667 9
1747197001336 56.1 9
1747197001353 62.7 9
1747197001368 69.66666666666667 9
1747197001385 77.0 9
1747197001401 84.7 9
1747197001417 92.76666666666667 9
1747197001434 101.2 9
1747197001451 110.0 9
1747197001467 119.16666666666667 9
1747197001484 128.70000000000002 9
1747197001501 138.60000000000002 9
1747197001517 148.8666666666667 9
1747197001535 159.50000000000003 9
1747197001552 170.50000000000003 9
1747197001567 181.8666666666667 9
1747197001583 193.60000000000002 9
1747197001599 205.70000000000002 9
1747197001615 218.16666666666669 9
1747197001633 231.00000000000003 9
1747197001650 244.20000000000002 9
1747197001666 257.7666666666667 9
1747197001684 271.70000000000005 9
1747197001702 286.00000000000006 9
1747197001717 300.66666666666674 9
1747197001733 315.7000000000001 9
1747197001750 331.1000000000001 9
1747197001767 346.86666666666673 9
1747197001782 363.00000000000006 9
1747197001800 379.50000000000006 9
1747197001817 396.36666666666673 9
1747197001831 413.6000000000001 9
1747197001849 431.2000000000001 9
1747197001866 449.16666666666674 9
1747197001883 467.50000000000006 9
1747197001898 486.20000000000005 9
1747197001916 505.2666666666667 9
1747197001935 524.7 9
1747197001949 544.5 9
1747197001965 564.6666666666666 9
1747197001984 585.1999999999999 9
1747197001999 606.0999999999999 9
1747197002015 627.3666666666666 9
1747197002032 648.9999999999999 9
1747197002048 670.9999999999999 9
1747197002063 693.4333333333332 9
1747197002082 716.3666666666664 9
1747197002098 739.8666666666664 9
1747197002315 0.36666666666666664 10
1747197002337 1.1666666666666667 10
1747197002357 2.466666666666667 10
1747197002379 4.333333333333334 10
1747197002399 6.833333333333334 10
1747197002418 10.033333333333335 10
1747197002437 14.000000000000002 10
1747197002454 18.8 10
1747197002473 24.5 10
1747197002490 31.166666666666668 10
1747197002507 38.86666666666667 10
1747197002524 47.6 10
1747197002541 57.43333333333334 10
1747197002558 68.43333333333334 10
1747197002574 80.66666666666667 10
1747197002591 94.2 10
1747197002608 109.10000000000001 10
1747197002624 125.43333333333334 10
1747197002640 143.26666666666668 10
1747197002656 162.66666666666669 10
1747197002671 162.66666666666669 10
1747197002688 162.66666666666669 10
1747197002705 162.66666666666669 10
1747197002722 162.66666666666669 10
1747197002738 162.66666666666669 10
1747197002754 162.66666666666669 10
1747197002771 162.66666666666669 10
1747197002788 162.66666666666669 10
1747197002805 162.66666666666669 10
1747197002822 170.50000000000003 10
1747197002839 181.8666666666667 10
1747197002858 193.60000000000002 10
1747197002874 205.70000000000002 10
1747197002894 218.16666666666669 10
1747197002913 231.00000000000003 10
1747197002931 244.20000000000002 10
1747197002948 257.7666666666667 10
1747197002965 271.70000000000005 10
1747197002981 286.00000000000006 10
1747197003000 300.66666666666674 10
1747197003017 315.7000000000001 10
1747197003033 331.1000000000001 10
1747197003049 346.86666666666673 10
1747197003066 363.00000000000006 10
1747197003083 379.50000000000006 10
1747197003100 396.36666666666673 10
1747197003117 413.6000000000001 10
1747197003135 431.2000000000001 10
1747197003151 449.16666666666674 10
1747197003168 467.50000000000006 10
1747197003186 486.20000000000005 10
1747197003200 505.2666666666667 10
1747197003218 524.7 10
1747197003235 544.5 10
1747197003252 564.6666666666666 10
1747197003267 585.1999999999999 10
1747197003290 606.0999999999999 10
1747197003302 627.3666666666666 10
1747197003319 648.9999999999999 10
1747197003335 670.9999999999999 10
1747197003350 693.4333333333332 10
1747197003366 716.3666666666664 10
1747197003383 739.8666666666664 10
1747197003593 0.36666666666666664 11
1747197003614 1.0999999999999999 11
1747197003633 2.2 11
1747197003651 3.7333333333333334 11
1747197003670 5.766666666666667 11
1747197003687 8.1 11
1747197003704 10.266666666666667 11
1747197003721 13.200000000000001 11
1747197003737 16.5 11
1747197003754 20.166666666666668 11
1747197003771 24.200000000000003 11
1747197003787 28.66666666666667 11
1747197003804 33.36666666666667 11
1747197003821 38.5 11
1747197003837 44.0 11
1747197003855 49.86666666666667 11
1747197003874 56.1 11
1747197003887 62.7 11
1747197003905 69.66666666666667 11
1747197003921 77.0 11
1747197003938 84.7 11
1747197003954 92.76666666666667 11
1747197003971 101.2 11
1747197003987 110.0 11
1747197004004 119.16666666666667 11
1747197004024 128.70000000000002 11
1747197004038 138.60000000000002 11
1747197004056 148.8666666666667 11
1747197004072 159.5666666666667 11
1747197004089 170.76666666666668 11
1747197004105 182.53333333333336 11
1747197004120 194.93333333333337 11
1747197004136 205.70000000000002 11
1747197004153 218.16666666666669 11
1747197004169 231.00000000000003 11
1747197004185 244.20000000000002 11
1747197004202 257.7666666666667 11
1747197004219 271.70000000000005 11
1747197004234 286.00000000000006 11
1747197004251 300.66666666666674 11
1747197004266 315.7000000000001 11
1747197004283 331.1000000000001 11
1747197004302 346.86666666666673 11
1747197004317 363.00000000000006 11
1747197004335 379.50000000000006 11
1747197004351 396.36666666666673 11
1747197004367 413.6000000000001 11
1747197004385 431.2000000000001 11
1747197004402 449.16666666666674 11
1747197004418 467.50000000000006 11
1747197004435 486.20000000000005 11
1747197004453 505.2666666666667 11
1747197004470 524.7 11
1747197004487 544.5 11
1747197004505 564.6666666666666 11
1747197004521 585.1999999999999 11
1747197004538 606.0999999999999 11
1747197004555 627.3666666666666 11
1747197004572 648.9999999999999 11
1747197004588 670.9999999999999 11
1747197004608 693.4333333333332 11
1747197004621 716.3666666666664 11
1747197004639 739.8666666666664 11
1747197004850 0.36666666666666664 12
1747197004872 1.1666666666666667 12
1747197004891 2.466666666666667 12
1747197004915 4.333333333333334 12
1747197004944 6.833333333333334 12
1747197004969 10.033333333333335 12
1747197004986 13.933333333333335 12
1747197005002 18.46666666666667 12
1747197005018 18.46666666666667 12
1747197005036 20.166666666666668 12
1747197005051 24.200000000000003 12
1747197005068 28.6 12
1747197005085 33.36666666666667 12
1747197005101 38.5 12
1747197005117 44.0 12
1747197005134 49.86666666666667 12
1747197005156 56.1 12
1747197005181 62.7 12
1747197005203 69.66666666666667 12
1747197005228 77.0 12
1747197005244 84.7 12
1747197005261 92.76666666666667 12
1747197005278 101.2 12
1747197005294 110.0 12
1747197005311 119.16666666666667 12
1747197005333 128.70000000000002 12
1747197005350 138.60000000000002 12
1747197005368 148.93333333333337 12
1747197005386 159.7666666666667 12
1747197005407 171.1666666666667 12
1747197005424 183.20000000000005 12
1747197005442 195.93333333333337 12
1747197005458 209.43333333333337 12
1747197005476 223.7666666666667 12
1747197005494 231.00000000000003 12
1747197005510 244.20000000000002 12
1747197005527 257.7666666666667 12
1747197005542 271.70000000000005 12
1747197005561 286.00000000000006 12
1747197005577 300.66666666666674 12
1747197005593 315.7000000000001 12
1747197005614 331.1000000000001 12
1747197005628 346.86666666666673 12
1747197005645 363.00000000000006 12
1747197005663 379.50000000000006 12
1747197005678 396.36666666666673 12
1747197005694 413.6000000000001 12
1747197005710 431.2000000000001 12
1747197005726 449.16666666666674 12
1747197005744 467.50000000000006 12
1747197005761 486.20000000000005 12
1747197005777 505.2666666666667 12
1747197005794 524.7 12
1747197005810 544.5 12
1747197005828 564.6666666666666 12
1747197005842 585.1999999999999 12
1747197005858 606.0999999999999 12
1747197005877 627.3666666666666 12
1747197005892 648.9999999999999 12
1747197005909 670.9999999999999 12
1747197005927 693.4333333333332 12
1747197005943 716.3666666666664 12
1747197005962 739.8666666666664 12
1747197006182 0.36666666666666664 13
1747197006202 1.1666666666666667 13
1747197006223 2.466666666666667 13
1747197006241 4.333333333333334 13
1747197006261 6.833333333333334 13
1747197006278 10.033333333333335 13
1747197006295 14.000000000000002 13
1747197006311 18.8 13
1747197006338 24.5 13
1747197006361 31.166666666666668 13
1747197006381 38.86666666666667 13
1747197006398 47.66666666666667 13
1747197006414 57.63333333333334 13
1747197006432 68.83333333333334 13
1747197006448 81.33333333333334 13
1747197006465 95.20000000000002 13
1747197006481 95.20000000000002 13
1747197006499 95.20000000000002 13
1747197006515 95.20000000000002 13
1747197006531 95.20000000000002 13
1747197006547 95.20000000000002 13
1747197006564 95.20000000000002 13
1747197006580 101.2 13
1747197006596 110.0 13
1747197006612 119.16666666666667 13
1747197006631 128.70000000000002 13
1747197006646 138.60000000000002 13
1747197006663 148.8666666666667 13
1747197006679 159.50000000000003 13
1747197006696 170.50000000000003 13
1747197006712 181.8666666666667 13
1747197006729 193.60000000000002 13
1747197006747 205.70000000000002 13
1747197006763 218.16666666666669 13
1747197006780 231.00000000000003 13
1747197006797 244.20000000000002 13
1747197006815 257.7666666666667 13
1747197006831 271.70000000000005 13
1747197006849 286.00000000000006 13
1747197006865 300.66666666666674 13
1747197006881 315.7000000000001 13
1747197006898 331.1000000000001 13
1747197006919 346.86666666666673 13
1747197006932 363.00000000000006 13
1747197006951 379.50000000000006 13
1747197006967 396.36666666666673 13
1747197006983 413.6000000000001 13
1747197007000 431.26666666666677 13
1747197007015 449.43333333333345 13
1747197007031 467.50000000000006 13
1747197007049 486.20000000000005 13
1747197007066 505.2666666666667 13
1747197007082 524.7 13
1747197007100 544.5 13
1747197007120 564.6666666666666 13
1747197007134 585.1999999999999 13
1747197007151 606.0999999999999 13
1747197007166 627.3666666666666 13
1747197007184 648.9999999999999 13
1747197007200 670.9999999999999 13
1747197007216 693.4333333333332 13
1747197007234 716.3666666666664 13
1747197007249 739.8666666666664 13
1747197007469 0.36666666666666664 14
1747197007491 1.0999999999999999 14
1747197007511 2.2666666666666666 14
1747197007531 3.9333333333333336 14
1747197007549 6.166666666666667 14
1747197007566 7.7 14
1747197007583 10.266666666666667 14
1747197007599 13.200000000000001 14
1747197007615 16.5 14
1747197007633 20.233333333333334 14
1747197007650 24.46666666666667 14
1747197007670 29.26666666666667 14
1747197007685 33.36666666666667 14
1747197007701 38.5 14
1747197007717 44.0 14
1747197007734 49.86666666666667 14
1747197007751 56.1 14
1747197007766 62.7 14
1747197007783 69.66666666666667 14
1747197007801 77.0 14
1747197007817 84.7 14
1747197007834 92.76666666666667 14
1747197007850 101.2 14
1747197007866 110.0 14
1747197007884 119.16666666666667 14
1747197007901 128.70000000000002 14
1747197007916 138.60000000000002 14
1747197007934 148.8666666666667 14
1747197007951 159.50000000000003 14
1747197007968 170.5666666666667 14
1747197007984 182.13333333333335 14
1747197008001 194.26666666666668 14
1747197008018 207.03333333333336 14
1747197008033 220.3666666666667 14
1747197008048 234.33333333333337 14
1747197008065 244.20000000000002 14
1747197008081 257.7666666666667 14
1747197008098 271.70000000000005 14
1747197008114 286.00000000000006 14
1747197008132 300.66666666666674 14
1747197008148 315.7000000000001 14
1747197008165 331.1000000000001 14
1747197008182 346.86666666666673 14
1747197008198 363.00000000000006 14
1747197008214 379.50000000000006 14
1747197008232 396.36666666666673 14
1747197008248 413.6000000000001 14
1747197008266 431.2000000000001 14
1747197008282 449.16666666666674 14
1747197008297 467.50000000000006 14
1747197008316 486.20000000000005 14
1747197008336 505.2666666666667 14
1747197008349 524.7 14
1747197008366 544.5 14
1747197008383 564.6666666666666 14
1747197008398 585.1999999999999 14
1747197008415 606.0999999999999 14
1747197008431 627.3666666666666 14
1747197008447 648.9999999999999 14
1747197008464 670.9999999999999 14
1747197008482 693.4333333333332 14
1747197008498 716.3666666666664 14
1747197008515 739.8666666666664 14
1747197008532 762.6666666666666 14
1747197008549 786.5 14
1747197008567 810.7 14
1747197008582 835.2666666666668 14
1747197008598 860.2 14
1747197008617 885.5 14
1747197008633 911.1666666666666 14
1747197008650 937.1999999999999 14
1747197008666 963.5999999999999 14
1747197008683 990.3666666666666 14
1747197008701 1017.4999999999999 14
1747197008716 1045.0 14
1747197008733 1072.8666666666666 14
1747197008953 0.36666666666666664 15
1747197008973 1.0999999999999999 15
1747197008993 2.2666666666666666 15
1747197009013 3.9333333333333336 15
1747197009035 6.166666666666667 15
1747197009054 7.7 15
1747197009070 10.266666666666667 15
1747197009087 13.200000000000001 15
1747197009104 16.5 15
1747197009120 20.166666666666668 15
1747197009137 24.200000000000003 15
1747197009153 28.6 15
1747197009169 33.36666666666667 15
1747197009186 38.5 15
1747197009203 44.0 15
1747197009221 49.86666666666667 15
1747197009236 56.1 15
1747197009254 62.7 15
1747197009271 69.66666666666667 15
1747197009286 77.0 15
1747197009303 84.7 15
1747197009321 92.76666666666667 15
1747197009338 101.2 15
1747197009354 110.0 15
1747197009370 119.16666666666667 15
1747197009386 128.70000000000002 15
1747197009401 138.60000000000002 15
1747197009418 148.8666666666667 15
1747197009437 159.50000000000003 15
1747197009456 170.50000000000003 15
1747197009472 181.8666666666667 15
1747197009488 193.60000000000002 15
1747197009504 205.70000000000002 15
1747197009520 218.16666666666669 15
1747197009537 231.00000000000003 15
1747197009554 244.20000000000002 15
1747197009573 257.7666666666667 15
1747197009588 271.70000000000005 15
1747197009608 286.00000000000006 15
1747197009623 300.66666666666674 15
1747197009638 315.7000000000001 15
1747197009656 331.1000000000001 15
1747197009671 346.86666666666673 15
1747197009686 363.00000000000006 15
1747197009704 379.50000000000006 15
1747197009720 396.36666666666673 15
1747197009737 413.6000000000001 15
1747197009754 431.2000000000001 15
1747197009771 449.16666666666674 15
1747197009787 467.50000000000006 15
1747197009803 486.20000000000005 15
1747197009820 505.2666666666667 15
1747197009836 524.7 15
1747197009854 544.5 15
1747197009871 564.6666666666666 15
1747197009888 585.1999999999999 15
1747197009908 606.0999999999999 15
1747197009923 627.3666666666666 15
1747197009940 648.9999999999999 15
1747197009956 670.9999999999999 15
1747197009973 693.4333333333332 15
1747197009988 716.3666666666664 15
1747197010005 739.8666666666664 15
1747197010020 762.6666666666666 15
1747197010037 786.5 15
1747197010053 810.7 15
1747197010069 835.2666666666668 15
1747197010086 860.2 15
1747197010103 885.5 15
1747197010118 911.1666666666666 15
1747197010134 937.1999999999999 15
1747197010152 963.5999999999999 15
1747197010168 990.3666666666666 15
1747197010186 1017.4999999999999 15
1747197010202 1045.0 15
1747197010218 1072.8666666666666 15
1747197010430 0.36666666666666664 16
1747197010451 1.1666666666666667 16
1747197010470 2.466666666666667 16
1747197010490 4.333333333333334 16
1747197010509 6.833333333333334 16
1747197010528 10.033333333333335 16
1747197010544 14.000000000000002 16
1747197010562 18.8 16
1747197010578 24.5 16
1747197010595 31.166666666666668 16
1747197010615 38.86666666666667 16
1747197010632 47.66666666666667 16
1747197010648 57.63333333333334 16
1747197010665 68.83333333333334 16
1747197010683 81.33333333333334 16
1747197010701 95.20000000000002 16
1747197010718 95.20000000000002 16
1747197010733 95.20000000000002 16
1747197010750 95.20000000000002 16
1747197010767 95.20000000000002 16
1747197010783 95.20000000000002 16
1747197010800 95.20000000000002 16
1747197010815 101.2 16
1747197010831 110.0 16
1747197010848 119.16666666666667 16
1747197010865 128.70000000000002 16
1747197010881 138.60000000000002 16
1747197010898 148.93333333333337 16
1747197010916 159.7666666666667 16
1747197010933 171.1666666666667 16
1747197010950 183.20000000000005 16
1747197010967 195.93333333333337 16
1747197010995 209.43333333333337 16
1747197011016 223.7666666666667 16
1747197011033 231.00000000000003 16
1747197011050 244.20000000000002 16
1747197011065 257.7666666666667 16
1747197011083 271.70000000000005 16
1747197011099 286.00000000000006 16
1747197011115 300.66666666666674 16
1747197011131 315.7000000000001 16
1747197011151 331.1000000000001 16
1747197011164 346.86666666666673 16
1747197011181 363.00000000000006 16
1747197011200 379.50000000000006 16
1747197011215 396.36666666666673 16
1747197011232 413.6000000000001 16
1747197011248 431.2000000000001 16
1747197011266 449.16666666666674 16
1747197011282 467.50000000000006 16
1747197011298 486.20000000000005 16
1747197011315 505.2666666666667 16
1747197011332 524.7 16
1747197011347 544.5 16
1747197011366 564.6666666666666 16
1747197011380 585.1999999999999 16
1747197011397 606.0999999999999 16
1747197011421 627.3666666666666 16
1747197011431 648.9999999999999 16
1747197011447 670.9999999999999 16
1747197011465 693.3666666666666 16
1747197011481 716.0999999999999 16
1747197011498 739.1999999999999 16
1747197011515 762.6666666666666 16
1747197011532 786.5 16
1747197011549 810.7 16
1747197011565 835.2666666666668 16
1747197011584 860.2 16
1747197011599 885.5 16
1747197011615 911.1666666666666 16
1747197011636 937.1999999999999 16
1747197011648 963.5999999999999 16
1747197011664 990.3666666666666 16
1747197011682 1017.4999999999999 16
1747197011698 1045.0 16
1747197011714 1072.8666666666666 16
1747197011928 0.36666666666666664 17
1747197011948 1.0999999999999999 17
1747197011969 2.2 17
1747197011989 3.7333333333333334 17
1747197012008 5.7 17
1747197012028 7.7 17
1747197012048 10.266666666666667 17
1747197012065 13.200000000000001 17
1747197012083 16.5 17
1747197012100 20.166666666666668 17
1747197012119 24.200000000000003 17
1747197012144 28.6 17
1747197012165 33.36666666666667 17
1747197012183 38.5 17
1747197012200 44.0 17
1747197012216 49.86666666666667 17
1747197012233 56.1 17
1747197012250 62.7 17
1747197012267 69.66666666666667 17
1747197012287 77.0 17
1747197012306 84.76666666666667 17
1747197012323 93.03333333333333 17
1747197012341 101.86666666666666 17
1747197012360 111.33333333333333 17
1747197012383 121.5 17
1747197012402 132.43333333333334 17
1747197012420 144.20000000000002 17
1747197012439 156.86666666666667 17
1747197012457 170.5 17
1747197012475 170.50000000000003 17
1747197012494 181.8666666666667 17
1747197012513 193.60000000000002 17
1747197012531 205.70000000000002 17
1747197012548 218.16666666666669 17
1747197012567 231.00000000000003 17
1747197012585 244.20000000000002 17
1747197012601 257.7666666666667 17
1747197012618 271.70000000000005 17
1747197012635 286.00000000000006 17
1747197012652 300.66666666666674 17
1747197012668 315.7000000000001 17
1747197012685 331.1000000000001 17
1747197012702 346.9333333333334 17
1747197012718 363.2666666666667 17
1747197012734 379.50000000000006 17
1747197012752 396.36666666666673 17
1747197012779 413.6000000000001 17
1747197012789 431.2000000000001 17
1747197012805 449.16666666666674 17
1747197012822 467.50000000000006 17
1747197012839 486.20000000000005 17
1747197012855 505.2666666666667 17
1747197012871 524.7 17
1747197012888 544.5 17
1747197012905 564.6666666666666 17
1747197012924 585.1999999999999 17
1747197012939 606.0999999999999 17
1747197012956 627.3666666666666 17
1747197012974 648.9999999999999 17
1747197012988 670.9999999999999 17
1747197013005 693.3666666666666 17
1747197013022 716.0999999999999 17
1747197013041 739.1999999999999 17
1747197013055 762.6666666666666 17
1747197013071 786.5 17
1747197013088 810.7 17
1747197013105 835.2666666666668 17
1747197013121 860.2 17
1747197013137 885.5 17
1747197013155 911.1666666666666 17
1747197013171 937.1999999999999 17
1747197013188 963.5999999999999 17
1747197013205 990.3666666666666 17
1747197013221 1017.4999999999999 17
1747197013238 1045.0 17
1747197013256 1072.8666666666666 17
1747197013478 0.36666666666666664 18
1747197013500 1.1666666666666667 18
1747197013522 2.466666666666667 18
1747197013541 4.333333333333334 18
1747197013562 6.833333333333334 18
1747197013580 10.033333333333335 18
1747197013598 13.933333333333335 18
1747197013616 18.46666666666667 18
1747197013632 18.46666666666667 18
1747197013650 20.166666666666668 18
1747197013669 24.200000000000003 18
1747197013685 28.66666666666667 18
1747197013704 33.56666666666667 18
1747197013723 38.5 18
1747197013740 44.0 18
1747197013756 49.86666666666667 18
1747197013772 56.1 18
1747197013790 62.7 18
1747197013806 69.66666666666667 18
1747197013822 77.0 18
1747197013838 84.7 18
1747197013855 92.76666666666667 18
1747197013870 101.2 18
1747197013887 110.0 18
1747197013903 119.16666666666667 18
1747197013919 128.70000000000002 18
1747197013936 138.60000000000002 18
1747197013952 148.8666666666667 18
1747197013970 159.50000000000003 18
1747197013987 170.50000000000003 18
1747197014005 181.8666666666667 18
1747197014025 193.60000000000002 18
1747197014043 205.70000000000002 18
1747197014062 218.16666666666669 18
1747197014082 231.00000000000003 18
1747197014100 244.2666666666667 18
1747197014116 257.7666666666667 18
1747197014143 271.70000000000005 18
1747197014157 286.00000000000006 18
1747197014175 300.66666666666674 18
1747197014191 315.7000000000001 18
1747197014209 331.1000000000001 18
1747197014226 346.86666666666673 18
1747197014243 363.00000000000006 18
1747197014259 379.50000000000006 18
1747197014277 396.36666666666673 18
1747197014293 413.6000000000001 18
1747197014309 431.26666666666677 18
1747197014327 449.43333333333345 18
1747197014344 467.50000000000006 18
1747197014362 486.20000000000005 18
1747197014383 505.2666666666667 18
1747197014397 524.7 18
1747197014414 544.5 18
1747197014431 564.6666666666666 18
1747197014448 585.1999999999999 18
1747197014466 606.0999999999999 18
1747197014481 627.3666666666666 18
1747197014498 648.9999999999999 18
1747197014515 670.9999999999999 18
1747197014530 693.3666666666666 18
1747197014548 716.0999999999999 18
1747197014565 739.1999999999999 18
1747197014580 762.6666666666666 18
1747197014598 786.5 18
1747197014615 810.7 18
1747197014632 835.2666666666668 18
1747197014649 860.2 18
1747197014666 885.5 18
1747197014684 911.1666666666666 18
1747197014700 937.1999999999999 18
1747197014715 963.5999999999999 18
1747197014734 990.3666666666666 18
1747197014748 1017.4999999999999 18
1747197014766 1045.0 18
1747197014782 1072.8666666666666 18
1747197014990 0.36666666666666664 19
1747197015013 1.0999999999999999 19
1747197015033 2.2666666666666666 19
1747197015058 3.9333333333333336 19
1747197015077 6.166666666666667 19
1747197015099 7.766666666666667 19
1747197015117 10.266666666666667 19
1747197015134 13.200000000000001 19
1747197015150 16.5 19
1747197015168 20.166666666666668 19
1747197015184 24.200000000000003 19
1747197015202 28.6 19
1747197015218 33.36666666666667 19
1747197015234 38.5 19
1747197015250 44.0 19
1747197015267 49.86666666666667 19
1747197015284 56.1 19
1747197015301 62.7 19
1747197015318 69.66666666666667 19
1747197015335 77.0 19
1747197015352 84.7 19
1747197015368 92.76666666666667 19
1747197015385 101.2 19
1747197015400 110.0 19
1747197015416 119.16666666666667 19
1747197015433 128.70000000000002 19
1747197015448 138.60000000000002 19
1747197015465 148.8666666666667 19
1747197015484 159.50000000000003 19
1747197015517 170.50000000000003 19
1747197015536 181.8666666666667 19
1747197015554 193.60000000000002 19
1747197015571 205.70000000000002 19
1747197015587 218.16666666666669 19
1747197015603 231.00000000000003 19
1747197015620 244.20000000000002 19
1747197015636 257.7666666666667 19
1747197015652 271.70000000000005 19
1747197015668 286.00000000000006 19
1747197015686 300.66666666666674 19
1747197015702 315.7000000000001 19
1747197015719 331.1000000000001 19
1747197015737 346.86666666666673 19
1747197015754 363.00000000000006 19
1747197015769 379.50000000000006 19
1747197015786 396.36666666666673 19
1747197015802 413.6000000000001 19
1747197015819 431.2000000000001 19
1747197015835 449.16666666666674 19
1747197015851 467.50000000000006 19
1747197015868 486.20000000000005 19
1747197015885 505.2666666666667 19
1747197015902 524.7 19
1747197015918 544.5 19
1747197015936 564.6666666666666 19
1747197015952 585.1999999999999 19
1747197015969 606.0999999999999 19
1747197015986 627.3666666666666 19
1747197016002 648.9999999999999 19
1747197016018 670.9999999999999 19
1747197016035 693.3666666666666 19
1747197016052 716.0999999999999 19
1747197016072 739.1999999999999 19
1747197016087 762.6666666666666 19
1747197016105 786.5 19
1747197016122 810.7 19
1747197016139 835.2666666666668 19
1747197016156 860.2 19
1747197016171 885.5 19
1747197016188 911.1666666666666 19
1747197016205 937.1999999999999 19
1747197016222 963.5999999999999 19
1747197016237 990.3666666666666 19
1747197016253 1017.4999999999999 19
1747197016270 1045.0 19
1747197016286 1072.8666666666666 19
1747197016520 0.36666666666666664 20
1747197016541 1.0999999999999999 20
1747197016561 2.2666666666666666 20
1747197016581 3.8666666666666667 20
1747197016606 5.9 20
1747197016639 7.7 20
1747197016666 10.266666666666667 20
1747197016685 13.200000000000001 20
1747197016701 16.566666666666666 20
1747197016719 20.433333333333334 20
1747197016735 24.866666666666667 20
1747197016750 29.933333333333334 20
1747197016766 35.7 20
1747197016782 42.233333333333334 20
1747197016797 49.6 20
1747197016814 57.86666666666667 20
1747197016831 67.1 20
1747197016850 77.36666666666666 20
1747197016871 88.73333333333332 20
1747197016887 101.19999999999999 20
1747197016902 114.69999999999999 20
1747197016918 129.16666666666666 20
1747197016935 144.53333333333333 20
1747197016953 160.73333333333332 20
1747197016968 177.7 20
1747197016985 195.36666666666665 20
1747197017003 213.66666666666666 20
1747197017018 232.53333333333333 20
1747197017035 251.9 20
1747197017052 271.7 20
1747197017068 291.93333333333334 20
1747197017084 312.6 20
1747197017100 333.70000000000005 20
1747197017117 355.2333333333334 20
1747197017133 377.20000000000005 20
1747197017150 399.6 20
1747197017166 399.6 20
1747197017183 399.6 20
1747197017201 399.6 20
1747197017218 399.6 20
1747197017234 399.6 20
1747197017252 399.6 20
1747197017268 399.6 20
1747197017284 399.6 20
1747197017301 399.6 20
1747197017317 399.6 20
1747197017335 413.6000000000001 20
1747197017352 431.2000000000001 20
1747197017369 449.16666666666674 20
1747197017386 467.50000000000006 20
1747197017401 486.20000000000005 20
1747197017416 505.2666666666667 20
1747197017433 524.7 20
1747197017451 544.5 20
1747197017465 564.6666666666666 20
1747197017483 585.1999999999999 20
1747197017501 606.0999999999999 20
1747197017517 627.3666666666666 20
1747197017533 648.9999999999999 20
1747197017550 670.9999999999999 20
1747197017567 693.3666666666666 20
1747197017585 716.0999999999999 20
1747197017603 739.1999999999999 20
1747197017619 762.6666666666666 20
1747197017636 786.5 20
1747197017657 810.7 20
1747197017672 835.2666666666668 20
1747197017687 860.2 20
1747197017702 885.5 20
1747197017720 911.1666666666666 20
1747197017737 937.1999999999999 20
1747197017753 963.5999999999999 20
1747197017768 990.3666666666666 20
1747197017785 1017.4999999999999 20
1747197017801 1045.0 20
1747197017818 1072.8666666666666 20
1747197018032 0.36666666666666664 21
1747197018052 1.0999999999999999 21
1747197018072 2.2 21
1747197018092 3.7333333333333334 21
1747197018111 5.766666666666667 21
1747197018130 7.966666666666667 21
1747197018147 10.266666666666667 21
1747197018164 13.200000000000001 21
1747197018179 16.5 21
1747197018197 20.166666666666668 21
1747197018214 24.200000000000003 21
1747197018231 28.6 21
1747197018247 33.36666666666667 21
1747197018263 38.5 21
1747197018280 44.0 21
1747197018297 49.86666666666667 21
1747197018313 56.1 21
1747197018328 62.7 21
1747197018347 69.66666666666667 21
1747197018363 77.0 21
1747197018380 84.76666666666667 21
1747197018398 93.03333333333333 21
1747197018415 101.86666666666666 21
1747197018433 111.33333333333333 21
1747197018448 121.5 21
1747197018465 132.43333333333334 21
1747197018480 144.13333333333333 21
1747197018498 156.6 21
1747197018515 169.76666666666665 21
1747197018531 183.56666666666666 21
1747197018548 197.93333333333334 21
1747197018564 212.8 21
1747197018584 228.10000000000002 21
1747197018605 243.83333333333334 21
1747197018624 260.0 21
1747197018641 276.6 21
1747197018657 276.6 21
1747197018673 276.6 21
1747197018690 291.2000000000001 21
1747197018706 306.73333333333346 21
1747197018723 322.7000000000001 21
1747197018738 339.1000000000001 21
1747197018756 346.86666666666673 21
1747197018773 363.00000000000006 21
1747197018788 379.50000000000006 21
1747197018804 396.36666666666673 21
1747197018822 413.6000000000001 21
1747197018839 431.2000000000001 21
1747197018857 449.16666666666674 21
1747197018877 467.50000000000006 21
1747197018890 486.20000000000005 21
1747197018906 505.2666666666667 21
1747197018923 524.7 21
1747197018940 544.5 21
1747197018954 564.6666666666666 21
1747197018972 585.1999999999999 21
1747197018990 606.0999999999999 21
1747197019005 627.3666666666666 21
1747197019021 648.9999999999999 21
1747197019039 670.9999999999999 21
1747197019054 693.3666666666666 21
1747197019071 716.0999999999999 21
1747197019088 739.1999999999999 21
1747197019104 762.6666666666666 21
1747197019121 786.5 21
1747197019137 810.7 21
1747197019154 835.2666666666668 21
1747197019170 860.2 21
1747197019190 885.5 21
1747197019203 911.1666666666666 21
1747197019220 937.1999999999999 21
1747197019236 963.5999999999999 21
1747197019253 990.3666666666666 21
1747197019271 1017.4999999999999 21
1747197019288 1045.0 21
1747197019305 1072.8666666666666 21
1747197019522 0.36666666666666664 22
1747197019544 1.0999999999999999 22
1747197019565 2.2 22
1747197019594 3.666666666666667 22
1747197019618 5.5 22
1747197019638 7.7 22
1747197019655 10.266666666666667 22
1747197019672 13.200000000000001 22
1747197019690 16.5 22
1747197019707 20.166666666666668 22
1747197019725 24.200000000000003 22
1747197019745 28.6 22
1747197019763 33.36666666666667 22
1747197019781 38.5 22
1747197019800 44.0 22
1747197019819 49.86666666666667 22
1747197019836 56.1 22
1747197019853 62.7 22
1747197019871 69.66666666666667 22
1747197019889 77.0 22
1747197019906 84.7 22
1747197019925 92.76666666666667 22
1747197019942 101.2 22
1747197019960 110.0 22
1747197019977 119.16666666666667 22
1747197019994 128.70000000000002 22
1747197020015 138.60000000000002 22
1747197020032 148.8666666666667 22
1747197020050 159.50000000000003 22
1747197020068 170.50000000000003 22
1747197020086 181.8666666666667 22
1747197020104 193.60000000000002 22
1747197020122 205.70000000000002 22
1747197020142 218.16666666666669 22
1747197020162 231.00000000000003 22
1747197020182 244.20000000000002 22
1747197020202 257.7666666666667 22
1747197020219 271.70000000000005 22
1747197020234 286.00000000000006 22
1747197020251 300.66666666666674 22
1747197020268 315.7000000000001 22
1747197020285 331.1000000000001 22
1747197020301 346.86666666666673 22
1747197020318 363.00000000000006 22
1747197020334 379.50000000000006 22
1747197020351 396.36666666666673 22
1747197020368 413.6000000000001 22
1747197020385 431.2000000000001 22
1747197020401 449.23333333333346 22
1747197020416 467.50000000000006 22
1747197020435 486.20000000000005 22
1747197020451 505.2666666666667 22
1747197020471 524.7 22
1747197020486 544.5 22
1747197020511 564.6666666666666 22
1747197020527 585.1999999999999 22
1747197020545 606.0999999999999 22
1747197020561 627.3666666666666 22
1747197020577 648.9999999999999 22
1747197020593 670.9999999999999 22
1747197020610 693.3666666666666 22
1747197020627 716.0999999999999 22
1747197020645 739.1999999999999 22
1747197020660 762.6666666666666 22
1747197020678 786.5 22
1747197020694 810.7 22
1747197020710 835.2666666666668 22
1747197020726 860.2 22
1747197020743 885.5 22
1747197020760 911.1666666666666 22
1747197020779 937.1999999999999 22
1747197020795 963.5999999999999 22
1747197020810 990.3666666666666 22
1747197020829 1017.4999999999999 22
1747197020843 1045.0 22
1747197020859 1072.8666666666666 22
1747197021078 0.36666666666666664 23
1747197021098 1.1666666666666667 23
1747197021118 2.466666666666667 23
1747197021136 4.333333333333334 23
1747197021155 6.833333333333334 23
1747197021174 10.033333333333335 23
1747197021191 14.000000000000002 23
1747197021207 18.8 23
1747197021224 24.5 23
1747197021240 31.166666666666668 23
1747197021256 38.86666666666667 23
1747197021273 47.66666666666667 23
1747197021289 57.63333333333334 23
1747197021306 68.83333333333334 23
1747197021323 81.33333333333334 23
1747197021340 95.20000000000002 23
1747197021356 110.23333333333333 23
1747197021374 126.63333333333333 23
1747197021390 144.33333333333331 23
1747197021407 144.33333333333331 23
1747197021423 144.33333333333331 23
1747197021438 144.33333333333331 23
1747197021456 144.33333333333331 23
1747197021472 144.33333333333331 23
1747197021489 144.33333333333331 23
1747197021506 144.33333333333331 23
1747197021521 144.33333333333331 23
1747197021536 156.33333333333334 23
1747197021552 169.16666666666669 23
1747197021570 182.50000000000003 23
1747197021585 196.2666666666667 23
1747197021602 196.2666666666667 23
1747197021621 205.70000000000002 23
1747197021644 218.16666666666669 23
1747197021661 231.00000000000003 23
1747197021677 244.20000000000002 23
1747197021697 257.7666666666667 23
1747197021713 271.70000000000005 23
1747197021729 286.00000000000006 23
1747197021747 300.66666666666674 23
1747197021762 315.7000000000001 23
1747197021778 331.1000000000001 23
1747197021796 346.86666666666673 23
1747197021813 363.00000000000006 23
1747197021828 379.50000000000006 23
1747197021846 396.36666666666673 23
1747197021861 413.6000000000001 23
1747197021877 431.2000000000001 23
1747197021895 449.16666666666674 23
1747197021912 467.50000000000006 23
1747197021931 486.20000000000005 23
1747197021947 505.2666666666667 23
1747197021960 524.7 23
1747197021978 544.5 23
1747197021996 564.6666666666666 23
1747197022012 585.1999999999999 23
1747197022027 606.0999999999999 23
1747197022043 627.3666666666666 23
1747197022062 648.9999999999999 23
1747197022077 670.9999999999999 23
1747197022095 693.3666666666666 23
1747197022110 716.0999999999999 23
1747197022127 739.1999999999999 23
1747197022144 762.6666666666666 23
1747197022160 786.5 23
1747197022176 810.7 23
1747197022193 835.2666666666668 23
1747197022209 860.2 23
1747197022227 885.5 23
1747197022242 911.1666666666666 23
1747197022258 937.1999999999999 23
1747197022276 963.5999999999999 23
1747197022293 990.3666666666666 23
1747197022310 1017.4999999999999 23
1747197022327 1045.0 23
1747197022344 1072.8666666666666 23
1747197022557 0.36666666666666664 24
1747197022577 1.1666666666666667 24
1747197022598 2.466666666666667 24
1747197022618 4.333333333333334 24
1747197022638 6.833333333333334 24
1747197022660 10.033333333333335 24
1747197022678 14.000000000000002 24
1747197022700 18.8 24
1747197022718 24.5 24
1747197022737 31.166666666666668 24
1747197022758 38.86666666666667 24
1747197022780 47.66666666666667 24
1747197022799 57.63333333333334 24
1747197022816 68.83333333333334 24
1747197022833 81.26666666666668 24
1747197022850 94.93333333333335 24
1747197022866 109.76666666666668 24
1747197022883 125.70000000000002 24
1747197022898 142.66666666666669 24
1747197022916 160.60000000000002 24
1747197022933 160.60000000000002 24
1747197022950 160.60000000000002 24
1747197022966 160.60000000000002 24
1747197022985 160.60000000000002 24
1747197023002 160.60000000000002 24
1747197023017 160.60000000000002 24
1747197023034 160.60000000000002 24
1747197023050 160.60000000000002 24
1747197023067 160.60000000000002 24
1747197023084 170.50000000000003 24
1747197023100 181.8666666666667 24
1747197023116 193.60000000000002 24
1747197023133 205.70000000000002 24
1747197023151 218.16666666666669 24
1747197023168 231.00000000000003 24
1747197023185 244.20000000000002 24
1747197023202 257.7666666666667 24
1747197023217 271.70000000000005 24
1747197023235 286.00000000000006 24
1747197023252 300.66666666666674 24
1747197023269 315.7000000000001 24
1747197023284 331.1000000000001 24
1747197023302 346.86666666666673 24
1747197023318 363.00000000000006 24
1747197023335 379.50000000000006 24
1747197023351 396.36666666666673 24
1747197023369 413.6000000000001 24
1747197023385 431.2000000000001 24
1747197023401 449.16666666666674 24
1747197023419 467.50000000000006 24
1747197023435 486.20000000000005 24
1747197023456 505.2666666666667 24
1747197023470 524.7 24
1747197023486 544.5 24
1747197023504 564.6666666666666 24
1747197023519 585.1999999999999 24
1747197023537 606.0999999999999 24
1747197023557 627.3666666666666 24
1747197023573 648.9999999999999 24
1747197023588 670.9999999999999 24
1747197023606 693.3666666666666 24
1747197023622 716.0999999999999 24
1747197023638 739.1999999999999 24
1747197023655 762.6666666666666 24
1747197023671 786.5 24
1747197023687 810.7 24
1747197023707 835.2666666666668 24
1747197023721 860.2 24
1747197023738 885.5 24
1747197023755 911.1666666666666 24
1747197023771 937.1999999999999 24
1747197023788 963.5999999999999 24
1747197023804 990.3666666666666 24
1747197023821 1017.4999999999999 24
1747197023838 1045.0 24
1747197023856 1072.8666666666666 24
1747197024073 0.36666666666666664 25
1747197024095 1.1666666666666667 25
1747197024116 2.466666666666667 25
1747197024136 4.333333333333334 25
1747197024156 6.833333333333334 25
1747197024174 10.033333333333335 25
1747197024191 14.000000000000002 25
1747197024209 18.8 25
1747197024225 24.5 25
1747197024242 31.166666666666668 25
1747197024258 38.86666666666667 25
1747197024274 47.66666666666667 25
1747197024289 57.63333333333334 25
1747197024306 68.83333333333334 25
1747197024323 81.33333333333334 25
1747197024341 95.20000000000002 25
1747197024356 95.20000000000002 25
1747197024373 95.20000000000002 25
1747197024389 95.20000000000002 25
1747197024407 95.20000000000002 25
1747197024424 95.20000000000002 25
1747197024440 95.20000000000002 25
1747197024457 101.86666666666666 25
1747197024474 111.33333333333333 25
1747197024493 121.5 25
1747197024509 132.43333333333334 25
1747197024525 144.20000000000002 25
1747197024542 156.86666666666667 25
1747197024558 170.43333333333334 25
1747197024577 184.96666666666667 25
1747197024595 200.53333333333333 25
1747197024612 217.2 25
1747197024631 235.03333333333333 25
1747197024648 254.1 25
1747197024665 274.3333333333333 25
1747197024682 295.66666666666663 25
1747197024697 318.0333333333333 25
1747197024716 341.3666666666666 25
1747197024731 341.3666666666666 25
1747197024748 341.3666666666666 25
1747197024764 341.3666666666666 25
1747197024780 341.3666666666666 25
1747197024797 346.86666666666673 25
1747197024814 363.00000000000006 25
1747197024828 379.50000000000006 25
1747197024847 396.36666666666673 25
1747197024863 413.6000000000001 25
1747197024880 431.2000000000001 25
1747197024895 449.16666666666674 25
1747197024912 467.50000000000006 25
1747197024928 486.20000000000005 25
1747197024945 505.2666666666667 25
1747197024960 524.7 25
1747197024978 544.5 25
1747197024994 564.6666666666666 25
1747197025010 585.1999999999999 25
1747197025028 606.0999999999999 25
1747197025044 627.3666666666666 25
1747197025060 648.9999999999999 25
1747197025075 670.9999999999999 25
1747197025094 693.3666666666666 25
1747197025112 716.0999999999999 25
1747197025128 739.1999999999999 25
1747197025146 762.6666666666666 25
1747197025220 786.5 25
1747197025238 810.7 25
1747197025256 835.2666666666668 25
1747197025272 860.2 25
1747197025292 885.5 25
1747197025308 911.1666666666666 25
1747197025322 937.1999999999999 25
1747197025339 963.5999999999999 25
1747197025356 990.3666666666666 25
1747197025374 1017.4999999999999 25
1747197025401 1045.0 25
1747197025420 1072.8666666666666 25
1747197025654 0.36666666666666664 26
1747197025677 1.0999999999999999 26
1747197025697 2.2 26
1747197025719 3.666666666666667 26
1747197025744 5.5 26
1747197025767 7.7 26
1747197025788 10.266666666666667 26
1747197025805 13.200000000000001 26
1747197025825 16.5 26
1747197025846 20.166666666666668 26
1747197025864 24.200000000000003 26
1747197025880 28.6 26
1747197025898 33.36666666666667 26
1747197025917 38.5 26
1747197025932 44.0 26
1747197025950 49.86666666666667 26
1747197025968 56.1 26
1747197025986 62.7 26
1747197026003 69.66666666666667 26
1747197026020 77.0 26
1747197026035 84.7 26
1747197026051 92.76666666666667 26
1747197026067 101.2 26
1747197026085 110.0 26
1747197026101 119.16666666666667 26
1747197026118 128.70000000000002 26
1747197026134 138.60000000000002 26
1747197026152 148.8666666666667 26
1747197026169 159.50000000000003 26
1747197026185 170.50000000000003 26
1747197026203 181.8666666666667 26
1747197026220 193.60000000000002 26
1747197026238 205.70000000000002 26
1747197026255 218.16666666666669 26
1747197026272 231.00000000000003 26
1747197026288 244.20000000000002 26
1747197026304 257.7666666666667 26
1747197026320 271.70000000000005 26
1747197026342 286.00000000000006 26
1747197026358 300.66666666666674 26
1747197026378 315.7000000000001 26
1747197026394 331.1000000000001 26
1747197026411 346.86666666666673 26
1747197026428 363.00000000000006 26
1747197026445 379.50000000000006 26
1747197026465 396.36666666666673 26
1747197026482 413.6000000000001 26
1747197026499 431.2000000000001 26
1747197026515 449.16666666666674 26
1747197026532 467.50000000000006 26
1747197026549 486.20000000000005 26
1747197026567 505.2666666666667 26
1747197026585 524.7 26
1747197026599 544.5 26
1747197026619 564.6666666666666 26
1747197026635 585.1999999999999 26
1747197026652 606.0999999999999 26
1747197026668 627.3666666666666 26
1747197026684 648.9999999999999 26
1747197026702 670.9999999999999 26
1747197026719 693.3666666666666 26
1747197026736 716.0999999999999 26
1747197026751 739.1999999999999 26
1747197026768 762.6666666666666 26
1747197026784 786.5 26
1747197026801 810.7 26
1747197026817 835.2666666666668 26
1747197026837 860.2 26
1747197026854 885.5 26
1747197026872 911.1666666666666 26
1747197026888 937.1999999999999 26
1747197026905 963.5999999999999 26
1747197026921 990.3666666666666 26
1747197026937 1017.4999999999999 26
1747197026954 1045.0 26
1747197026970 1072.8666666666666 26
1747197027225 0.36666666666666664 27
1747197027247 1.1666666666666667 27
1747197027268 2.466666666666667 27
1747197027289 4.333333333333334 27
1747197027310 6.833333333333334 27
1747197027328 10.033333333333335 27
1747197027346 13.866666666666669 27
1747197027363 18.26666666666667 27
1747197027380 23.16666666666667 27
1747197027397 28.500000000000004 27
1747197027413 34.26666666666667 27
1747197027430 40.466666666666676 27
1747197027446 47.10000000000001 27
1747197027463 54.16666666666667 27
1747197027485 61.66666666666667 27
1747197027503 69.60000000000001 27
1747197027520 77.96666666666667 27
1747197027535 86.76666666666667 27
1747197027551 96.0 27
1747197027567 105.66666666666667 27
1747197027586 115.83333333333334 27
1747197027602 126.56666666666668 27
1747197027618 137.93333333333334 27
1747197027634 150.0 27
1747197027651 162.83333333333334 27
1747197027667 176.5 27
1747197027685 176.5 27
1747197027702 176.5 27
1747197027718 176.5 27
1747197027735 176.5 27
1747197027757 181.8666666666667 27
1747197027786 193.60000000000002 27
1747197027804 205.70000000000002 27
1747197027821 218.16666666666669 27
1747197027837 231.00000000000003 27
1747197027853 244.20000000000002 27
1747197027870 257.7666666666667 27
1747197027887 271.70000000000005 27
1747197027906 286.00000000000006 27
1747197027923 300.66666666666674 27
1747197027938 315.7000000000001 27
1747197027955 331.1000000000001 27
1747197027973 346.86666666666673 27
1747197027991 363.00000000000006 27
1747197028005 379.50000000000006 27
1747197028021 396.36666666666673 27
1747197028037 413.6000000000001 27
1747197028053 431.26666666666677 27
1747197028068 449.43333333333345 27
1747197028086 467.50000000000006 27
1747197028102 486.20000000000005 27
1747197028118 505.2666666666667 27
1747197028135 524.7 27
1747197028151 544.5 27
1747197028167 564.6666666666666 27
1747197028182 585.1999999999999 27
1747197028199 606.0999999999999 27
1747197028215 627.3666666666666 27
1747197028231 648.9999999999999 27
1747197028251 670.9999999999999 27
1747197028265 693.3666666666666 27
1747197028283 716.0999999999999 27
1747197028300 739.1999999999999 27
1747197028317 762.6666666666666 27
1747197028335 786.5 27
1747197028351 810.7 27
1747197028368 835.2666666666668 27
1747197028386 860.2 27
1747197028402 885.5 27
1747197028418 911.1666666666666 27
1747197028435 937.1999999999999 27
1747197028454 963.5999999999999 27
1747197028471 990.3666666666666 27
1747197028488 1017.4999999999999 27
1747197028502 1045.0 27
1747197028520 1072.8666666666666 27
1747197028537 1101.1 27
1747197028551 1129.6999999999998 27
1747197028569 1158.6666666666665 27
1747197028586 1187.9999999999998 27
1747197028610 1217.6999999999998 27
1747197028621 1247.7666666666664 27
1747197028636 1278.1999999999998 27
1747197028653 1308.9999999999998 27
1747197028669 1340.1666666666665 27
1747197028687 1371.6999999999998 27
1747197028704 1403.6 27
1747197028720 1435.8666666666666 27
1747197028739 1468.5 27
1747197028754 1501.5 27
1747197028768 1534.8666666666666 27
1747197028785 1568.6 27
1747197028800 1602.6999999999998 27
1747197028817 1637.1666666666665 27
1747197028835 1671.9999999999998 27
1747197028853 1707.2666666666664 27
1747197029074 0.36666666666666664 28
1747197029095 1.0999999999999999 28
1747197029124 2.2666666666666666 28
1747197029149 3.9333333333333336 28
1747197029171 6.166666666666667 28
1747197029191 7.7 28
1747197029210 10.266666666666667 28
1747197029229 13.200000000000001 28
1747197029250 16.5 28
1747197029268 20.166666666666668 28
1747197029286 24.200000000000003 28
1747197029302 28.6 28
1747197029317 33.36666666666667 28
1747197029334 38.5 28
1747197029352 44.0 28
1747197029368 49.86666666666667 28
1747197029385 56.1 28
1747197029403 62.7 28
1747197029420 69.66666666666667 28
1747197029436 77.0 28
1747197029453 84.7 28
1747197029470 92.76666666666667 28
1747197029490 101.2 28
1747197029510 110.0 28
1747197029526 119.16666666666667 28
1747197029544 128.70000000000002 28
1747197029561 138.60000000000002 28
1747197029577 148.8666666666667 28
1747197029593 159.50000000000003 28
1747197029610 170.50000000000003 28
1747197029628 181.8666666666667 28
1747197029645 193.60000000000002 28
1747197029665 205.70000000000002 28
1747197029687 218.16666666666669 28
1747197029713 231.00000000000003 28
1747197029732 244.20000000000002 28
1747197029750 257.7666666666667 28
1747197029765 271.70000000000005 28
1747197029782 286.00000000000006 28
1747197029800 300.66666666666674 28
1747197029816 315.7000000000001 28
1747197029833 331.1000000000001 28
1747197029849 346.86666666666673 28
1747197029866 363.00000000000006 28
1747197029883 379.50000000000006 28
1747197029902 396.36666666666673 28
1747197029918 413.6000000000001 28
1747197029934 431.2000000000001 28
1747197029951 449.16666666666674 28
1747197029971 467.50000000000006 28
1747197029989 486.20000000000005 28
1747197030005 505.2666666666667 28
1747197030020 524.7 28
1747197030036 544.5 28
1747197030053 564.6666666666666 28
1747197030070 585.1999999999999 28
1747197030087 606.0999999999999 28
1747197030105 627.3666666666666 28
1747197030120 648.9999999999999 28
1747197030138 670.9999999999999 28
1747197030157 693.3666666666666 28
1747197030170 716.0999999999999 28
1747197030186 739.1999999999999 28
