1747196992186 30.0 1
1747196992212 30.0 1
1747196992238 30.0 1
1747196992264 30.0 1
1747196992293 29.0 1
1747196992313 20.0 1
1747196992331 11.0 1
1747196992348 9.0 1
1747196992363 6.0 1
1747196992381 6.0 1
1747196992398 6.0 1
1747196992414 6.0 1
1747196992435 6.0 1
1747196992453 6.0 1
1747196992468 5.0 1
1747196992484 5.0 1
1747196992501 3.0 1
1747196992518 3.0 1
1747196992534 3.0 1
1747196992551 3.0 1
1747196992567 3.0 1
1747196992584 3.0 1
1747196992601 3.0 1
1747196992619 3.0 1
1747196992636 3.0 1
1747196992652 3.0 1
1747196992670 3.0 1
1747196992688 3.0 1
1747196992703 3.0 1
1747196992720 3.0 1
1747196992735 3.0 1
1747196992752 3.0 1
1747196992767 3.0 1
1747196992785 3.0 1
1747196992802 3.0 1
1747196992817 3.0 1
1747196992835 3.0 1
1747196993097 30.0 2
1747196993123 30.0 2
1747196993152 30.0 2
1747196993181 30.0 2
1747196993207 28.0 2
1747196993233 25.0 2
1747196993253 21.0 2
1747196993279 21.0 2
1747196993299 19.0 2
1747196993315 18.0 2
1747196993333 18.0 2
1747196993351 18.0 2
1747196993368 18.0 2
1747196993387 18.0 2
1747196993404 17.0 2
1747196993420 17.0 2
1747196993438 14.0 2
1747196993459 14.0 2
1747196993480 14.0 2
1747196993502 14.0 2
1747196993519 13.0 2
1747196993537 13.0 2
1747196993557 13.0 2
1747196993573 13.0 2
1747196993593 13.0 2
1747196993614 13.0 2
1747196993632 13.0 2
1747196993648 13.0 2
1747196993667 13.0 2
1747196993685 13.0 2
1747196993715 13.0 2
1747196993732 13.0 2
1747196993749 13.0 2
1747196993767 13.0 2
1747196993782 13.0 2
1747196993799 13.0 2
1747196993816 13.0 2
1747196994039 30.0 3
1747196994063 30.0 3
1747196994083 30.0 3
1747196994104 30.0 3
1747196994124 30.0 3
1747196994169 25.0 3
1747196994191 25.0 3
1747196994215 24.0 3
1747196994238 23.0 3
1747196994258 23.0 3
1747196994275 22.0 3
1747196994297 22.0 3
1747196994313 22.0 3
1747196994332 20.0 3
1747196994348 20.0 3
1747196994366 20.0 3
1747196994383 19.0 3
1747196994402 19.0 3
1747196994421 19.0 3
1747196994437 19.0 3
1747196994454 19.0 3
1747196994474 19.0 3
1747196994500 19.0 3
1747196994515 19.0 3
1747196994532 19.0 3
1747196994547 19.0 3
1747196994563 19.0 3
1747196994581 18.0 3
1747196994598 18.0 3
1747196994615 18.0 3
1747196994632 18.0 3
1747196994647 18.0 3
1747196994664 18.0 3
1747196994682 18.0 3
1747196994700 18.0 3
1747196994717 18.0 3
1747196994733 18.0 3
1747196994750 1.0 3
1747196994767 1.0 3
1747196994784 1.0 3
1747196994801 1.0 3
1747196994819 1.0 3
1747196994836 1.0 3
1747196994854 1.0 3
1747196994871 1.0 3
1747196994889 1.0 3
1747196994905 1.0 3
1747196994922 1.0 3
1747196994939 1.0 3
1747196995162 30.0 4
1747196995184 30.0 4
1747196995209 30.0 4
1747196995229 30.0 4
1747196995249 30.0 4
1747196995270 27.0 4
1747196995289 25.0 4
1747196995307 25.0 4
1747196995326 24.0 4
1747196995346 24.0 4
1747196995363 24.0 4
1747196995378 24.0 4
1747196995397 24.0 4
1747196995415 24.0 4
1747196995432 24.0 4
1747196995450 24.0 4
1747196995467 22.0 4
1747196995483 22.0 4
1747196995501 22.0 4
1747196995518 22.0 4
1747196995537 22.0 4
1747196995554 22.0 4
1747196995573 22.0 4
1747196995590 21.0 4
1747196995611 21.0 4
1747196995628 20.0 4
1747196995645 20.0 4
1747196995661 20.0 4
1747196995677 20.0 4
1747196995695 20.0 4
1747196995711 20.0 4
1747196995727 20.0 4
1747196995745 20.0 4
1747196995762 20.0 4
1747196995778 20.0 4
1747196995797 20.0 4
1747196995814 20.0 4
1747196995830 1.0 4
1747196995847 1.0 4
1747196995864 1.0 4
1747196995881 1.0 4
1747196995897 1.0 4
1747196995913 1.0 4
1747196995930 1.0 4
1747196995946 1.0 4
1747196995963 1.0 4
1747196995980 1.0 4
1747196995996 1.0 4
1747196996012 1.0 4
1747196996228 30.0 5
1747196996250 30.0 5
1747196996278 30.0 5
1747196996301 30.0 5
1747196996322 30.0 5
1747196996341 28.0 5
1747196996360 28.0 5
1747196996379 27.0 5
1747196996397 26.0 5
1747196996415 26.0 5
1747196996435 26.0 5
1747196996452 26.0 5
1747196996470 25.0 5
1747196996488 25.0 5
1747196996506 24.0 5
1747196996522 23.0 5
1747196996539 19.0 5
1747196996556 19.0 5
1747196996571 19.0 5
1747196996588 19.0 5
1747196996604 19.0 5
1747196996618 19.0 5
1747196996636 19.0 5
1747196996652 19.0 5
1747196996669 19.0 5
1747196996686 18.0 5
1747196996703 18.0 5
1747196996720 18.0 5
1747196996736 17.0 5
1747196996752 17.0 5
1747196996768 17.0 5
1747196996785 17.0 5
1747196996800 16.0 5
1747196996818 16.0 5
1747196996835 16.0 5
1747196996851 16.0 5
1747196996870 16.0 5
1747196996887 1.0 5
1747196996903 1.0 5
1747196996920 1.0 5
1747196996937 1.0 5
1747196996955 1.0 5
1747196996973 1.0 5
1747196996990 1.0 5
1747196997006 1.0 5
1747196997023 1.0 5
1747196997040 1.0 5
1747196997056 1.0 5
1747196997073 1.0 5
1747196997292 30.0 6
1747196997313 30.0 6
1747196997335 30.0 6
1747196997354 30.0 6
1747196997374 29.0 6
1747196997394 29.0 6
1747196997411 24.0 6
1747196997429 24.0 6
1747196997445 23.0 6
1747196997461 23.0 6
1747196997478 23.0 6
1747196997494 22.0 6
1747196997512 22.0 6
1747196997528 21.0 6
1747196997544 16.0 6
1747196997560 16.0 6
1747196997577 16.0 6
1747196997594 16.0 6
1747196997610 16.0 6
1747196997627 16.0 6
1747196997643 16.0 6
1747196997660 16.0 6
1747196997677 15.0 6
1747196997694 15.0 6
1747196997710 15.0 6
1747196997727 15.0 6
1747196997744 15.0 6
1747196997760 15.0 6
1747196997777 15.0 6
1747196997794 15.0 6
1747196997810 15.0 6
1747196997827 15.0 6
1747196997843 14.0 6
1747196997861 14.0 6
1747196997877 14.0 6
1747196997894 14.0 6
1747196997910 14.0 6
1747196997927 3.0 6
1747196997943 3.0 6
1747196997960 3.0 6
1747196997977 3.0 6
1747196997992 3.0 6
1747196998009 3.0 6
1747196998025 3.0 6
1747196998041 3.0 6
1747196998058 3.0 6
1747196998075 3.0 6
1747196998091 3.0 6
1747196998108 3.0 6
1747196998124 2.0 6
1747196998141 2.0 6
1747196998157 2.0 6
1747196998173 2.0 6
1747196998190 2.0 6
1747196998206 2.0 6
1747196998222 2.0 6
1747196998242 2.0 6
1747196998258 2.0 6
1747196998274 2.0 6
1747196998486 30.0 7
1747196998508 30.0 7
1747196998528 30.0 7
1747196998548 30.0 7
1747196998568 29.0 7
1747196998587 29.0 7
1747196998606 28.0 7
1747196998627 28.0 7
1747196998646 27.0 7
1747196998665 27.0 7
1747196998682 27.0 7
1747196998698 26.0 7
1747196998716 26.0 7
1747196998733 26.0 7
1747196998750 24.0 7
1747196998768 24.0 7
1747196998783 19.0 7
1747196998800 19.0 7
1747196998817 19.0 7
1747196998833 19.0 7
1747196998851 19.0 7
1747196998867 19.0 7
1747196998884 19.0 7
1747196998900 19.0 7
1747196998916 19.0 7
1747196998932 19.0 7
1747196998949 19.0 7
1747196998966 19.0 7
1747196998982 19.0 7
1747196998997 19.0 7
1747196999013 19.0 7
1747196999030 19.0 7
1747196999047 19.0 7
1747196999062 19.0 7
1747196999079 19.0 7
1747196999095 19.0 7
1747196999111 18.0 7
1747196999128 4.0 7
1747196999143 4.0 7
1747196999160 4.0 7
1747196999176 4.0 7
1747196999192 4.0 7
1747196999207 4.0 7
1747196999223 4.0 7
1747196999240 4.0 7
1747196999257 4.0 7
1747196999273 4.0 7
1747196999290 4.0 7
1747196999307 4.0 7
1747196999325 3.0 7
1747196999342 3.0 7
1747196999358 3.0 7
1747196999375 3.0 7
1747196999391 3.0 7
1747196999408 3.0 7
1747196999424 3.0 7
1747196999440 3.0 7
1747196999455 3.0 7
1747196999472 3.0 7
1747196999490 1.0 7
1747196999507 1.0 7
1747196999523 1.0 7
1747196999539 1.0 7
1747196999748 30.0 8
1747196999769 30.0 8
1747196999789 30.0 8
1747196999809 30.0 8
1747196999827 30.0 8
1747196999845 29.0 8
1747196999863 26.0 8
1747196999880 26.0 8
1747196999901 23.0 8
1747196999921 23.0 8
1747196999940 23.0 8
1747196999960 23.0 8
1747196999977 23.0 8
1747196999995 23.0 8
1747197000012 22.0 8
1747197000030 22.0 8
1747197000050 21.0 8
1747197000067 21.0 8
1747197000084 21.0 8
1747197000100 21.0 8
1747197000116 21.0 8
1747197000132 21.0 8
1747197000150 20.0 8
1747197000166 20.0 8
1747197000184 20.0 8
1747197000200 19.0 8
1747197000216 19.0 8
1747197000232 19.0 8
1747197000249 19.0 8
1747197000264 19.0 8
1747197000283 19.0 8
1747197000301 19.0 8
1747197000321 17.0 8
1747197000337 17.0 8
1747197000353 17.0 8
1747197000370 17.0 8
1747197000388 15.0 8
1747197000405 5.0 8
1747197000423 5.0 8
1747197000439 5.0 8
1747197000455 5.0 8
1747197000472 5.0 8
1747197000490 4.0 8
1747197000504 4.0 8
1747197000521 4.0 8
1747197000538 4.0 8
1747197000555 4.0 8
1747197000573 4.0 8
1747197000590 4.0 8
1747197000606 4.0 8
1747197000623 4.0 8
1747197000638 4.0 8
1747197000656 4.0 8
1747197000672 4.0 8
1747197000689 4.0 8
1747197000706 4.0 8
1747197000722 4.0 8
1747197000739 4.0 8
1747197000756 4.0 8
1747197000773 1.0 8
1747197000790 1.0 8
1747197000807 1.0 8
1747197000822 1.0 8
1747197001052 30.0 9
1747197001071 30.0 9
1747197001091 30.0 9
1747197001111 30.0 9
1747197001128 30.0 9
1747197001146 26.0 9
1747197001162 19.0 9
1747197001178 17.0 9
1747197001195 17.0 9
1747197001212 17.0 9
1747197001230 17.0 9
1747197001247 17.0 9
1747197001263 17.0 9
1747197001282 17.0 9
1747197001299 16.0 9
1747197001316 15.0 9
1747197001332 15.0 9
1747197001348 15.0 9
1747197001364 14.0 9
1747197001381 14.0 9
1747197001396 14.0 9
1747197001413 14.0 9
1747197001429 14.0 9
1747197001446 14.0 9
1747197001463 14.0 9
1747197001480 14.0 9
1747197001496 14.0 9
1747197001513 14.0 9
1747197001530 14.0 9
1747197001546 14.0 9
1747197001562 14.0 9
1747197001579 14.0 9
1747197001595 13.0 9
1747197001610 13.0 9
1747197001627 13.0 9
1747197001645 13.0 9
1747197001661 13.0 9
1747197001678 3.0 9
1747197001695 3.0 9
1747197001711 3.0 9
1747197001727 3.0 9
1747197001743 3.0 9
1747197001760 3.0 9
1747197001776 3.0 9
1747197001793 3.0 9
1747197001810 3.0 9
1747197001827 3.0 9
1747197001844 3.0 9
1747197001861 3.0 9
1747197001878 3.0 9
1747197001893 3.0 9
1747197001910 3.0 9
1747197001929 3.0 9
1747197001944 3.0 9
1747197001960 3.0 9
1747197001977 3.0 9
1747197001994 3.0 9
1747197002010 3.0 9
1747197002027 3.0 9
1747197002043 1.0 9
1747197002059 1.0 9
1747197002075 1.0 9
1747197002092 1.0 9
1747197002311 30.0 10
1747197002332 30.0 10
1747197002353 30.0 10
1747197002375 30.0 10
1747197002395 29.0 10
1747197002414 27.0 10
1747197002432 26.0 10
1747197002450 26.0 10
1747197002468 26.0 10
1747197002486 25.0 10
1747197002503 24.0 10
1747197002518 23.0 10
1747197002536 23.0 10
1747197002553 22.0 10
1747197002569 21.0 10
1747197002586 21.0 10
1747197002603 21.0 10
1747197002618 21.0 10
1747197002635 21.0 10
1747197002652 21.0 10
1747197002667 20.0 10
1747197002684 20.0 10
1747197002701 20.0 10
1747197002717 20.0 10
1747197002734 20.0 10
1747197002750 20.0 10
1747197002766 20.0 10
1747197002783 20.0 10
1747197002801 20.0 10
1747197002817 20.0 10
1747197002835 20.0 10
1747197002852 20.0 10
1747197002870 20.0 10
1747197002888 20.0 10
1747197002909 20.0 10
1747197002927 20.0 10
1747197002944 19.0 10
1747197002960 7.0 10
1747197002977 7.0 10
1747197002994 7.0 10
1747197003011 7.0 10
1747197003029 7.0 10
1747197003045 7.0 10
1747197003062 7.0 10
1747197003079 7.0 10
1747197003096 7.0 10
1747197003113 7.0 10
1747197003130 7.0 10
1747197003147 7.0 10
1747197003163 5.0 10
1747197003180 5.0 10
1747197003196 5.0 10
1747197003213 5.0 10
1747197003230 5.0 10
1747197003245 5.0 10
1747197003262 5.0 10
1747197003278 5.0 10
1747197003297 5.0 10
1747197003313 5.0 10
1747197003328 1.0 10
1747197003346 1.0 10
1747197003362 1.0 10
1747197003379 1.0 10
1747197003588 30.0 11
1747197003609 30.0 11
1747197003628 30.0 11
1747197003646 30.0 11
1747197003665 30.0 11
1747197003683 27.0 11
1747197003700 16.0 11
1747197003717 16.0 11
1747197003733 15.0 11
1747197003750 15.0 11
1747197003767 15.0 11
1747197003783 15.0 11
1747197003800 13.0 11
1747197003816 13.0 11
1747197003833 13.0 11
1747197003850 13.0 11
1747197003867 13.0 11
1747197003883 13.0 11
1747197003900 13.0 11
1747197003917 13.0 11
1747197003933 13.0 11
1747197003950 13.0 11
1747197003966 13.0 11
1747197003983 13.0 11
1747197004000 13.0 11
1747197004018 13.0 11
1747197004034 13.0 11
1747197004051 13.0 11
1747197004068 13.0 11
1747197004084 13.0 11
1747197004100 13.0 11
1747197004115 13.0 11
1747197004132 12.0 11
1747197004148 12.0 11
1747197004165 12.0 11
1747197004181 12.0 11
1747197004197 12.0 11
1747197004214 11.0 11
1747197004230 11.0 11
1747197004247 11.0 11
1747197004262 11.0 11
1747197004279 11.0 11
1747197004296 11.0 11
1747197004312 11.0 11
1747197004329 11.0 11
1747197004346 9.0 11
1747197004363 9.0 11
1747197004380 9.0 11
1747197004397 9.0 11
1747197004414 6.0 11
1747197004431 6.0 11
1747197004448 6.0 11
1747197004465 6.0 11
1747197004483 6.0 11
1747197004500 6.0 11
1747197004516 6.0 11
1747197004533 6.0 11
1747197004550 6.0 11
1747197004567 6.0 11
1747197004584 1.0 11
1747197004601 1.0 11
1747197004617 1.0 11
1747197004633 1.0 11
1747197004846 30.0 12
1747197004866 30.0 12
1747197004887 30.0 12
1747197004909 30.0 12
1747197004938 30.0 12
1747197004962 28.0 12
1747197004982 21.0 12
1747197004998 21.0 12
1747197005014 20.0 12
1747197005032 20.0 12
1747197005047 20.0 12
1747197005064 20.0 12
1747197005080 19.0 12
1747197005096 19.0 12
1747197005112 19.0 12
1747197005130 19.0 12
1747197005148 19.0 12
1747197005175 19.0 12
1747197005195 19.0 12
1747197005223 19.0 12
1747197005238 19.0 12
1747197005255 19.0 12
1747197005272 19.0 12
1747197005288 19.0 12
1747197005306 19.0 12
1747197005328 19.0 12
1747197005346 19.0 12
1747197005363 19.0 12
1747197005382 19.0 12
1747197005402 19.0 12
1747197005418 19.0 12
1747197005437 19.0 12
1747197005454 19.0 12
1747197005471 19.0 12
1747197005488 18.0 12
1747197005505 18.0 12
1747197005522 18.0 12
1747197005537 9.0 12
1747197005554 9.0 12
1747197005572 9.0 12
1747197005589 9.0 12
1747197005607 9.0 12
1747197005623 9.0 12
1747197005640 9.0 12
1747197005656 9.0 12
1747197005673 8.0 12
1747197005689 8.0 12
1747197005705 8.0 12
1747197005721 8.0 12
1747197005738 7.0 12
1747197005755 7.0 12
1747197005772 7.0 12
1747197005788 7.0 12
1747197005804 7.0 12
1747197005821 7.0 12
1747197005838 7.0 12
1747197005854 7.0 12
1747197005871 7.0 12
1747197005887 7.0 12
1747197005904 1.0 12
1747197005921 1.0 12
1747197005939 1.0 12
1747197005956 1.0 12
1747197006178 30.0 13
1747197006199 30.0 13
1747197006218 30.0 13
1747197006236 30.0 13
1747197006256 29.0 13
1747197006273 25.0 13
1747197006289 19.0 13
1747197006307 19.0 13
1747197006325 19.0 13
1747197006353 19.0 13
1747197006378 18.0 13
1747197006393 16.0 13
1747197006410 16.0 13
1747197006427 16.0 13
1747197006443 15.0 13
1747197006460 15.0 13
1747197006477 14.0 13
1747197006494 14.0 13
1747197006510 14.0 13
1747197006527 14.0 13
1747197006543 14.0 13
1747197006559 14.0 13
1747197006575 14.0 13
1747197006591 14.0 13
1747197006608 14.0 13
1747197006625 14.0 13
1747197006642 14.0 13
1747197006659 14.0 13
1747197006675 14.0 13
1747197006691 14.0 13
1747197006707 14.0 13
1747197006725 14.0 13
1747197006742 14.0 13
1747197006759 14.0 13
1747197006776 14.0 13
1747197006793 14.0 13
1747197006810 14.0 13
1747197006827 9.0 13
1747197006844 9.0 13
1747197006860 9.0 13
1747197006877 9.0 13
1747197006894 9.0 13
1747197006912 9.0 13
1747197006928 9.0 13
1747197006944 8.0 13
1747197006961 8.0 13
1747197006977 8.0 13
1747197006994 8.0 13
1747197007010 8.0 13
1747197007027 7.0 13
1747197007044 7.0 13
1747197007061 7.0 13
1747197007078 6.0 13
1747197007095 6.0 13
1747197007113 6.0 13
1747197007129 6.0 13
1747197007145 6.0 13
1747197007161 6.0 13
1747197007178 6.0 13
1747197007194 1.0 13
1747197007211 1.0 13
1747197007228 1.0 13
1747197007245 1.0 13
1747197007464 30.0 14
1747197007486 30.0 14
1747197007506 30.0 14
1747197007527 30.0 14
1747197007545 29.0 14
1747197007562 26.0 14
1747197007579 19.0 14
1747197007595 18.0 14
1747197007611 18.0 14
1747197007628 18.0 14
1747197007645 18.0 14
1747197007665 17.0 14
1747197007680 16.0 14
1747197007696 16.0 14
1747197007713 15.0 14
1747197007730 15.0 14
1747197007747 15.0 14
1747197007762 15.0 14
1747197007779 15.0 14
1747197007796 15.0 14
1747197007812 15.0 14
1747197007829 15.0 14
1747197007845 15.0 14
1747197007862 15.0 14
1747197007880 15.0 14
1747197007896 15.0 14
1747197007912 15.0 14
1747197007929 15.0 14
1747197007946 15.0 14
1747197007963 15.0 14
1747197007980 15.0 14
1747197007996 15.0 14
1747197008013 15.0 14
1747197008028 15.0 14
1747197008044 14.0 14
1747197008060 13.0 14
1747197008076 13.0 14
1747197008093 8.0 14
1747197008110 8.0 14
1747197008127 8.0 14
1747197008144 8.0 14
1747197008161 8.0 14
1747197008177 8.0 14
1747197008193 8.0 14
1747197008210 8.0 14
1747197008227 8.0 14
1747197008243 8.0 14
1747197008260 8.0 14
1747197008277 8.0 14
1747197008293 8.0 14
1747197008310 7.0 14
1747197008328 7.0 14
1747197008344 7.0 14
1747197008361 7.0 14
1747197008378 7.0 14
1747197008394 7.0 14
1747197008411 7.0 14
1747197008426 7.0 14
1747197008442 7.0 14
1747197008460 2.0 14
1747197008477 2.0 14
1747197008493 2.0 14
1747197008510 2.0 14
1747197008527 1.0 14
1747197008544 1.0 14
1747197008562 1.0 14
1747197008577 1.0 14
1747197008594 1.0 14
1747197008612 1.0 14
1747197008628 1.0 14
1747197008645 1.0 14
1747197008662 1.0 14
1747197008679 1.0 14
1747197008696 1.0 14
1747197008712 1.0 14
1747197008729 1.0 14
1747197008948 30.0 15
1747197008969 30.0 15
1747197008988 30.0 15
1747197009008 30.0 15
1747197009030 30.0 15
1747197009048 26.0 15
1747197009066 22.0 15
1747197009083 22.0 15
1747197009098 22.0 15
1747197009115 22.0 15
1747197009132 22.0 15
1747197009148 20.0 15
1747197009165 20.0 15
1747197009182 20.0 15
1747197009199 19.0 15
1747197009216 19.0 15
1747197009232 19.0 15
1747197009249 19.0 15
1747197009266 19.0 15
1747197009282 19.0 15
1747197009299 19.0 15
1747197009316 19.0 15
1747197009332 19.0 15
1747197009350 19.0 15
1747197009365 19.0 15
1747197009381 19.0 15
1747197009397 19.0 15
1747197009414 19.0 15
1747197009432 19.0 15
1747197009451 19.0 15
1747197009468 19.0 15
1747197009484 19.0 15
1747197009500 19.0 15
1747197009516 19.0 15
1747197009533 19.0 15
1747197009548 19.0 15
1747197009567 19.0 15
1747197009584 9.0 15
1747197009601 9.0 15
1747197009618 9.0 15
1747197009634 9.0 15
1747197009651 9.0 15
1747197009666 9.0 15
1747197009682 9.0 15
1747197009699 9.0 15
1747197009715 9.0 15
1747197009733 9.0 15
1747197009749 9.0 15
1747197009766 9.0 15
1747197009783 9.0 15
1747197009798 9.0 15
1747197009815 9.0 15
1747197009832 9.0 15
1747197009849 9.0 15
1747197009866 9.0 15
1747197009883 9.0 15
1747197009900 9.0 15
1747197009918 9.0 15
1747197009934 9.0 15
1747197009951 4.0 15
1747197009967 4.0 15
1747197009983 4.0 15
1747197010000 4.0 15
1747197010015 3.0 15
1747197010032 1.0 15
1747197010048 1.0 15
1747197010065 1.0 15
1747197010082 1.0 15
1747197010099 1.0 15
1747197010114 1.0 15
1747197010130 1.0 15
1747197010147 1.0 15
1747197010164 1.0 15
1747197010181 1.0 15
1747197010197 1.0 15
1747197010213 1.0 15
1747197010425 30.0 16
1747197010445 30.0 16
1747197010465 30.0 16
1747197010486 30.0 16
1747197010505 30.0 16
1747197010524 28.0 16
1747197010540 20.0 16
1747197010557 20.0 16
1747197010573 20.0 16
1747197010590 20.0 16
1747197010610 20.0 16
1747197010626 20.0 16
1747197010644 20.0 16
1747197010660 20.0 16
1747197010678 20.0 16
1747197010696 20.0 16
1747197010713 19.0 16
1747197010729 19.0 16
1747197010746 19.0 16
1747197010762 19.0 16
1747197010779 19.0 16
1747197010795 19.0 16
1747197010811 19.0 16
1747197010827 19.0 16
1747197010844 19.0 16
1747197010860 19.0 16
1747197010877 19.0 16
1747197010893 19.0 16
1747197010910 19.0 16
1747197010927 19.0 16
1747197010945 19.0 16
1747197010963 19.0 16
1747197010988 19.0 16
1747197011010 19.0 16
1747197011029 18.0 16
1747197011045 18.0 16
1747197011061 17.0 16
1747197011078 6.0 16
1747197011094 6.0 16
1747197011110 6.0 16
1747197011127 6.0 16
1747197011144 6.0 16
1747197011160 6.0 16
1747197011177 6.0 16
1747197011194 6.0 16
1747197011210 6.0 16
1747197011227 6.0 16
1747197011244 6.0 16
1747197011261 6.0 16
1747197011277 6.0 16
1747197011293 6.0 16
1747197011311 6.0 16
1747197011326 6.0 16
1747197011342 6.0 16
1747197011360 6.0 16
1747197011376 6.0 16
1747197011393 6.0 16
1747197011410 6.0 16
1747197011427 6.0 16
1747197011443 3.0 16
1747197011460 3.0 16
1747197011477 3.0 16
1747197011494 3.0 16
1747197011511 3.0 16
1747197011528 1.0 16
1747197011544 1.0 16
1747197011561 1.0 16
1747197011578 1.0 16
1747197011595 1.0 16
1747197011611 1.0 16
1747197011628 1.0 16
1747197011644 1.0 16
1747197011660 1.0 16
1747197011677 1.0 16
1747197011693 1.0 16
1747197011710 1.0 16
1747197011923 30.0 17
1747197011943 30.0 17
1747197011965 30.0 17
1747197011984 30.0 17
1747197012004 30.0 17
1747197012024 29.0 17
1747197012043 25.0 17
1747197012060 25.0 17
1747197012078 25.0 17
1747197012096 25.0 17
1747197012114 25.0 17
1747197012137 25.0 17
1747197012159 25.0 17
1747197012178 25.0 17
1747197012195 24.0 17
1747197012212 24.0 17
1747197012229 24.0 17
1747197012246 24.0 17
1747197012263 24.0 17
1747197012282 24.0 17
1747197012302 24.0 17
1747197012318 24.0 17
1747197012337 24.0 17
1747197012355 24.0 17
1747197012378 24.0 17
1747197012397 24.0 17
1747197012415 24.0 17
1747197012434 24.0 17
1747197012453 24.0 17
1747197012471 23.0 17
1747197012490 23.0 17
1747197012508 23.0 17
1747197012526 23.0 17
1747197012545 23.0 17
1747197012562 23.0 17
1747197012581 23.0 17
1747197012597 23.0 17
1747197012614 11.0 17
1747197012631 11.0 17
1747197012648 11.0 17
1747197012664 11.0 17
1747197012681 11.0 17
1747197012697 11.0 17
1747197012713 11.0 17
1747197012730 8.0 17
1747197012747 8.0 17
1747197012764 8.0 17
1747197012785 8.0 17
1747197012801 7.0 17
1747197012817 6.0 17
1747197012835 6.0 17
1747197012851 6.0 17
1747197012867 6.0 17
1747197012884 6.0 17
1747197012901 6.0 17
1747197012918 6.0 17
1747197012935 6.0 17
1747197012951 6.0 17
1747197012968 6.0 17
1747197012984 3.0 17
1747197013000 3.0 17
1747197013017 3.0 17
1747197013034 3.0 17
1747197013050 3.0 17
1747197013066 1.0 17
1747197013084 1.0 17
1747197013100 1.0 17
1747197013117 1.0 17
1747197013133 1.0 17
1747197013150 1.0 17
1747197013166 1.0 17
1747197013183 1.0 17
1747197013200 1.0 17
1747197013216 1.0 17
1747197013233 1.0 17
1747197013250 1.0 17
1747197013474 30.0 18
1747197013496 30.0 18
1747197013517 30.0 18
1747197013537 30.0 18
1747197013556 30.0 18
1747197013576 29.0 18
1747197013594 23.0 18
1747197013611 23.0 18
1747197013628 22.0 18
1747197013646 22.0 18
1747197013664 22.0 18
1747197013681 22.0 18
1747197013698 22.0 18
1747197013718 21.0 18
1747197013735 21.0 18
1747197013751 21.0 18
1747197013768 21.0 18
1747197013785 21.0 18
1747197013801 21.0 18
1747197013817 21.0 18
1747197013834 21.0 18
1747197013851 21.0 18
1747197013867 21.0 18
1747197013883 21.0 18
1747197013898 21.0 18
1747197013915 21.0 18
1747197013932 21.0 18
1747197013947 21.0 18
1747197013966 21.0 18
1747197013983 21.0 18
1747197014000 21.0 18
1747197014020 21.0 18
1747197014038 21.0 18
1747197014057 21.0 18
1747197014076 21.0 18
1747197014095 21.0 18
1747197014111 20.0 18
1747197014128 13.0 18
1747197014153 13.0 18
1747197014170 13.0 18
1747197014187 13.0 18
1747197014204 13.0 18
1747197014221 12.0 18
1747197014238 10.0 18
1747197014254 10.0 18
1747197014271 10.0 18
1747197014288 10.0 18
1747197014304 10.0 18
1747197014321 10.0 18
1747197014338 8.0 18
1747197014356 7.0 18
1747197014374 7.0 18
1747197014392 7.0 18
1747197014409 7.0 18
1747197014426 7.0 18
1747197014443 7.0 18
1747197014460 7.0 18
1747197014477 7.0 18
1747197014493 7.0 18
1747197014510 3.0 18
1747197014526 3.0 18
1747197014543 3.0 18
1747197014560 3.0 18
1747197014576 3.0 18
1747197014593 1.0 18
1747197014610 1.0 18
1747197014627 1.0 18
1747197014643 1.0 18
1747197014660 1.0 18
1747197014677 1.0 18
1747197014695 1.0 18
1747197014710 1.0 18
1747197014729 1.0 18
1747197014744 1.0 18
1747197014761 1.0 18
1747197014778 1.0 18
1747197014985 30.0 19
1747197015008 30.0 19
1747197015028 30.0 19
1747197015053 30.0 19
1747197015073 30.0 19
1747197015094 27.0 19
1747197015112 20.0 19
1747197015129 20.0 19
1747197015146 19.0 19
1747197015163 18.0 19
1747197015180 18.0 19
1747197015196 18.0 19
1747197015213 18.0 19
1747197015230 18.0 19
1747197015246 17.0 19
1747197015263 17.0 19
1747197015280 16.0 19
1747197015296 16.0 19
1747197015313 16.0 19
1747197015330 16.0 19
1747197015346 16.0 19
1747197015363 16.0 19
1747197015380 16.0 19
1747197015395 16.0 19
1747197015412 16.0 19
1747197015427 16.0 19
1747197015443 16.0 19
1747197015460 16.0 19
1747197015478 16.0 19
1747197015500 16.0 19
1747197015531 16.0 19
1747197015550 16.0 19
1747197015566 16.0 19
1747197015582 16.0 19
1747197015598 16.0 19
1747197015614 16.0 19
1747197015631 15.0 19
1747197015648 7.0 19
1747197015664 7.0 19
1747197015681 7.0 19
1747197015698 7.0 19
1747197015715 7.0 19
1747197015732 7.0 19
1747197015748 6.0 19
1747197015765 6.0 19
1747197015781 6.0 19
1747197015798 6.0 19
1747197015814 6.0 19
1747197015830 6.0 19
1747197015846 6.0 19
1747197015862 6.0 19
1747197015880 6.0 19
1747197015897 6.0 19
1747197015913 6.0 19
1747197015931 6.0 19
1747197015947 6.0 19
1747197015964 6.0 19
1747197015981 6.0 19
1747197015997 6.0 19
1747197016014 3.0 19
1747197016031 3.0 19
1747197016048 3.0 19
1747197016066 3.0 19
1747197016082 3.0 19
1747197016100 1.0 19
1747197016117 1.0 19
1747197016134 1.0 19
1747197016151 1.0 19
1747197016166 1.0 19
1747197016183 1.0 19
1747197016200 1.0 19
1747197016217 1.0 19
1747197016233 1.0 19
1747197016248 1.0 19
1747197016266 1.0 19
1747197016282 1.0 19
1747197016516 30.0 20
1747197016537 30.0 20
1747197016556 30.0 20
1747197016577 30.0 20
1747197016600 29.0 20
1747197016632 27.0 20
1747197016661 19.0 20
1747197016680 19.0 20
1747197016696 19.0 20
1747197016714 19.0 20
1747197016730 19.0 20
1747197016746 19.0 20
1747197016761 19.0 20
1747197016777 19.0 20
1747197016793 19.0 20
1747197016810 19.0 20
1747197016827 19.0 20
1747197016843 19.0 20
1747197016866 19.0 20
1747197016883 19.0 20
1747197016898 19.0 20
1747197016914 19.0 20
1747197016930 19.0 20
1747197016948 19.0 20
1747197016963 19.0 20
1747197016981 19.0 20
1747197016998 19.0 20
1747197017014 19.0 20
1747197017031 19.0 20
1747197017047 19.0 20
1747197017063 19.0 20
1747197017078 19.0 20
1747197017096 19.0 20
1747197017112 19.0 20
1747197017128 19.0 20
1747197017145 19.0 20
1747197017161 18.0 20
1747197017178 13.0 20
1747197017196 13.0 20
1747197017213 13.0 20
1747197017230 13.0 20
1747197017246 13.0 20
1747197017263 13.0 20
1747197017280 12.0 20
1747197017296 10.0 20
1747197017313 9.0 20
1747197017330 9.0 20
1747197017346 9.0 20
1747197017363 9.0 20
1747197017380 8.0 20
1747197017396 8.0 20
1747197017412 8.0 20
1747197017428 8.0 20
1747197017445 8.0 20
1747197017461 8.0 20
1747197017478 8.0 20
1747197017495 8.0 20
1747197017512 8.0 20
1747197017529 8.0 20
1747197017546 4.0 20
1747197017563 4.0 20
1747197017580 4.0 20
1747197017597 4.0 20
1747197017614 4.0 20
1747197017631 1.0 20
1747197017649 1.0 20
1747197017665 1.0 20
1747197017681 1.0 20
1747197017698 1.0 20
1747197017715 1.0 20
1747197017732 1.0 20
1747197017749 1.0 20
1747197017765 1.0 20
1747197017780 1.0 20
1747197017797 1.0 20
1747197017813 1.0 20
1747197018028 30.0 21
1747197018048 30.0 21
1747197018068 30.0 21
1747197018088 30.0 21
1747197018107 30.0 21
1747197018125 29.0 21
1747197018142 21.0 21
1747197018160 21.0 21
1747197018176 21.0 21
1747197018192 21.0 21
1747197018208 21.0 21
1747197018226 20.0 21
1747197018243 20.0 21
1747197018259 20.0 21
1747197018275 20.0 21
1747197018292 19.0 21
1747197018308 19.0 21
1747197018325 19.0 21
1747197018342 19.0 21
1747197018358 19.0 21
1747197018375 19.0 21
1747197018393 19.0 21
1747197018410 19.0 21
1747197018427 19.0 21
1747197018444 19.0 21
1747197018461 19.0 21
1747197018476 19.0 21
1747197018493 19.0 21
1747197018510 19.0 21
1747197018526 19.0 21
1747197018544 19.0 21
1747197018560 19.0 21
1747197018577 19.0 21
1747197018600 19.0 21
1747197018619 19.0 21
1747197018636 19.0 21
1747197018652 18.0 21
1747197018668 11.0 21
1747197018685 11.0 21
1747197018701 11.0 21
1747197018717 11.0 21
1747197018734 11.0 21
1747197018751 10.0 21
1747197018767 10.0 21
1747197018783 10.0 21
1747197018800 10.0 21
1747197018817 10.0 21
1747197018834 10.0 21
1747197018851 10.0 21
1747197018868 7.0 21
1747197018885 7.0 21
1747197018901 7.0 21
1747197018917 7.0 21
1747197018934 7.0 21
1747197018950 7.0 21
1747197018968 7.0 21
1747197018984 7.0 21
1747197019000 7.0 21
1747197019017 7.0 21
1747197019034 3.0 21
1747197019050 3.0 21
1747197019067 3.0 21
1747197019083 3.0 21
1747197019100 3.0 21
1747197019116 1.0 21
1747197019132 1.0 21
1747197019148 1.0 21
1747197019165 1.0 21
1747197019183 1.0 21
1747197019198 1.0 21
1747197019215 1.0 21
1747197019232 1.0 21
1747197019249 1.0 21
1747197019266 1.0 21
1747197019283 1.0 21
1747197019300 1.0 21
1747197019517 30.0 22
1747197019539 30.0 22
1747197019560 30.0 22
1747197019580 30.0 22
1747197019613 30.0 22
1747197019634 30.0 22
1747197019650 24.0 22
1747197019667 24.0 22
1747197019686 24.0 22
1747197019703 24.0 22
1747197019720 24.0 22
1747197019739 24.0 22
1747197019758 24.0 22
1747197019777 24.0 22
1747197019794 24.0 22
1747197019813 24.0 22
1747197019831 24.0 22
1747197019848 24.0 22
1747197019868 24.0 22
1747197019885 24.0 22
1747197019902 24.0 22
1747197019920 24.0 22
1747197019938 24.0 22
1747197019955 24.0 22
1747197019973 24.0 22
1747197019990 23.0 22
1747197020010 23.0 22
1747197020027 23.0 22
1747197020045 23.0 22
1747197020064 23.0 22
1747197020082 23.0 22
1747197020099 23.0 22
1747197020117 23.0 22
1747197020137 23.0 22
1747197020158 23.0 22
1747197020177 23.0 22
1747197020197 23.0 22
1747197020214 12.0 22
1747197020230 12.0 22
1747197020246 12.0 22
1747197020263 12.0 22
1747197020280 12.0 22
1747197020296 12.0 22
1747197020313 11.0 22
1747197020330 11.0 22
1747197020346 11.0 22
1747197020363 11.0 22
1747197020380 11.0 22
1747197020396 11.0 22
1747197020412 10.0 22
1747197020430 8.0 22
1747197020447 8.0 22
1747197020463 8.0 22
1747197020481 8.0 22
1747197020506 8.0 22
1747197020522 8.0 22
1747197020538 8.0 22
1747197020555 8.0 22
1747197020571 8.0 22
1747197020588 3.0 22
1747197020605 3.0 22
1747197020621 3.0 22
1747197020638 3.0 22
1747197020655 3.0 22
1747197020672 1.0 22
1747197020690 1.0 22
1747197020706 1.0 22
1747197020722 1.0 22
1747197020739 1.0 22
1747197020755 1.0 22
1747197020771 1.0 22
1747197020787 1.0 22
1747197020804 1.0 22
1747197020821 1.0 22
1747197020837 1.0 22
1747197020854 1.0 22
1747197021073 30.0 23
1747197021094 30.0 23
1747197021113 30.0 23
1747197021132 30.0 23
1747197021151 30.0 23
1747197021169 29.0 23
1747197021186 21.0 23
1747197021203 21.0 23
1747197021219 20.0 23
1747197021236 20.0 23
1747197021252 20.0 23
1747197021268 19.0 23
1747197021285 19.0 23
1747197021302 19.0 23
1747197021319 19.0 23
1747197021335 19.0 23
1747197021352 18.0 23
1747197021370 18.0 23
1747197021385 18.0 23
1747197021402 17.0 23
1747197021418 17.0 23
1747197021434 17.0 23
1747197021451 17.0 23
1747197021468 17.0 23
1747197021485 17.0 23
1747197021501 17.0 23
1747197021516 17.0 23
1747197021532 17.0 23
1747197021548 17.0 23
1747197021565 17.0 23
1747197021581 17.0 23
1747197021597 16.0 23
1747197021615 15.0 23
1747197021636 15.0 23
1747197021656 15.0 23
1747197021672 15.0 23
1747197021690 15.0 23
1747197021708 9.0 23
1747197021723 9.0 23
1747197021740 9.0 23
1747197021756 9.0 23
1747197021773 9.0 23
1747197021790 9.0 23
1747197021805 9.0 23
1747197021822 9.0 23
1747197021839 9.0 23
1747197021856 9.0 23
1747197021872 9.0 23
1747197021889 9.0 23
1747197021906 7.0 23
1747197021924 7.0 23
1747197021940 7.0 23
1747197021956 7.0 23
1747197021972 7.0 23
1747197021988 7.0 23
1747197022005 7.0 23
1747197022021 7.0 23
1747197022038 7.0 23
1747197022054 7.0 23
1747197022071 3.0 23
1747197022088 3.0 23
1747197022105 3.0 23
1747197022121 3.0 23
1747197022138 3.0 23
1747197022154 1.0 23
1747197022171 1.0 23
1747197022187 1.0 23
1747197022204 1.0 23
1747197022220 1.0 23
1747197022237 1.0 23
1747197022253 1.0 23
1747197022271 1.0 23
1747197022288 1.0 23
1747197022304 1.0 23
1747197022321 1.0 23
1747197022339 1.0 23
1747197022553 30.0 24
1747197022573 30.0 24
1747197022593 30.0 24
1747197022613 30.0 24
1747197022634 30.0 24
1747197022653 29.0 24
1747197022673 24.0 24
1747197022694 24.0 24
1747197022713 23.0 24
1747197022732 22.0 24
1747197022751 22.0 24
1747197022773 22.0 24
1747197022793 22.0 24
1747197022812 22.0 24
1747197022828 21.0 24
1747197022846 20.0 24
1747197022861 20.0 24
1747197022878 20.0 24
1747197022894 20.0 24
1747197022911 20.0 24
1747197022927 19.0 24
1747197022945 19.0 24
1747197022962 19.0 24
1747197022980 19.0 24
1747197022996 19.0 24
1747197023013 19.0 24
1747197023030 19.0 24
1747197023046 19.0 24
1747197023062 19.0 24
1747197023079 19.0 24
1747197023096 19.0 24
1747197023112 19.0 24
1747197023129 18.0 24
1747197023146 18.0 24
1747197023164 18.0 24
1747197023180 18.0 24
1747197023197 18.0 24
1747197023213 8.0 24
1747197023230 8.0 24
1747197023247 8.0 24
1747197023264 8.0 24
1747197023280 7.0 24
1747197023296 6.0 24
1747197023314 6.0 24
1747197023330 6.0 24
1747197023346 6.0 24
1747197023364 6.0 24
1747197023380 6.0 24
1747197023396 6.0 24
1747197023414 6.0 24
1747197023431 6.0 24
1747197023448 6.0 24
1747197023464 6.0 24
1747197023481 6.0 24
1747197023498 6.0 24
1747197023515 6.0 24
1747197023532 6.0 24
1747197023550 6.0 24
1747197023566 6.0 24
1747197023583 3.0 24
1747197023600 3.0 24
1747197023616 3.0 24
1747197023633 3.0 24
1747197023650 3.0 24
1747197023667 1.0 24
1747197023682 1.0 24
1747197023700 1.0 24
1747197023717 1.0 24
1747197023733 1.0 24
1747197023750 1.0 24
1747197023766 1.0 24
1747197023783 1.0 24
1747197023800 1.0 24
1747197023816 1.0 24
1747197023834 1.0 24
1747197023850 1.0 24
1747197024070 30.0 25
1747197024090 30.0 25
1747197024110 30.0 25
1747197024132 30.0 25
1747197024152 30.0 25
1747197024170 28.0 25
1747197024186 22.0 25
1747197024204 22.0 25
1747197024221 21.0 25
1747197024238 21.0 25
1747197024254 21.0 25
1747197024270 20.0 25
1747197024285 20.0 25
1747197024302 20.0 25
1747197024318 20.0 25
1747197024335 20.0 25
1747197024351 19.0 25
1747197024368 19.0 25
1747197024385 19.0 25
1747197024402 19.0 25
1747197024418 19.0 25
1747197024435 19.0 25
1747197024451 19.0 25
1747197024469 19.0 25
1747197024488 19.0 25
1747197024504 19.0 25
1747197024520 19.0 25
1747197024537 19.0 25
1747197024554 19.0 25
1747197024571 19.0 25
1747197024589 19.0 25
1747197024608 19.0 25
1747197024627 19.0 25
1747197024644 19.0 25
1747197024660 18.0 25
1747197024676 18.0 25
1747197024694 18.0 25
1747197024711 10.0 25
1747197024726 9.0 25
1747197024742 9.0 25
1747197024760 9.0 25
1747197024776 9.0 25
1747197024792 8.0 25
1747197024809 8.0 25
1747197024825 8.0 25
1747197024842 6.0 25
1747197024858 6.0 25
1747197024875 6.0 25
1747197024891 6.0 25
1747197024906 6.0 25
1747197024923 6.0 25
1747197024940 6.0 25
1747197024956 6.0 25
1747197024972 6.0 25
1747197024989 6.0 25
1747197025005 6.0 25
1747197025022 6.0 25
1747197025038 6.0 25
1747197025055 6.0 25
1747197025071 3.0 25
1747197025088 3.0 25
1747197025106 3.0 25
1747197025122 3.0 25
1747197025139 3.0 25
1747197025214 1.0 25
1747197025230 1.0 25
1747197025248 1.0 25
1747197025265 1.0 25
1747197025282 1.0 25
1747197025301 1.0 25
1747197025317 1.0 25
1747197025334 1.0 25
1747197025351 1.0 25
1747197025368 1.0 25
1747197025395 1.0 25
1747197025412 1.0 25
1747197025648 30.0 26
1747197025671 30.0 26
1747197025693 30.0 26
1747197025714 30.0 26
1747197025735 30.0 26
1747197025762 28.0 26
1747197025783 23.0 26
1747197025800 23.0 26
1747197025818 23.0 26
1747197025840 23.0 26
1747197025858 23.0 26
1747197025876 21.0 26
1747197025894 21.0 26
1747197025912 21.0 26
1747197025928 19.0 26
1747197025945 19.0 26
1747197025961 19.0 26
1747197025981 19.0 26
1747197025999 19.0 26
1747197026015 19.0 26
1747197026031 19.0 26
1747197026047 19.0 26
1747197026062 19.0 26
1747197026080 19.0 26
1747197026097 19.0 26
1747197026113 19.0 26
1747197026130 19.0 26
1747197026147 19.0 26
1747197026164 19.0 26
1747197026180 19.0 26
1747197026197 19.0 26
1747197026214 19.0 26
1747197026233 19.0 26
1747197026250 19.0 26
1747197026267 19.0 26
1747197026283 19.0 26
1747197026300 19.0 26
1747197026316 11.0 26
1747197026333 11.0 26
1747197026352 11.0 26
1747197026371 11.0 26
1747197026388 11.0 26
1747197026406 11.0 26
1747197026423 10.0 26
1747197026440 10.0 26
1747197026457 9.0 26
1747197026476 9.0 26
1747197026493 9.0 26
1747197026510 9.0 26
1747197026527 8.0 26
1747197026544 8.0 26
1747197026561 8.0 26
1747197026578 8.0 26
1747197026595 8.0 26
1747197026612 8.0 26
1747197026629 8.0 26
1747197026646 8.0 26
1747197026662 8.0 26
1747197026679 8.0 26
1747197026696 3.0 26
1747197026713 3.0 26
1747197026731 3.0 26
1747197026747 3.0 26
1747197026763 3.0 26
1747197026779 1.0 26
1747197026795 1.0 26
1747197026812 1.0 26
1747197026829 1.0 26
1747197026847 1.0 26
1747197026866 1.0 26
1747197026882 1.0 26
1747197026899 1.0 26
1747197026915 1.0 26
1747197026931 1.0 26
1747197026948 1.0 26
1747197026965 1.0 26
1747197027220 30.0 27
1747197027242 30.0 27
1747197027263 30.0 27
1747197027285 30.0 27
1747197027304 30.0 27
1747197027323 27.0 27
1747197027341 22.0 27
1747197027359 22.0 27
1747197027375 21.0 27
1747197027393 21.0 27
1747197027408 21.0 27
1747197027425 20.0 27
1747197027441 20.0 27
1747197027458 20.0 27
1747197027477 19.0 27
1747197027497 19.0 27
1747197027515 19.0 27
1747197027531 19.0 27
1747197027547 18.0 27
1747197027563 18.0 27
1747197027581 18.0 27
1747197027597 18.0 27
1747197027613 18.0 27
1747197027629 18.0 27
1747197027646 18.0 27
1747197027662 17.0 27
1747197027681 16.0 27
1747197027697 16.0 27
1747197027713 16.0 27
1747197027730 16.0 27
1747197027749 16.0 27
1747197027781 16.0 27
1747197027799 16.0 27
1747197027817 16.0 27
1747197027833 16.0 27
1747197027849 16.0 27
1747197027865 16.0 27
1747197027881 9.0 27
1747197027897 9.0 27
1747197027917 9.0 27
1747197027933 9.0 27
1747197027950 9.0 27
1747197027968 9.0 27
1747197027984 9.0 27
1747197028000 9.0 27
1747197028015 8.0 27
1747197028033 8.0 27
1747197028048 8.0 27
1747197028064 8.0 27
1747197028080 7.0 27
1747197028096 7.0 27
1747197028113 7.0 27
1747197028129 7.0 27
1747197028145 7.0 27
1747197028162 7.0 27
1747197028178 7.0 27
1747197028194 7.0 27
1747197028210 7.0 27
1747197028227 7.0 27
1747197028245 4.0 27
1747197028261 4.0 27
1747197028279 4.0 27
1747197028296 4.0 27
1747197028313 4.0 27
1747197028330 2.0 27
1747197028346 2.0 27
1747197028363 2.0 27
1747197028380 2.0 27
1747197028397 2.0 27
1747197028413 2.0 27
1747197028430 2.0 27
1747197028448 2.0 27
1747197028464 2.0 27
1747197028481 2.0 27
1747197028498 2.0 27
1747197028513 2.0 27
1747197028530 1.0 27
1747197028547 1.0 27
1747197028564 1.0 27
1747197028581 1.0 27
1747197028599 1.0 27
1747197028615 1.0 27
1747197028631 1.0 27
1747197028647 1.0 27
1747197028664 1.0 27
1747197028681 1.0 27
1747197028698 1.0 27
1747197028713 1.0 27
1747197028731 1.0 27
1747197028747 1.0 27
1747197028763 1.0 27
1747197028780 1.0 27
1747197028796 1.0 27
1747197028812 1.0 27
1747197028830 1.0 27
1747197028848 1.0 27
1747197029068 30.0 28
1747197029090 30.0 28
1747197029114 30.0 28
1747197029144 30.0 28
1747197029165 29.0 28
1747197029185 26.0 28
1747197029204 19.0 28
1747197029224 19.0 28
1747197029244 18.0 28
1747197029263 18.0 28
1747197029280 18.0 28
1747197029296 18.0 28
1747197029313 18.0 28
1747197029330 18.0 28
1747197029346 18.0 28
1747197029363 18.0 28
1747197029380 17.0 28
1747197029399 17.0 28
1747197029416 17.0 28
1747197029431 17.0 28
1747197029448 17.0 28
1747197029465 17.0 28
1747197029482 17.0 28
1747197029504 17.0 28
1747197029521 17.0 28
1747197029538 17.0 28
1747197029555 17.0 28
1747197029572 17.0 28
1747197029588 17.0 28
1747197029605 17.0 28
1747197029621 17.0 28
1747197029640 17.0 28
1747197029660 17.0 28
1747197029680 17.0 28
1747197029707 17.0 28
1747197029727 17.0 28
1747197029745 17.0 28
1747197029760 12.0 28
1747197029777 12.0 28
1747197029794 12.0 28
1747197029810 11.0 28
1747197029827 11.0 28
1747197029844 11.0 28
1747197029860 11.0 28
1747197029877 11.0 28
1747197029894 11.0 28
1747197029913 11.0 28
1747197029930 11.0 28
1747197029947 11.0 28
1747197029966 9.0 28
1747197029981 9.0 28
1747197029998 9.0 28
1747197030014 9.0 28
1747197030031 9.0 28
1747197030048 9.0 28
1747197030065 9.0 28
1747197030082 9.0 28
1747197030099 9.0 28
1747197030115 9.0 28
1747197030133 3.0 28
1747197030148 3.0 28
1747197030165 3.0 28
1747197030181 3.0 28
