1747197058803 0.36666666666666664 1
1747197058829 1.1066666666666665 1
1747197058854 2.228888888888889 1
1747197058879 3.744444444444445 1
1747197058903 5.664444444444444 1
1747197058925 7.78 1
1747197058946 10.285555555555558 1
1747197058968 12.801111111111112 1
1747197058986 15.287777777777778 1
1747197059004 17.787777777777777 1
1747197059020 20.183333333333334 1
1747197059035 22.823333333333334 1
1747197059052 25.712222222222223 1
1747197059068 28.683333333333334 1
1747197059086 31.9 1
1747197059102 35.36666666666667 1
1747197059121 39.08777777777778 1
1747197059143 42.40777777777778 1
1747197059160 45.720000000000006 1
1747197059177 49.004444444444445 1
1747197059193 52.49555555555556 1
1747197059210 55.413333333333334 1
1747197059227 58.483333333333334 1
1747197059245 61.705555555555556 1
1747197059262 65.08222222222223 1
1747197059278 68.61333333333333 1
1747197059296 72.2988888888889 1
1747197059313 76.1388888888889 1
1747197059335 80.13333333333335 1
1747197059351 84.28444444444446 1
1747197059366 88.59222222222223 1
1747197059385 93.05666666666667 1
1747197059400 97.68 1
1747197059422 102.46222222222222 1
1747197059440 107.40333333333335 1
1747197059462 112.50555555555556 1
1747197059482 117.7688888888889 1
1747197059497 123.19333333333336 1
1747197059518 128.78111111111113 1
1747197059534 134.53444444444446 1
1747197059550 140.4577777777778 1
1747197059567 146.55333333333334 1
1747197059583 152.3 1
1747197059601 158.21111111111114 1
1747197059618 164.29111111111112 1
1747197059633 170.54666666666668 1
1747197059650 176.98444444444445 1
1747197059666 183.61111111111114 1
1747197059684 190.43333333333337 1
1747197059700 196.70444444444448 1
1747197059717 203.1477777777778 1
1747197059732 209.76777777777778 1
1747197059750 215.81888888888892 1
1747197059766 222.01888888888888 1
1747197059783 228.3677777777778 1
1747197059799 234.86777777777777 1
1747197059825 241.51888888888888 1
1747197059838 245.48555555555555 1
1747197059855 246.20666666666665 1
1747197059874 246.94 1
1747197059890 247.68555555555557 1
1747197059907 248.4433333333333 1
1747197059922 249.2133333333333 1
1747197059940 249.99555555555554 1
1747197060160 0.36666666666666664 2
1747197060183 1.111111111111111 2
1747197060206 2.246666666666667 2
1747197060228 3.7911111111111118 2
1747197060249 5.760000000000001 2
1747197060270 8.16888888888889 2
1747197060293 11.033333333333335 2
1747197060313 14.173333333333336 2
1747197060332 17.40111111111111 2
1747197060351 20.75 2
1747197060369 24.06222222222222 2
1747197060385 27.142222222222227 2
1747197060401 30.522222222222226 2
1747197060417 34.208888888888886 2
1747197060435 38.208888888888886 2
1747197060451 42.52888888888889 2
1747197060467 47.175555555555555 2
1747197060491 52.15555555555556 2
1747197060507 57.473333333333336 2
1747197060526 62.64666666666667 2
1747197060543 68.14444444444445 2
1747197060560 72.40666666666668 2
1747197060577 76.88222222222223 2
1747197060594 81.57111111111111 2
1747197060610 86.47555555555556 2
1747197060628 91.59555555555556 2
1747197060644 96.93111111111112 2
1747197060660 102.48222222222223 2
1747197060677 108.2488888888889 2
1747197060693 114.23333333333335 2
1747197060709 120.43555555555557 2
1747197060726 126.85555555555557 2
1747197060742 133.49555555555557 2
1747197060758 140.35555555555555 2
1747197060775 147.4355555555556 2
1747197060789 154.73777777777778 2
1747197060806 162.26222222222225 2
1747197060824 170.00888888888892 2
1747197060838 177.9777777777778 2
1747197060857 186.16888888888892 2
1747197060872 194.5844444444445 2
1747197060890 203.2244444444445 2
1747197060908 212.09111111111116 2
1747197060926 221.18666666666667 2
1747197060942 230.51111111111112 2
1747197060959 240.0666666666667 2
1747197060976 249.85555555555558 2
1747197060990 259.88000000000005 2
1747197061007 270.1422222222223 2
1747197061023 280.64444444444445 2
1747197061039 291.3888888888889 2
1747197061057 302.3777777777778 2
1747197061074 312.96333333333337 2
1747197061090 323.78333333333336 2
1747197061105 334.8377777777778 2
1747197061124 346.12888888888887 2
1747197061139 357.6588888888889 2
1747197061155 362.33444444444444 2
1747197061172 363.77666666666664 2
1747197061189 365.2433333333333 2
1747197061204 366.7344444444444 2
1747197061222 368.24999999999994 2
1747197061238 369.78999999999996 2
1747197061254 371.3544444444444 2
1747197061269 372.14888888888885 2
1747197061286 372.9555555555555 2
1747197061302 373.7744444444444 2
1747197061319 374.60555555555555 2
1747197061336 375.44888888888886 2
1747197061354 376.3044444444444 2
1747197061370 377.1722222222222 2
1747197061386 378.0522222222222 2
1747197061402 378.9444444444444 2
1747197061418 379.84888888888884 2
1747197061435 380.7655555555555 2
1747197061451 381.6944444444444 2
1747197061467 382.6355555555555 2
1747197061483 383.58888888888885 2
1747197061499 384.55444444444436 2
1747197061517 385.5322222222222 2
1747197061532 386.5222222222222 2
1747197061548 387.5244444444444 2
1747197061564 388.5388888888889 2
1747197061581 389.56555555555553 2
1747197061597 390.60444444444437 2
1747197061617 391.6555555555555 2
1747197061631 392.71888888888884 2
1747197061646 393.7944444444444 2
1747197061663 394.8822222222222 2
1747197061681 395.98222222222216 2
1747197061697 397.0944444444444 2
1747197061713 398.21888888888884 2
1747197061731 399.35555555555555 2
1747197061746 400.5044444444444 2
1747197061764 401.6655555555555 2
1747197061978 0.36666666666666664 3
1747197062001 1.1066666666666665 3
1747197062023 2.226666666666667 3
1747197062045 3.733333333333334 3
1747197062068 5.635555555555555 3
1747197062089 7.94 3
1747197062110 10.655555555555557 3
1747197062131 13.693333333333333 3
1747197062151 16.927777777777777 3
1747197062171 20.31888888888889 3
1747197062188 23.912222222222226 3
1747197062209 27.432222222222222 3
1747197062226 31.274444444444445 3
1747197062247 35.272222222222226 3
1747197062264 39.58888888888889 3
1747197062281 44.228888888888896 3
1747197062298 49.19666666666667 3
1747197062316 53.61666666666667 3
1747197062332 58.32222222222222 3
1747197062349 63.07333333333334 3
1747197062365 68.1 3
1747197062381 72.63111111111111 3
1747197062399 77.38777777777777 3
1747197062417 82.07666666666667 3
1747197062434 86.98111111111112 3
1747197062452 92.10111111111112 3
1747197062468 97.43666666666668 3
1747197062491 102.9877777777778 3
1747197062508 108.75444444444446 3
1747197062528 114.7388888888889 3
1747197062544 120.94111111111114 3
1747197062562 127.36111111111111 3
1747197062580 134.00111111111113 3
1747197062596 140.86111111111114 3
1747197062612 147.94111111111113 3
1747197062630 155.24333333333334 3
1747197062647 162.76777777777778 3
1747197062664 170.51444444444448 3
1747197062681 178.48333333333338 3
1747197062697 186.67444444444448 3
1747197062715 195.09000000000006 3
1747197062731 203.73000000000002 3
1747197062746 212.5966666666667 3
1747197062763 221.69222222222226 3
1747197062781 231.0166666666667 3
1747197062797 240.57222222222225 3
1747197062814 250.36111111111117 3
1747197062830 260.38555555555564 3
1747197062846 270.64777777777783 3
1747197062863 281.15000000000003 3
1747197062880 291.89444444444445 3
1747197062896 302.8833333333333 3
1747197062914 314.1166666666667 3
1747197062929 325.59666666666664 3
1747197062947 337.3233333333333 3
1747197062964 349.2988888888888 3
1747197062981 361.5233333333333 3
1747197062997 369.03444444444443 3
1747197063012 373.3611111111111 3
1747197063029 377.76111111111106 3
1747197063045 382.2344444444444 3
1747197063061 386.7811111111111 3
1747197063078 391.4011111111111 3
1747197063094 396.0944444444444 3
1747197063113 400.06666666666666 3
1747197063130 404.1 3
1747197063148 408.19444444444446 3
1747197063165 412.35 3
1747197063182 416.56666666666666 3
1747197063199 420.8444444444444 3
1747197063219 425.1833333333333 3
1747197063232 429.58333333333326 3
1747197063248 434.0444444444444 3
1747197063266 438.5666666666666 3
1747197063280 443.15 3
1747197063298 447.7944444444444 3
1747197063315 452.49999999999994 3
1747197063331 457.2666666666666 3
1747197063348 462.0944444444444 3
1747197063368 466.9833333333333 3
1747197063383 471.9333333333333 3
1747197063399 476.9444444444444 3
1747197063414 482.0166666666666 3
1747197063432 487.1499999999999 3
1747197063448 492.3444444444444 3
1747197063465 497.59999999999997 3
1747197063480 502.91666666666663 3
1747197063499 508.2944444444444 3
1747197063515 512.6455555555555 3
1747197063532 517.0455555555556 3
1747197063549 521.4944444444444 3
1747197063567 525.9922222222222 3
1747197063584 530.5388888888888 3
1747197063600 535.1344444444444 3
1747197063617 539.7788888888888 3
1747197063633 543.2988888888889 3
1747197063649 546.8555555555555 3
1747197063666 550.4488888888887 3
1747197063683 554.0788888888889 3
1747197063700 557.7455555555555 3
1747197063716 561.4488888888887 3
1747197063733 565.1888888888888 3
1747197063749 568.9655555555554 3
1747197063766 571.5077777777777 3
1747197063783 574.0744444444445 3
1747197063799 576.6655555555556 3
1747197063815 579.281111111111 3
1747197063832 581.921111111111 3
1747197063849 584.5855555555555 3
1747197063866 587.2744444444445 3
1747197063883 589.9877777777778 3
1747197063899 592.7255555555555 3
1747197063916 595.4877777777778 3
1747197063932 598.2744444444445 3
1747197063948 601.0855555555555 3
1747197063965 603.921111111111 3
1747197063983 606.781111111111 3
1747197064000 609.6655555555556 3
1747197064016 612.5744444444445 3
1747197064032 615.5077777777777 3
1747197064048 618.4655555555556 3
1747197064064 621.4477777777777 3
1747197064082 624.4544444444443 3
1747197064097 627.4855555555555 3
1747197064113 630.5411111111111 3
1747197064130 633.6211111111111 3
1747197064146 636.7255555555555 3
1747197064163 639.8544444444444 3
1747197064179 643.0077777777777 3
1747197064196 646.1855555555555 3
1747197064215 649.3877777777777 3
1747197064230 652.6144444444443 3
1747197064246 655.8655555555556 3
1747197064263 659.1411111111112 3
1747197064279 662.4411111111111 3
1747197064297 665.7655555555556 3
1747197064313 669.1144444444443 3
1747197064329 672.4877777777778 3
1747197064347 675.8855555555555 3
1747197064364 679.3077777777778 3
1747197064380 682.7544444444444 3
1747197064397 686.2255555555555 3
1747197064415 689.7211111111111 3
1747197064432 693.2411111111111 3
1747197064449 696.7855555555556 3
1747197064466 700.3544444444444 3
1747197064484 703.9477777777777 3
1747197064500 705.7566666666665 3
1747197064517 707.5777777777778 3
1747197064532 709.411111111111 3
1747197064551 711.2566666666665 3
1747197064572 713.1144444444443 3
1747197064588 714.9844444444444 3
1747197064602 716.8666666666667 3
1747197064619 718.7611111111111 3
1747197064636 720.6677777777778 3
1747197064652 722.5866666666666 3
1747197064668 724.5177777777777 3
1747197064687 726.4611111111111 3
1747197064905 0.36666666666666664 4
1747197064928 1.1066666666666665 4
1747197064950 2.226666666666667 4
1747197064972 3.733333333333334 4
1747197064995 5.633333333333334 4
1747197065017 7.933333333333334 4
1747197065038 10.640000000000002 4
1747197065060 13.76 4
1747197065080 16.86 4
1747197065099 20.095555555555556 4
1747197065118 23.561111111111114 4
1747197065136 27.38777777777778 4
1747197065154 31.403333333333332 4
1747197065173 35.77444444444445 4
1747197065191 40.507777777777775 4
1747197065209 45.41444444444445 4
1747197065227 50.684444444444445 4
1747197065247 56.10444444444445 4
1747197065264 61.88888888888889 4
1747197065281 67.06 4
1747197065297 72.55111111111111 4
1747197065314 77.58444444444444 4
1747197065330 82.60444444444444 4
1747197065346 87.88000000000001 4
1747197065363 93.41333333333334 4
1747197065380 99.20444444444446 4
1747197065397 105.25555555555556 4
1747197065413 111.56666666666668 4
1747197065430 118.13777777777779 4
1747197065451 124.97333333333334 4
1747197065468 132.07333333333335 4
1747197065485 139.44000000000003 4
1747197065500 147.07555555555558 4
1747197065516 154.98222222222225 4
1747197065533 163.16 4
1747197065549 171.61111111111114 4
1747197065566 180.33555555555557 4
1747197065583 189.33333333333337 4
1747197065600 198.60444444444448 4
1747197065616 208.14888888888893 4
1747197065633 217.96888888888896 4
1747197065649 228.0666666666667 4
1747197065665 238.4466666666667 4
1747197065683 249.11333333333334 4
1747197065700 260.0666666666667 4
1747197065715 271.31111111111113 4
1747197065733 282.85111111111115 4
1747197065748 294.6911111111112 4
1747197065765 306.8355555555556 4
1747197065782 318.6777777777778 4
1747197065799 330.8211111111111 4
1747197065816 343.27000000000004 4
1747197065833 356.0266666666667 4
1747197065850 369.0933333333333 4
1747197065867 382.47 4
1747197065885 396.1611111111111 4
1747197065899 410.16666666666663 4
1747197065916 421.6511111111111 4
1747197065934 430.0533333333333 4
1747197065952 435.1866666666666 4
1747197065968 440.4055555555555 4
1747197065985 445.71 4
1747197066001 451.09999999999997 4
1747197066016 456.5755555555555 4
1747197066032 462.1366666666666 4
1747197066049 467.78333333333336 4
1747197066065 473.5155555555556 4
1747197066082 479.3333333333333 4
1747197066098 485.2366666666666 4
1747197066114 491.22555555555556 4
1747197066130 497.29999999999995 4
1747197066147 503.46 4
1747197066166 509.7055555555555 4
1747197066182 516.0366666666666 4
1747197066199 522.4533333333333 4
1747197066215 528.9555555555555 4
1747197066230 535.5433333333333 4
1747197066246 542.2166666666666 4
1747197066263 548.9755555555555 4
1747197066280 555.8199999999999 4
1747197066296 562.7499999999999 4
1747197066313 569.7655555555555 4
1747197066330 576.8666666666666 4
1747197066348 584.0533333333333 4
1747197066365 591.3255555555555 4
1747197066381 598.6833333333332 4
1747197066398 606.1266666666667 4
1747197066417 613.6555555555555 4
1747197066433 621.27 4
1747197066449 628.9699999999999 4
1747197066465 636.7555555555555 4
1747197066480 644.6266666666667 4
1747197066497 652.5833333333333 4
1747197066515 660.6255555555556 4
1747197066532 668.7533333333333 4
1747197066548 676.9666666666666 4
1747197066566 685.2655555555555 4
1747197066584 693.6499999999999 4
1747197066601 702.12 4
1747197066617 710.6755555555555 4
1747197066634 719.3166666666665 4
1747197066650 728.0433333333333 4
1747197066667 736.8555555555555 4
1747197066684 745.7533333333333 4
1747197066701 754.7366666666666 4
1747197066716 763.8055555555555 4
1747197066733 772.9599999999999 4
1747197066750 782.1999999999999 4
1747197066766 791.5255555555556 4
1747197066783 800.9366666666666 4
1747197066798 810.4333333333332 4
1747197066816 820.0155555555555 4
1747197066833 829.6833333333332 4
1747197066849 839.4366666666666 4
1747197066866 849.2755555555556 4
1747197066882 859.1999999999999 4
1747197066898 869.2099999999999 4
1747197066915 879.3055555555555 4
1747197066932 889.4866666666666 4
1747197066949 899.7533333333333 4
1747197066966 910.1055555555556 4
1747197066983 920.5433333333333 4
1747197067000 931.0666666666665 4
1747197067016 941.6755555555555 4
1747197067032 952.37 4
1747197067048 963.1499999999999 4
1747197067066 974.0155555555555 4
1747197067082 984.9666666666666 4
1747197067099 996.0033333333333 4
1747197067116 1007.1255555555556 4
1747197067133 1018.3333333333333 4
1747197067149 1029.6266666666666 4
1747197067166 1041.0055555555557 4
1747197067183 1052.47 4
1747197067200 1064.02 4
1747197067217 1075.6555555555556 4
1747197067233 1087.3766666666666 4
1747197067250 1099.1833333333334 4
1747197067266 1111.0755555555554 4
1747197067285 1123.0533333333333 4
1747197067309 1135.1166666666666 4
1747197067323 1147.2655555555555 4
1747197067341 1159.5 4
1747197067357 1171.82 4
1747197067376 1184.2255555555555 4
1747197067391 1196.7166666666667 4
1747197067408 1209.2933333333333 4
1747197067425 1220.1466666666668 4
1747197067442 1231.0733333333333 4
1747197067457 1240.24 4
1747197067475 1249.4677777777777 4
1747197067491 1258.756666666667 4
1747197067508 1268.1066666666668 4
1747197067523 1277.5177777777778 4
1747197067540 1286.99 4
1747197067558 1294.6166666666666 4
1747197067574 1302.292222222222 4
1747197067592 1308.0855555555556 4
1747197067608 1313.9155555555556 4
1747197067628 1317.8266666666668 4
1747197067642 1319.7944444444445 4
1747197067658 1321.7744444444443 4
1747197067676 1323.7666666666667 4
1747197067692 1325.771111111111 4
1747197067708 1327.7877777777778 4
1747197067724 1329.8166666666666 4
1747197067741 1331.8577777777778 4
1747197067757 1333.9111111111113 4
1747197067773 1335.9766666666667 4
1747197067790 1338.0544444444445 4
1747197067806 1340.1444444444446 4
1747197067823 1342.2466666666667 4
1747197067840 1344.361111111111 4
1747197067858 1346.4877777777776 4
1747197067874 1348.6266666666668 4
1747197067890 1350.7777777777778 4
1747197067907 1352.941111111111 4
1747197067924 1355.1166666666666 4
1747197067940 1357.3044444444445 4
1747197067958 1359.5044444444443 4
1747197067975 1361.7166666666667 4
1747197067991 1363.941111111111 4
1747197068010 1366.177777777778 4
1747197068023 1368.4266666666667 4
1747197068040 1370.6877777777777 4
1747197068057 1372.9611111111112 4
1747197068073 1375.2466666666667 4
1747197068089 1377.5444444444445 4
1747197068107 1379.8544444444444 4
1747197068123 1382.1766666666667 4
1747197068140 1384.5111111111112 4
1747197068158 1386.8577777777778 4
1747197068173 1389.2166666666667 4
1747197068190 1391.5877777777778 4
1747197068206 1393.971111111111 4
1747197068225 1396.3666666666666 4
1747197068239 1398.7744444444443 4
1747197068257 1401.1944444444446 4
1747197068273 1403.6266666666668 4
1747197068289 1406.0711111111111 4
1747197068306 1408.5277777777778 4
1747197068322 1410.9966666666667 4
1747197068341 1413.4777777777779 4
1747197068357 1415.971111111111 4
1747197068374 1418.4766666666667 4
1747197068389 1420.9944444444445 4
1747197068406 1423.5244444444443 4
1747197068424 1426.0666666666666 4
1747197068440 1428.621111111111 4
1747197068456 1431.1877777777777 4
1747197068472 1433.7666666666667 4
1747197068490 1436.3577777777778 4
1747197068507 1438.9611111111112 4
1747197068522 1441.5766666666668 4
1747197068538 1444.2044444444443 4
1747197068556 1446.8444444444444 4
1747197068572 1449.4966666666667 4
1747197068589 1452.1611111111113 4
1747197068605 1454.8377777777778 4
1747197068621 1457.5266666666669 4
1747197068639 1460.2277777777779 4
1747197068656 1462.941111111111 4
1747197068672 1465.6666666666667 4
1747197068690 1468.4044444444444 4
1747197068706 1471.1544444444444 4
1747197068723 1473.9166666666667 4
1747197068740 1476.691111111111 4
1747197068757 1479.4777777777779 4
1747197068774 1482.2766666666669 4
1747197068790 1485.0877777777778 4
1747197068806 1487.9111111111113 4
1747197068823 1490.7466666666667 4
1747197068840 1493.5944444444444 4
1747197068859 1496.4544444444443 4
1747197068875 1499.3266666666668 4
1747197068890 1502.2111111111112 4
1747197068908 1505.1077777777778 4
1747197068923 1508.0166666666667 4
1747197068940 1510.9377777777777 4
1747197068957 1513.871111111111 4
1747197068974 1516.8166666666666 4
1747197068990 1519.7744444444443 4
1747197069007 1522.7444444444445 4
1747197069024 1525.7266666666667 4
1747197069040 1528.721111111111 4
1747197069058 1531.7277777777779 4
1747197069074 1534.7466666666667 4
1747197069090 1537.7777777777778 4
1747197069107 1540.8211111111111 4
1747197069126 1543.8766666666668 4
1747197069143 1546.9444444444446 4
1747197069159 1550.0244444444443 4
1747197069174 1553.1166666666666 4
1747197069191 1556.221111111111 4
1747197069207 1559.3377777777778 4
1747197069225 1562.4666666666667 4
1747197069241 1565.6077777777778 4
1747197069257 1568.7611111111112 4
1747197069274 1571.9266666666667 4
1747197069290 1575.1044444444444 4
1747197069307 1578.2944444444445 4
1747197069321 1581.4966666666667 4
1747197069339 1584.7111111111112 4
1747197069356 1587.9377777777777 4
1747197069372 1591.1766666666667 4
1747197069389 1594.427777777778 4
1747197069406 1597.691111111111 4
1747197069423 1600.9666666666667 4
1747197069439 1604.2544444444443 4
1747197069455 1607.5544444444445 4
1747197069474 1610.8666666666666 4
1747197069489 1614.191111111111 4
1747197069506 1617.5277777777778 4
1747197069523 1620.8766666666668 4
1747197069539 1624.2377777777776 4
1747197069556 1627.611111111111 4
1747197069574 1630.9966666666667 4
1747197069590 1634.3944444444446 4
1747197069609 1637.8044444444445 4
1747197069627 1641.2266666666667 4
1747197069642 1644.6611111111113 4
1747197069659 1648.1077777777778 4
1747197069676 1651.5666666666666 4
1747197069691 1655.0377777777778 4
1747197069708 1658.521111111111 4
1747197069725 1662.0166666666667 4
1747197069741 1665.5244444444443 4
1747197069757 1669.0444444444445 4
1747197069774 1672.5766666666668 4
1747197069789 1676.121111111111 4
1747197069806 1679.677777777778 4
1747197069824 1683.2466666666667 4
1747197069841 1686.8277777777778 4
1747197069857 1690.421111111111 4
1747197069872 1694.0266666666669 4
1747197069890 1697.6444444444446 4
1747197069907 1701.2744444444443 4
1747197069923 1704.9166666666667 4
1747197069940 1708.5711111111111 4
1747197069955 1712.2377777777776 4
1747197069972 1715.9166666666667 4
1747197069988 1719.6077777777778 4
1747197070005 1723.311111111111 4
1747197070023 1727.0266666666664 4
1747197070044 1730.7544444444443 4
1747197070060 1734.4944444444443 4
1747197070077 1738.2466666666664 4
1747197070093 1742.011111111111 4
1747197070109 1745.7877777777778 4
1747197070125 1749.5766666666666 4
1747197070143 1753.3777777777775 4
1747197070159 1757.191111111111 4
1747197070176 1761.0166666666667 4
1747197070193 1764.8544444444444 4
1747197070210 1768.7044444444443 4
1747197070227 1772.5666666666666 4
1747197070245 1776.441111111111 4
1747197070261 1780.3277777777776 4
1747197070278 1784.2266666666665 4
1747197070294 1788.1377777777777 4
1747197070310 1792.061111111111 4
1747197070327 1795.9966666666664 4
1747197070343 1799.9444444444443 4
1747197070360 1803.9044444444444 4
1747197070376 1807.8766666666666 4
1747197070393 1811.8611111111109 4
1747197070410 1815.8577777777778 4
1747197070426 1819.8666666666666 4
1747197070443 1823.8877777777777 4
1747197070461 1827.921111111111 4
1747197070476 1831.9666666666667 4
1747197070494 1836.0244444444443 4
1747197070510 1840.0944444444442 4
1747197070529 1844.1766666666665 4
1747197070545 1848.271111111111 4
1747197070564 1852.3777777777775 4
1747197070580 1856.4966666666664 4
1747197070596 1860.6277777777775 4
1747197070613 1864.771111111111 4
1747197070629 1868.9266666666665 4
1747197070646 1873.0944444444442 4
1747197070662 1877.2744444444443 4
1747197070681 1881.4666666666667 4
1747197070696 1885.671111111111 4
1747197070712 1889.8877777777777 4
1747197070735 1894.1166666666666 4
1747197070749 1898.3577777777778 4
1747197070766 1902.6111111111109 4
1747197070781 1906.8766666666666 4
1747197070797 1911.1544444444444 4
1747197070815 1915.4444444444443 4
1747197070831 1919.7466666666664 4
1747197070847 1924.061111111111 4
1747197070865 1928.3877777777777 4
1747197070881 1932.7266666666665 4
1747197070899 1937.0777777777776 4
1747197070917 1941.441111111111 4
1747197070933 1945.8166666666666 4
1747197070950 1950.2044444444443 4
1747197070967 1954.6044444444444 4
1747197070983 1959.0166666666667 4
1747197071000 1963.441111111111 4
1747197071018 1967.8777777777775 4
1747197071035 1972.3266666666666 4
1747197071052 1976.7877777777778 4
1747197071068 1981.261111111111 4
1747197071085 1985.7466666666664 4
1747197071101 1990.2444444444443 4
1747197071117 1994.7544444444443 4
1747197071134 1999.2766666666664 4
1747197071150 2003.811111111111 4
1747197071167 2008.3577777777778 4
1747197071185 2012.9166666666667 4
1747197071202 2017.4877777777776 4
1747197071218 2022.0711111111111 4
1747197071234 2026.6666666666667 4
1747197071251 2031.2744444444443 4
1747197071269 2035.8944444444444 4
1747197071284 2040.5266666666664 4
1747197071301 2045.171111111111 4
1747197071318 2049.8277777777776 4
1747197071335 2054.4966666666664 4
1747197071351 2059.1777777777775 4
1747197071367 2063.871111111111 4
1747197071385 2068.5766666666664 4
1747197071400 2073.2944444444443 4
1747197071417 2078.0244444444443 4
1747197071434 2082.766666666667 4
1747197071452 2087.521111111111 4
1747197071469 2092.2877777777776 4
1747197071486 2097.0666666666666 4
1747197071503 2101.8577777777778 4
1747197071518 2106.661111111111 4
1747197071536 2111.4766666666665 4
1747197071553 2116.3044444444445 4
1747197071570 2121.144444444444 4
1747197071587 2125.9966666666664 4
1747197071601 2130.861111111111 4
1747197071620 2135.737777777778 4
1747197071635 2140.6266666666666 4
1747197071651 2145.527777777778 4
1747197071669 2150.441111111111 4
1747197071686 2155.366666666667 4
1747197071702 2160.3044444444445 4
1747197071718 2165.2544444444443 4
1747197071736 2170.2166666666667 4
1747197071754 2175.191111111111 4
1747197071769 2180.1777777777775 4
1747197071786 2185.1766666666667 4
1747197071803 2190.1877777777777 4
1747197071818 2195.2111111111108 4
1747197071838 2200.2466666666664 4
1747197071853 2205.2944444444443 4
1747197071876 2210.354444444444 4
1747197071888 2215.4266666666667 4
1747197071906 2220.511111111111 4
1747197071921 2225.6077777777778 4
1747197071938 2230.7166666666667 4
1747197071955 2235.837777777778 4
1747197071971 2240.971111111111 4
1747197071987 2246.116666666667 4
1747197072004 2251.2744444444447 4
1747197072019 2256.4444444444443 4
1747197072037 2261.6266666666666 4
1747197072054 2266.821111111111 4
1747197072070 2272.027777777778 4
1747197072087 2277.2466666666664 4
1747197072103 2282.4777777777776 4
1747197072119 2287.721111111111 4
1747197072137 2292.976666666667 4
1747197072154 2298.244444444444 4
1747197072168 2303.5244444444447 4
1747197072186 2308.8166666666666 4
1747197072203 2314.121111111111 4
1747197072218 2319.4377777777777 4
1747197072236 2324.766666666667 4
1747197072252 2330.1077777777778 4
1747197072268 2335.4611111111108 4
1747197072286 2340.826666666667 4
1747197072302 2346.2044444444446 4
1747197072319 2351.5944444444444 4
1747197072335 2356.9966666666664 4
1747197072351 2362.411111111111 4
1747197072368 2367.837777777778 4
1747197072386 2373.2766666666666 4
1747197072402 2378.7277777777776 4
1747197072418 2384.1911111111112 4
1747197072436 2389.6666666666665 4
1747197072453 2395.1544444444444 4
1747197072469 2400.6544444444444 4
1747197072486 2406.1666666666665 4
1747197072502 2411.6911111111112 4
1747197072518 2417.2277777777776 4
1747197072536 2422.7766666666666 4
1747197072553 2428.337777777778 4
1747197072568 2433.911111111111 4
1747197072586 2439.4966666666664 4
1747197072603 2445.0944444444444 4
1747197072619 2450.7044444444446 4
1747197072637 2456.326666666667 4
1747197072654 2461.9611111111108 4
1747197072668 2467.6077777777778 4
1747197072686 2473.266666666667 4
1747197072703 2478.9377777777777 4
1747197072720 2484.621111111111 4
1747197072735 2490.3166666666666 4
1747197072757 2496.0244444444447 4
1747197072768 2501.744444444444 4
1747197072784 2507.476666666667 4
1747197072801 2513.221111111111 4
1747197072816 2518.9777777777776 4
1747197072834 2524.7466666666664 4
1747197072849 2530.527777777778 4
1747197072867 2536.321111111111 4
1747197072883 2542.1266666666666 4
1747197072900 2547.9444444444443 4
1747197072915 2553.7744444444447 4
1747197072933 2559.616666666667 4
1747197072950 2565.471111111111 4
1747197072966 2571.337777777778 4
1747197072987 2577.2166666666667 4
1747197073002 2583.1077777777778 4
1747197073017 2589.011111111111 4
1747197073032 2594.9266666666667 4
1747197073048 2600.854444444444 4
1747197073066 2606.7944444444443 4
1747197073081 2612.7466666666664 4
1747197073099 2618.7111111111108 4
1747197073116 2624.6877777777777 4
1747197073133 2630.6766666666667 4
1747197073151 2636.6777777777775 4
1747197073166 2642.6911111111112 4
1747197073184 2648.7166666666667 4
1747197073200 2654.7544444444443 4
1747197073219 2660.8044444444445 4
1747197073233 2666.866666666667 4
1747197073251 2672.9411111111112 4
1747197073267 2679.027777777778 4
1747197073282 2685.1266666666666 4
1747197073299 2691.237777777778 4
1747197073315 2697.361111111111 4
1747197073332 2703.4966666666664 4
1747197073348 2709.644444444444 4
1747197073365 2715.8044444444445 4
1747197073381 2721.976666666667 4
1747197073398 2728.161111111111 4
1747197073417 2734.3577777777778 4
1747197073433 2740.5666666666666 4
1747197073450 2746.7877777777776 4
1747197073468 2753.021111111111 4
1747197073484 2759.266666666667 4
1747197073501 2765.5244444444447 4
1747197073518 2771.7944444444443 4
1747197073535 2778.076666666667 4
1747197073553 2784.371111111111 4
1747197073568 2790.6777777777775 4
1747197073585 2796.9966666666664 4
1747197073602 2803.3277777777776 4
1747197073617 2809.6711111111113 4
1747197073633 2816.0266666666666 4
1747197073648 2822.394444444444 4
1747197073665 2828.7744444444447 4
1747197073683 2835.1666666666665 4
1747197073699 2841.571111111111 4
1747197073716 2847.987777777778 4
1747197073732 2854.4166666666665 4
1747197073749 2860.8577777777778 4
1747197073767 2867.311111111111 4
1747197073784 2873.7766666666666 4
1747197073799 2880.2544444444443 4
1747197073816 2886.744444444444 4
1747197073832 2893.2466666666664 4
1747197073849 2899.761111111111 4
1747197073867 2906.2877777777776 4
1747197073882 2912.826666666667 4
1747197073899 2919.3777777777777 4
1747197073915 2925.9411111111112 4
1747197073930 2932.516666666667 4
1747197073947 2939.104444444444 4
1747197073964 2945.7044444444446 4
1747197073982 2952.3166666666666 4
1747197073998 2958.9411111111112 4
1747197074015 2965.5777777777776 4
1747197074030 2972.226666666667 4
1747197074048 2978.8877777777775 4
1747197074064 2985.561111111111 4
1747197074080 2992.2466666666664 4
1747197074105 2998.9444444444443 4
1747197074122 3005.6544444444444 4
1747197074136 3012.3766666666666 4
1747197074152 3019.111111111111 4
1747197074170 3025.8577777777778 4
1747197074185 3032.616666666667 4
1747197074202 3039.3877777777775 4
1747197074221 3046.1711111111113 4
1747197074237 3052.9666666666667 4
1747197074251 3059.7744444444447 4
1747197074268 3066.5944444444444 4
1747197074285 3073.4266666666667 4
1747197074302 3080.271111111111 4
1747197074319 3087.1277777777777 4
1747197074336 3093.9966666666664 4
1747197074352 3100.8777777777777 4
1747197074369 3107.771111111111 4
1747197074385 3114.6766666666667 4
1747197074401 3121.5944444444444 4
1747197074417 3128.5244444444447 4
1747197074435 3135.4666666666667 4
1747197074449 3142.4211111111113 4
1747197074466 3149.3877777777775 4
1747197074483 3156.366666666667 4
1747197074500 3163.3577777777778 4
1747197074517 3170.361111111111 4
1747197074534 3177.3766666666666 4
1747197074550 3184.4044444444444 4
1747197074566 3191.4444444444443 4
1747197074585 3198.4966666666664 4
1747197074600 3205.561111111111 4
1747197074617 3212.6377777777775 4
1747197074637 3219.726666666667 4
1747197074652 3226.8277777777776 4
1747197074668 3233.9411111111112 4
1747197074686 3241.0666666666666 4
1747197074701 3248.2044444444446 4
1747197074717 3255.354444444444 4
1747197074734 3262.516666666667 4
1747197074752 3269.6911111111112 4
1747197074768 3276.8777777777777 4
1747197074786 3284.076666666667 4
1747197074802 3291.2877777777776 4
1747197074820 3298.511111111111 4
1747197074837 3305.7466666666664 4
1747197074853 3312.994444444444 4
1747197074869 3320.2544444444443 4
1747197074884 3327.5266666666666 4
1747197074900 3334.811111111111 4
1747197074918 3342.1077777777778 4
1747197074935 3349.4166666666665 4
1747197074954 3356.737777777778 4
1747197074969 3364.071111111111 4
1747197074987 3371.4166666666665 4
1747197075004 3378.7744444444447 4
1747197075019 3386.1444444444446 4
1747197075037 3393.5266666666666 4
1747197075054 3400.9211111111113 4
1747197075070 3408.3277777777776 4
1747197075086 3415.7466666666664 4
1747197075104 3423.1777777777775 4
1747197075120 3430.621111111111 4
1747197075138 3438.076666666667 4
1747197075154 3445.5444444444447 4
1747197075170 3453.0244444444447 4
1747197075187 3460.516666666667 4
1747197075203 3468.021111111111 4
1747197075219 3475.5377777777776 4
1747197075238 3483.0666666666666 4
1747197075253 3490.6077777777778 4
1747197075270 3498.1611111111115 4
1747197075295 3505.726666666667 4
1747197075310 3513.3044444444445 4
1747197075327 3520.894444444444 4
1747197075344 3528.4966666666664 4
1747197075360 3536.111111111111 4
1747197075377 3543.737777777778 4
1747197075394 3551.3766666666666 4
1747197075411 3559.0277777777783 4
1747197075427 3566.6911111111112 4
1747197075444 3574.366666666667 4
1747197075461 3582.0544444444445 4
1747197075477 3589.7544444444443 4
1747197075494 3597.4666666666667 4
1747197075510 3605.1911111111112 4
1747197075526 3612.927777777778 4
1747197075542 3620.6766666666667 4
1747197075561 3628.4377777777777 4
1747197075576 3636.2111111111108 4
1747197075594 3643.9966666666664 4
1747197075609 3651.7944444444443 4
1747197075627 3659.604444444444 4
1747197075643 3667.4266666666667 4
1747197075660 3675.2611111111114 4
1747197075676 3683.1077777777778 4
1747197075693 3690.9666666666667 4
1747197075712 3698.837777777778 4
1747197075727 3706.721111111111 4
1747197075745 3714.616666666667 4
1747197075762 3722.5244444444447 4
1747197075778 3730.444444444445 4
1747197075796 3738.3766666666666 4
1747197075812 3746.321111111111 4
1747197075828 3754.277777777778 4
1747197075846 3762.2466666666664 4
1747197075863 3770.2277777777776 4
1747197075880 3778.221111111111 4
1747197075896 3786.226666666667 4
1747197075913 3794.244444444445 4
1747197075928 3802.2744444444447 4
1747197075945 3810.3166666666666 4
1747197075963 3818.371111111111 4
1747197075981 3826.4377777777777 4
1747197075997 3834.516666666667 4
1747197076014 3842.6077777777778 4
1747197076031 3850.711111111111 4
1747197076048 3858.826666666667 4
1747197076065 3866.9544444444446 4
1747197076081 3875.0944444444444 4
1747197076097 3883.2466666666664 4
1747197076114 3891.411111111111 4
1747197076131 3899.587777777778 4
1747197076148 3907.7766666666666 4
1747197076164 3915.977777777778 4
1747197076180 3924.1911111111112 4
1747197076197 3932.4166666666665 4
1747197076216 3940.6544444444444 4
1747197076232 3948.9044444444444 4
1747197076249 3957.1666666666665 4
1747197076266 3965.4411111111112 4
1747197076283 3973.727777777778 4
1747197076300 3982.0266666666666 4
1747197076316 3990.337777777778 4
1747197076334 3998.661111111111 4
1747197076351 4006.9966666666664 4
1747197076367 4015.3444444444444 4
1747197076385 4023.7044444444446 4
1747197076401 4032.076666666667 4
1747197076418 4040.461111111111 4
1747197076435 4048.8577777777778 4
1747197076452 4057.266666666667 4
1747197076469 4065.6877777777777 4
1747197076486 4074.121111111111 4
1747197076504 4082.5666666666666 4
1747197076520 4091.0244444444447 4
1747197076536 4099.4944444444445 4
1747197076553 4107.9766666666665 4
1747197076570 4116.471111111111 4
1747197076587 4124.977777777777 4
1747197076604 4133.496666666667 4
1747197076619 4142.027777777777 4
1747197076637 4150.571111111111 4
1747197076654 4159.126666666667 4
1747197076669 4167.694444444444 4
1747197076685 4176.274444444444 4
1747197076703 4184.866666666667 4
1747197076719 4193.471111111111 4
1747197076736 4202.087777777778 4
1747197076753 4210.716666666666 4
1747197076768 4219.357777777778 4
1747197076786 4228.011111111112 4
1747197076801 4236.676666666667 4
1747197076818 4245.354444444444 4
1747197076837 4254.044444444445 4
1747197076852 4262.746666666667 4
1747197076869 4271.461111111111 4
1747197076885 4280.187777777778 4
1747197076903 4288.926666666667 4
1747197076920 4297.677777777778 4
1747197076935 4306.441111111111 4
1747197076953 4315.216666666666 4
1747197076969 4324.004444444445 4
1747197076987 4332.804444444444 4
1747197077004 4341.616666666667 4
1747197077019 4350.441111111111 4
1747197077036 4359.277777777778 4
1747197077054 4368.126666666667 4
1747197077069 4376.987777777777 4
1747197077087 4385.861111111111 4
1747197077104 4394.746666666667 4
1747197077120 4403.644444444445 4
1747197077138 4412.554444444444 4
1747197077155 4421.476666666667 4
1747197077171 4430.4111111111115 4
1747197077188 4439.357777777778 4
1747197077206 4448.316666666667 4
1747197077222 4457.287777777778 4
1747197077240 4466.271111111111 4
1747197077258 4475.266666666666 4
1747197077274 4484.274444444444 4
1747197077291 4493.294444444445 4
1747197077307 4502.326666666667 4
1747197077324 4511.371111111111 4
1747197077342 4520.427777777778 4
1747197077359 4529.496666666667 4
1747197077376 4538.5777777777785 4
1747197077392 4547.671111111111 4
1747197077408 4556.776666666668 4
1747197077425 4565.894444444445 4
1747197077442 4575.024444444444 4
1747197077459 4584.166666666667 4
1747197077476 4593.321111111111 4
1747197077492 4602.487777777777 4
1747197077513 4611.666666666667 4
1747197077532 4620.857777777778 4
1747197077550 4630.061111111111 4
1747197077566 4639.276666666668 4
1747197077581 4648.504444444445 4
1747197077598 4657.7444444444445 4
1747197077616 4666.996666666667 4
1747197077633 4676.261111111112 4
1747197077650 4685.537777777778 4
1747197077668 4694.826666666667 4
1747197077684 4704.127777777778 4
1747197077698 4713.441111111111 4
1747197077715 4722.766666666666 4
1747197077732 4732.104444444444 4
1747197077751 4741.454444444445 4
1747197077767 4750.816666666667 4
1747197077783 4760.191111111111 4
1747197077799 4769.5777777777785 4
1747197077816 4778.976666666667 4
1747197077833 4788.387777777778 4
1747197077850 4797.811111111111 4
1747197077867 4807.246666666667 4
1747197077884 4816.694444444444 4
1747197077900 4826.154444444444 4
1747197077917 4835.626666666667 4
1747197077936 4845.111111111111 4
1747197077952 4854.607777777778 4
1747197077969 4864.116666666667 4
1747197077985 4873.637777777778 4
1747197078000 4883.171111111111 4
1747197078017 4892.716666666666 4
1747197078035 4902.274444444444 4
1747197078050 4911.844444444445 4
1747197078068 4921.426666666667 4
1747197078085 4931.021111111111 4
1747197078100 4940.627777777778 4
1747197078117 4950.246666666667 4
1747197078134 4959.877777777778 4
1747197078151 4969.521111111111 4
1747197078167 4979.176666666667 4
1747197078184 4988.844444444445 4
1747197078202 4998.524444444444 4
1747197078217 5008.216666666666 4
1747197078234 5017.921111111111 4
1747197078249 5027.637777777778 4
1747197078266 5037.366666666667 4
1747197078283 5047.107777777778 4
1747197078299 5056.861111111111 4
1747197078317 5066.626666666667 4
1747197078332 5076.404444444444 4
1747197078349 5086.194444444444 4
1747197078364 5095.996666666667 4
1747197078380 5105.811111111111 4
1747197078397 5115.637777777778 4
1747197078413 5125.476666666667 4
1747197078431 5135.3277777777785 4
1747197078448 5145.191111111111 4
1747197078464 5155.066666666667 4
1747197078480 5164.954444444445 4
1747197078500 5174.854444444444 4
1747197078515 5184.766666666666 4
1747197078530 5194.691111111111 4
1747197078547 5204.627777777778 4
1747197078567 5214.576666666667 4
1747197078584 5224.537777777778 4
1747197078602 5234.511111111112 4
1747197078617 5244.496666666667 4
1747197078633 5254.4944444444445 4
1747197078651 5264.504444444445 4
1747197078668 5274.526666666668 4
1747197078685 5284.561111111111 4
1747197078700 5294.607777777778 4
1747197078717 5304.666666666667 4
1747197078734 5314.737777777777 4
1747197078751 5324.821111111111 4
1747197078765 5334.916666666667 4
1747197078783 5345.024444444444 4
1747197078798 5355.144444444445 4
1747197078816 5365.276666666668 4
1747197078833 5375.421111111111 4
1747197078852 5385.5777777777785 4
1747197078868 5395.746666666667 4
1747197078887 5405.927777777778 4
1747197078900 5416.121111111111 4
1747197078917 5426.326666666667 4
1747197078935 5436.544444444445 4
1747197078951 5446.774444444444 4
1747197078967 5457.016666666666 4
1747197078983 5467.271111111111 4
1747197079000 5477.537777777778 4
1747197079017 5487.816666666667 4
1747197079033 5498.107777777778 4
1747197079050 5508.4111111111115 4
1747197079066 5518.726666666667 4
1747197079084 5529.054444444444 4
1747197079099 5539.394444444445 4
1747197079116 5549.746666666668 4
1747197079132 5560.111111111111 4
1747197079149 5570.487777777777 4
1747197079165 5580.876666666666 4
1747197079182 5591.277777777777 4
1747197079198 5601.69111111111 4
1747197079214 5612.116666666666 4
1747197079230 5622.554444444443 4
1747197079245 5633.004444444444 4
1747197079262 5643.466666666665 4
1747197079279 5653.94111111111 4
1747197079294 5664.427777777777 4
1747197079312 5674.926666666666 4
1747197079328 5685.437777777778 4
1747197079344 5695.961111111112 4
1747197079360 5706.496666666668 4
1747197079379 5717.044444444445 4
1747197079396 5727.604444444444 4
1747197079411 5738.176666666666 4
1747197079427 5748.76111111111 4
1747197079443 5759.357777777777 4
1747197079460 5769.966666666665 4
1747197079475 5780.587777777777 4
1747197079490 5791.22111111111 4
1747197079508 5801.866666666666 4
1747197079525 5812.524444444443 4
1747197079541 5823.194444444443 4
1747197079558 5833.876666666666 4
1747197079573 5844.571111111111 4
1747197079591 5855.277777777778 4
1747197079609 5865.996666666668 4
1747197079624 5876.727777777778 4
1747197079641 5887.471111111111 4
1747197079658 5898.2266666666665 4
1747197079675 5908.994444444444 4
1747197079692 5919.774444444443 4
1747197079708 5930.566666666666 4
1747197079726 5941.37111111111 4
1747197079740 5952.187777777776 4
1747197079758 5963.0166666666655 4
1747197079774 5973.857777777777 4
1747197079789 5984.711111111111 4
1747197079810 5995.576666666666 4
1747197079825 6006.454444444445 4
1747197079841 6017.344444444445 4
1747197079857 6028.246666666668 4
1747197079874 6039.1611111111115 4
1747197079891 6050.087777777778 4
1747197079909 6061.026666666667 4
1747197079926 6071.977777777777 4
1747197079944 6082.94111111111 4
1747197079959 6093.916666666666 4
1747197079972 6104.9044444444435 4
1747197079990 6115.9044444444435 4
1747197080006 6126.916666666666 4
1747197080023 6137.94111111111 4
1747197080040 6148.977777777777 4
1747197080058 6160.026666666667 4
1747197080073 6171.087777777778 4
1747197080091 6182.1611111111115 4
1747197080108 6193.246666666668 4
1747197080125 6204.344444444445 4
1747197080142 6215.454444444445 4
1747197080159 6226.576666666666 4
1747197080175 6237.711111111111 4
1747197080192 6248.857777777777 4
1747197080208 6260.0166666666655 4
1747197080225 6271.187777777776 4
1747197080243 6282.37111111111 4
1747197080260 6293.566666666666 4
1747197080276 6304.774444444443 4
1747197080293 6315.994444444444 4
1747197080308 6327.2266666666665 4
1747197080326 6338.471111111111 4
1747197080342 6349.727777777778 4
1747197080357 6360.996666666668 4
1747197080375 6372.277777777778 4
1747197080391 6383.571111111111 4
1747197080409 6394.876666666666 4
1747197080421 6406.194444444443 4
1747197080439 6417.524444444443 4
1747197080457 6428.866666666666 4
1747197080475 6440.22111111111 4
1747197080492 6451.587777777777 4
1747197080508 6462.966666666665 4
1747197080525 6474.357777777777 4
1747197080540 6485.76111111111 4
1747197080557 6497.176666666666 4
1747197080573 6508.604444444444 4
1747197080587 6520.044444444445 4
1747197080605 6531.496666666668 4
1747197080620 6542.961111111112 4
1747197080636 6554.437777777778 4
1747197080653 6565.926666666666 4
1747197080668 6577.427777777777 4
1747197080687 6588.94111111111 4
1747197080703 6600.466666666665 4
1747197080720 6612.004444444444 4
1747197080738 6623.554444444443 4
1747197080755 6635.116666666666 4
1747197080770 6646.69111111111 4
1747197080786 6658.277777777777 4
1747197080804 6669.876666666666 4
1747197080818 6681.487777777777 4
1747197080835 6693.111111111111 4
1747197080853 6704.746666666668 4
1747197080872 6716.394444444445 4
1747197080885 6728.054444444444 4
1747197080902 6739.7266666666665 4
1747197080917 6751.411111111111 4
1747197080934 6763.107777777777 4
1747197080954 6774.816666666666 4
1747197080969 6786.537777777777 4
1747197080983 6798.27111111111 4
1747197080999 6810.0166666666655 4
1747197081017 6821.774444444443 4
1747197081032 6833.544444444444 4
1747197081048 6845.326666666666 4
1747197081066 6857.121111111111 4
1747197081082 6868.927777777778 4
1747197081097 6880.746666666668 4
1747197081113 6892.5777777777785 4
1747197081129 6904.421111111111 4
1747197081149 6916.276666666667 4
1747197081165 6928.144444444444 4
1747197081181 6940.024444444443 4
1747197081198 6951.916666666666 4
1747197081215 6963.82111111111 4
1747197081232 6975.7377777777765 4
1747197081248 6987.666666666666 4
1747197081265 6999.607777777777 4
1747197081280 7011.56111111111 4
1747197081297 7023.526666666667 4
1747197081314 7035.504444444445 4
1747197081331 7047.4944444444445 4
1747197081347 7059.496666666668 4
1747197081364 7071.511111111112 4
1747197081380 7083.537777777778 4
1747197081397 7095.576666666666 4
1747197081414 7107.627777777777 4
1747197081430 7119.69111111111 4
1747197081447 7131.7666666666655 4
1747197081464 7143.854444444443 4
1747197081482 7155.954444444444 4
1747197081500 7168.066666666666 4
1747197081518 7180.19111111111 4
1747197081532 7192.327777777778 4
1747197081549 7204.4766666666665 4
1747197081566 7216.637777777778 4
1747197081582 7228.811111111111 4
1747197081599 7240.996666666668 4
1747197081615 7253.194444444444 4
1747197081633 7265.404444444444 4
1747197081650 7277.626666666666 4
1747197081666 7289.86111111111 4
1747197081684 7302.107777777777 4
1747197081702 7314.366666666666 4
1747197081717 7326.637777777777 4
1747197081733 7338.92111111111 4
1747197081749 7351.216666666665 4
1747197081767 7363.524444444443 4
1747197081782 7375.844444444444 4
1747197081799 7388.176666666666 4
1747197081817 7400.521111111111 4
1747197081833 7412.877777777778 4
1747197081851 7425.246666666668 4
1747197081865 7437.627777777778 4
1747197081881 7450.021111111111 4
1747197081899 7462.426666666666 4
1747197081916 7474.844444444444 4
1747197081931 7487.274444444443 4
1747197081948 7499.716666666665 4
1747197081967 7512.17111111111 4
1747197081982 7524.637777777777 4
1747197081999 7537.116666666666 4
1747197082012 7549.607777777777 4
1747197082028 7562.11111111111 4
1747197082045 7574.626666666666 4
1747197082060 7587.154444444444 4
1747197082078 7599.694444444444 4
1747197082094 7612.246666666668 4
1747197082112 7624.811111111111 4
1747197082128 7637.387777777778 4
1747197082146 7649.9766666666665 4
1747197082163 7662.577777777778 4
1747197082178 7675.19111111111 4
1747197082198 7687.816666666666 4
1747197082213 7700.454444444444 4
1747197082227 7713.104444444443 4
1747197082245 7725.7666666666655 4
1747197082261 7738.44111111111 4
1747197082278 7751.127777777777 4
1747197082294 7763.826666666666 4
1747197082311 7776.537777777778 4
1747197082330 7789.261111111112 4
1747197082346 7801.996666666668 4
1747197082363 7814.7444444444445 4
1747197082379 7827.504444444445 4
1747197082397 7840.276666666667 4
1747197082413 7853.06111111111 4
1747197082430 7865.857777777777 4
1747197082448 7878.666666666666 4
1747197082464 7891.4877777777765 4
1747197082481 7904.32111111111 4
1747197082498 7917.166666666666 4
1747197082511 7930.024444444443 4
1747197082528 7942.894444444444 4
1747197082544 7955.776666666667 4
1747197082558 7968.671111111111 4
1747197082576 7981.5777777777785 4
1747197082594 7994.496666666668 4
1747197082609 8007.427777777778 4
1747197082626 8020.371111111111 4
1747197082643 8033.326666666666 4
1747197082660 8046.294444444444 4
1747197082677 8059.274444444443 4
1747197082694 8072.2666666666655 4
1747197082710 8085.27111111111 4
1747197082728 8098.287777777777 4
1747197082746 8111.316666666666 4
1747197082762 8124.357777777777 4
1747197082779 8137.411111111111 4
1747197082796 8150.4766666666665 4
1747197082814 8163.554444444444 4
1747197082830 8176.644444444445 4
1747197082846 8189.746666666668 4
1747197082863 8202.861111111111 4
1747197082878 8215.987777777778 4
1747197082897 8229.126666666667 4
1747197082919 8242.277777777777 4
1747197082931 8255.44111111111 4
1747197082949 8268.616666666665 4
1747197082967 8281.804444444444 4
1747197082982 8295.004444444443 4
1747197082998 8308.216666666665 4
1747197083015 8321.44111111111 4
1747197083032 8334.677777777777 4
1747197083048 8347.926666666666 4
1747197083066 8361.187777777777 4
1747197083084 8374.461111111112 4
1747197083101 8387.746666666668 4
1747197083115 8401.044444444446 4
1747197083134 8414.354444444445 4
