1747197058801 1.0 1
1747197058828 2.0 1
1747197058852 3.0 1
1747197058877 4.0 1
1747197058902 5.0 1
1747197058923 6.0 1
1747197058945 7.0 1
1747197058967 8.0 1
1747197058984 9.0 1
1747197059003 10.0 1
1747197059018 11.0 1
1747197059034 12.0 1
1747197059051 13.0 1
1747197059067 14.0 1
1747197059085 15.0 1
1747197059101 16.0 1
1747197059118 17.0 1
1747197059142 18.0 1
1747197059159 19.0 1
1747197059175 20.0 1
1747197059191 21.0 1
1747197059208 22.0 1
1747197059225 23.0 1
1747197059242 24.0 1
1747197059261 25.0 1
1747197059277 26.0 1
1747197059294 27.0 1
1747197059311 28.0 1
1747197059332 29.0 1
1747197059349 30.0 1
1747197059365 31.0 1
1747197059384 32.0 1
1747197059398 33.0 1
1747197059418 34.0 1
1747197059435 35.0 1
1747197059460 36.0 1
1747197059478 37.0 1
1747197059495 38.0 1
1747197059517 39.0 1
1747197059532 40.0 1
1747197059548 41.0 1
1747197059565 42.0 1
1747197059582 43.0 1
1747197059599 44.0 1
1747197059616 45.0 1
1747197059632 46.0 1
1747197059648 47.0 1
1747197059665 48.0 1
1747197059682 49.0 1
1747197059699 50.0 1
1747197059715 51.0 1
1747197059731 52.0 1
1747197059749 53.0 1
1747197059765 54.0 1
1747197059780 55.0 1
1747197059798 56.0 1
1747197059815 57.0 1
1747197059837 58.0 1
1747197059853 59.0 1
1747197059871 60.0 1
1747197059888 61.0 1
1747197059905 62.0 1
1747197059921 63.0 1
1747197059937 64.0 1
1747197060159 1.0 2
1747197060181 2.0 2
1747197060205 3.0 2
1747197060227 4.0 2
1747197060248 5.0 2
1747197060269 6.0 2
1747197060291 7.0 2
1747197060311 8.0 2
1747197060331 9.0 2
1747197060350 10.0 2
1747197060367 11.0 2
1747197060384 12.0 2
1747197060400 13.0 2
1747197060416 14.0 2
1747197060433 15.0 2
1747197060449 16.0 2
1747197060466 17.0 2
1747197060489 18.0 2
1747197060506 19.0 2
1747197060525 20.0 2
1747197060541 21.0 2
1747197060558 22.0 2
1747197060575 23.0 2
1747197060593 24.0 2
1747197060608 25.0 2
1747197060625 26.0 2
1747197060643 27.0 2
1747197060658 28.0 2
1747197060674 29.0 2
1747197060692 30.0 2
1747197060707 31.0 2
1747197060723 32.0 2
1747197060739 33.0 2
1747197060756 34.0 2
1747197060774 35.0 2
1747197060788 36.0 2
1747197060805 37.0 2
1747197060822 38.0 2
1747197060837 39.0 2
1747197060854 40.0 2
1747197060871 41.0 2
1747197060888 42.0 2
1747197060907 43.0 2
1747197060925 44.0 2
1747197060941 45.0 2
1747197060958 46.0 2
1747197060974 47.0 2
1747197060989 48.0 2
1747197061005 49.0 2
1747197061020 50.0 2
1747197061038 51.0 2
1747197061056 52.0 2
1747197061072 53.0 2
1747197061088 54.0 2
1747197061104 55.0 2
1747197061121 56.0 2
1747197061138 57.0 2
1747197061154 58.0 2
1747197061171 59.0 2
1747197061187 60.0 2
1747197061203 61.0 2
1747197061221 62.0 2
1747197061237 63.0 2
1747197061252 64.0 2
1747197061268 65.0 2
1747197061285 66.0 2
1747197061301 67.0 2
1747197061318 68.0 2
1747197061335 69.0 2
1747197061352 70.0 2
1747197061369 71.0 2
1747197061385 72.0 2
1747197061401 73.0 2
1747197061417 74.0 2
1747197061433 75.0 2
1747197061450 76.0 2
1747197061466 77.0 2
1747197061481 78.0 2
1747197061497 79.0 2
1747197061514 80.0 2
1747197061531 81.0 2
1747197061546 82.0 2
1747197061562 83.0 2
1747197061580 84.0 2
1747197061596 85.0 2
1747197061615 86.0 2
1747197061629 87.0 2
1747197061644 88.0 2
1747197061661 89.0 2
1747197061679 90.0 2
1747197061696 91.0 2
1747197061711 92.0 2
1747197061729 93.0 2
1747197061745 94.0 2
1747197061761 95.0 2
1747197061977 1.0 3
1747197061999 2.0 3
1747197062020 3.0 3
1747197062044 4.0 3
1747197062066 5.0 3
1747197062088 6.0 3
1747197062109 7.0 3
1747197062130 8.0 3
1747197062150 9.0 3
1747197062169 10.0 3
1747197062187 11.0 3
1747197062207 12.0 3
1747197062225 13.0 3
1747197062246 14.0 3
1747197062263 15.0 3
1747197062279 16.0 3
1747197062297 17.0 3
1747197062314 18.0 3
1747197062331 19.0 3
1747197062347 20.0 3
1747197062364 21.0 3
1747197062380 22.0 3
1747197062398 23.0 3
1747197062415 24.0 3
1747197062432 25.0 3
1747197062450 26.0 3
1747197062467 27.0 3
1747197062488 28.0 3
1747197062507 29.0 3
1747197062527 30.0 3
1747197062543 31.0 3
1747197062561 32.0 3
1747197062579 33.0 3
1747197062595 34.0 3
1747197062611 35.0 3
1747197062629 36.0 3
1747197062646 37.0 3
1747197062663 38.0 3
1747197062680 39.0 3
1747197062695 40.0 3
1747197062712 41.0 3
1747197062729 42.0 3
1747197062745 43.0 3
1747197062761 44.0 3
1747197062780 45.0 3
1747197062796 46.0 3
1747197062812 47.0 3
1747197062829 48.0 3
1747197062845 49.0 3
1747197062862 50.0 3
1747197062879 51.0 3
1747197062895 52.0 3
1747197062913 53.0 3
1747197062928 54.0 3
1747197062946 55.0 3
1747197062962 56.0 3
1747197062978 57.0 3
1747197062996 58.0 3
1747197063010 59.0 3
1747197063027 60.0 3
1747197063043 61.0 3
1747197063059 62.0 3
1747197063077 63.0 3
1747197063092 64.0 3
1747197063109 65.0 3
1747197063128 66.0 3
1747197063147 67.0 3
1747197063164 68.0 3
1747197063180 69.0 3
1747197063198 70.0 3
1747197063217 71.0 3
1747197063231 72.0 3
1747197063247 73.0 3
1747197063264 74.0 3
1747197063279 75.0 3
1747197063297 76.0 3
1747197063313 77.0 3
1747197063330 78.0 3
1747197063347 79.0 3
1747197063366 80.0 3
1747197063381 81.0 3
1747197063396 82.0 3
1747197063413 83.0 3
1747197063430 84.0 3
1747197063447 85.0 3
1747197063463 86.0 3
1747197063479 87.0 3
1747197063498 88.0 3
1747197063514 89.0 3
1747197063531 90.0 3
1747197063548 91.0 3
1747197063565 92.0 3
1747197063582 93.0 3
1747197063599 94.0 3
1747197063614 95.0 3
1747197063630 96.0 3
1747197063648 97.0 3
1747197063664 98.0 3
1747197063681 99.0 3
1747197063698 100.0 3
1747197063714 101.0 3
1747197063731 102.0 3
1747197063748 103.0 3
1747197063765 104.0 3
1747197063780 105.0 3
1747197063798 106.0 3
1747197063814 107.0 3
1747197063831 108.0 3
1747197063848 109.0 3
1747197063865 110.0 3
1747197063882 111.0 3
1747197063897 112.0 3
1747197063915 113.0 3
1747197063930 114.0 3
1747197063947 115.0 3
1747197063964 116.0 3
1747197063981 117.0 3
1747197063998 118.0 3
1747197064015 119.0 3
1747197064031 120.0 3
1747197064047 121.0 3
1747197064063 122.0 3
1747197064080 123.0 3
1747197064096 124.0 3
1747197064111 125.0 3
1747197064128 126.0 3
1747197064144 127.0 3
1747197064162 128.0 3
1747197064177 129.0 3
1747197064194 130.0 3
1747197064212 131.0 3
1747197064228 132.0 3
1747197064245 133.0 3
1747197064260 134.0 3
1747197064278 135.0 3
1747197064296 136.0 3
1747197064312 137.0 3
1747197064328 138.0 3
1747197064346 139.0 3
1747197064362 140.0 3
1747197064379 141.0 3
1747197064396 142.0 3
1747197064414 143.0 3
1747197064430 144.0 3
1747197064448 145.0 3
1747197064465 146.0 3
1747197064482 147.0 3
1747197064498 148.0 3
1747197064514 149.0 3
1747197064531 150.0 3
1747197064549 151.0 3
1747197064570 152.0 3
1747197064586 153.0 3
1747197064601 154.0 3
1747197064617 155.0 3
1747197064634 156.0 3
1747197064651 157.0 3
1747197064667 158.0 3
1747197064684 159.0 3
1747197064903 1.0 4
1747197064927 2.0 4
1747197064949 3.0 4
1747197064970 4.0 4
1747197064994 5.0 4
1747197065016 6.0 4
1747197065037 7.0 4
1747197065059 8.0 4
1747197065079 9.0 4
1747197065097 10.0 4
1747197065116 11.0 4
1747197065134 12.0 4
1747197065153 13.0 4
1747197065170 14.0 4
1747197065190 15.0 4
1747197065207 16.0 4
1747197065226 17.0 4
1747197065246 18.0 4
1747197065263 19.0 4
1747197065280 20.0 4
1747197065296 21.0 4
1747197065312 22.0 4
1747197065329 23.0 4
1747197065345 24.0 4
1747197065362 25.0 4
1747197065379 26.0 4
1747197065395 27.0 4
1747197065412 28.0 4
1747197065428 29.0 4
1747197065449 30.0 4
1747197065467 31.0 4
1747197065483 32.0 4
1747197065498 33.0 4
1747197065515 34.0 4
1747197065530 35.0 4
1747197065548 36.0 4
1747197065565 37.0 4
1747197065582 38.0 4
1747197065599 39.0 4
1747197065614 40.0 4
1747197065632 41.0 4
1747197065648 42.0 4
1747197065664 43.0 4
1747197065680 44.0 4
1747197065699 45.0 4
1747197065714 46.0 4
1747197065732 47.0 4
1747197065747 48.0 4
1747197065764 49.0 4
1747197065781 50.0 4
1747197065798 51.0 4
1747197065814 52.0 4
1747197065832 53.0 4
1747197065849 54.0 4
1747197065866 55.0 4
1747197065882 56.0 4
1747197065898 57.0 4
1747197065915 58.0 4
1747197065933 59.0 4
1747197065950 60.0 4
1747197065967 61.0 4
1747197065984 62.0 4
1747197065999 63.0 4
1747197066015 64.0 4
1747197066030 65.0 4
1747197066048 66.0 4
1747197066064 67.0 4
1747197066081 68.0 4
1747197066097 69.0 4
1747197066113 70.0 4
1747197066129 71.0 4
1747197066146 72.0 4
1747197066164 73.0 4
1747197066179 74.0 4
1747197066197 75.0 4
1747197066213 76.0 4
1747197066228 77.0 4
1747197066245 78.0 4
1747197066260 79.0 4
1747197066279 80.0 4
1747197066295 81.0 4
1747197066312 82.0 4
1747197066329 83.0 4
1747197066347 84.0 4
1747197066364 85.0 4
1747197066380 86.0 4
1747197066396 87.0 4
1747197066415 88.0 4
1747197066431 89.0 4
1747197066448 90.0 4
1747197066464 91.0 4
1747197066479 92.0 4
1747197066496 93.0 4
1747197066514 94.0 4
1747197066530 95.0 4
1747197066547 96.0 4
1747197066565 97.0 4
1747197066582 98.0 4
1747197066598 99.0 4
1747197066616 100.0 4
1747197066632 101.0 4
1747197066649 102.0 4
1747197066666 103.0 4
1747197066683 104.0 4
1747197066698 105.0 4
1747197066715 106.0 4
1747197066732 107.0 4
1747197066749 108.0 4
1747197066765 109.0 4
1747197066782 110.0 4
1747197066798 111.0 4
1747197066814 112.0 4
1747197066830 113.0 4
1747197066848 114.0 4
1747197066864 115.0 4
1747197066881 116.0 4
1747197066897 117.0 4
1747197066914 118.0 4
1747197066930 119.0 4
1747197066948 120.0 4
1747197066964 121.0 4
1747197066982 122.0 4
1747197066998 123.0 4
1747197067015 124.0 4
1747197067031 125.0 4
1747197067047 126.0 4
1747197067065 127.0 4
1747197067081 128.0 4
1747197067098 129.0 4
1747197067115 130.0 4
1747197067132 131.0 4
1747197067148 132.0 4
1747197067165 133.0 4
1747197067181 134.0 4
1747197067198 135.0 4
1747197067215 136.0 4
1747197067231 137.0 4
1747197067248 138.0 4
1747197067265 139.0 4
1747197067282 140.0 4
1747197067308 141.0 4
1747197067320 142.0 4
1747197067338 143.0 4
1747197067356 144.0 4
1747197067374 145.0 4
1747197067390 146.0 4
1747197067407 147.0 4
1747197067423 148.0 4
1747197067440 149.0 4
1747197067456 150.0 4
1747197067474 151.0 4
1747197067489 152.0 4
1747197067506 153.0 4
1747197067522 154.0 4
1747197067539 155.0 4
1747197067557 156.0 4
1747197067572 157.0 4
1747197067590 158.0 4
1747197067606 159.0 4
1747197067625 160.0 4
1747197067641 161.0 4
1747197067657 162.0 4
1747197067674 163.0 4
1747197067691 164.0 4
1747197067706 165.0 4
1747197067723 166.0 4
1747197067739 167.0 4
1747197067755 168.0 4
1747197067772 169.0 4
1747197067789 170.0 4
1747197067805 171.0 4
1747197067822 172.0 4
1747197067839 173.0 4
1747197067856 174.0 4
1747197067872 175.0 4
1747197067889 176.0 4
1747197067905 177.0 4
1747197067922 178.0 4
1747197067939 179.0 4
1747197067956 180.0 4
1747197067974 181.0 4
1747197067990 182.0 4
1747197068007 183.0 4
1747197068021 184.0 4
1747197068038 185.0 4
1747197068056 186.0 4
1747197068071 187.0 4
1747197068088 188.0 4
1747197068105 189.0 4
1747197068121 190.0 4
1747197068138 191.0 4
1747197068157 192.0 4
1747197068172 193.0 4
1747197068187 194.0 4
1747197068205 195.0 4
1747197068223 196.0 4
1747197068238 197.0 4
1747197068256 198.0 4
1747197068272 199.0 4
1747197068288 200.0 4
1747197068305 201.0 4
1747197068322 202.0 4
1747197068339 203.0 4
1747197068355 204.0 4
1747197068372 205.0 4
1747197068388 206.0 4
1747197068405 207.0 4
1747197068422 208.0 4
1747197068438 209.0 4
1747197068455 210.0 4
1747197068470 211.0 4
1747197068488 212.0 4
1747197068505 213.0 4
1747197068522 214.0 4
1747197068537 215.0 4
1747197068555 216.0 4
1747197068571 217.0 4
1747197068588 218.0 4
1747197068603 219.0 4
1747197068620 220.0 4
1747197068637 221.0 4
1747197068654 222.0 4
1747197068670 223.0 4
1747197068689 224.0 4
1747197068705 225.0 4
1747197068721 226.0 4
1747197068739 227.0 4
1747197068756 228.0 4
1747197068770 229.0 4
1747197068789 230.0 4
1747197068805 231.0 4
1747197068822 232.0 4
1747197068839 233.0 4
1747197068857 234.0 4
1747197068873 235.0 4
1747197068888 236.0 4
1747197068906 237.0 4
1747197068922 238.0 4
1747197068939 239.0 4
1747197068956 240.0 4
1747197068972 241.0 4
1747197068989 242.0 4
1747197069006 243.0 4
1747197069022 244.0 4
1747197069039 245.0 4
1747197069057 246.0 4
1747197069073 247.0 4
1747197069088 248.0 4
1747197069106 249.0 4
1747197069123 250.0 4
1747197069141 251.0 4
1747197069157 252.0 4
1747197069172 253.0 4
1747197069189 254.0 4
1747197069206 255.0 4
1747197069223 256.0 4
1747197069240 257.0 4
1747197069255 258.0 4
1747197069272 259.0 4
1747197069288 260.0 4
1747197069305 261.0 4
1747197069320 262.0 4
1747197069338 263.0 4
1747197069353 264.0 4
1747197069370 265.0 4
1747197069387 266.0 4
1747197069405 267.0 4
1747197069421 268.0 4
1747197069437 269.0 4
1747197069454 270.0 4
1747197069471 271.0 4
1747197069488 272.0 4
1747197069504 273.0 4
1747197069521 274.0 4
1747197069538 275.0 4
1747197069555 276.0 4
1747197069573 277.0 4
1747197069589 278.0 4
1747197069606 279.0 4
1747197069624 280.0 4
1747197069640 281.0 4
1747197069657 282.0 4
1747197069674 283.0 4
1747197069690 284.0 4
1747197069707 285.0 4
1747197069723 286.0 4
1747197069740 287.0 4
1747197069756 288.0 4
1747197069772 289.0 4
1747197069788 290.0 4
1747197069805 291.0 4
1747197069823 292.0 4
1747197069840 293.0 4
1747197069855 294.0 4
1747197069871 295.0 4
1747197069888 296.0 4
1747197069906 297.0 4
1747197069922 298.0 4
1747197069938 299.0 4
1747197069954 300.0 4
1747197069971 301.0 4
1747197069987 302.0 4
1747197070004 303.0 4
1747197070022 304.0 4
1747197070042 305.0 4
1747197070059 306.0 4
1747197070075 307.0 4
1747197070091 308.0 4
1747197070108 309.0 4
1747197070124 310.0 4
1747197070141 311.0 4
1747197070158 312.0 4
1747197070175 313.0 4
1747197070191 314.0 4
1747197070208 315.0 4
1747197070225 316.0 4
1747197070243 317.0 4
1747197070260 318.0 4
1747197070276 319.0 4
1747197070293 320.0 4
1747197070310 321.0 4
1747197070326 322.0 4
1747197070342 323.0 4
1747197070359 324.0 4
1747197070375 325.0 4
1747197070390 326.0 4
1747197070409 327.0 4
1747197070425 328.0 4
1747197070442 329.0 4
1747197070459 330.0 4
1747197070475 331.0 4
1747197070492 332.0 4
1747197070509 333.0 4
1747197070528 334.0 4
1747197070543 335.0 4
1747197070562 336.0 4
1747197070579 337.0 4
1747197070595 338.0 4
1747197070612 339.0 4
1747197070628 340.0 4
1747197070644 341.0 4
1747197070660 342.0 4
1747197070680 343.0 4
1747197070694 344.0 4
1747197070711 345.0 4
1747197070732 346.0 4
1747197070747 347.0 4
1747197070763 348.0 4
1747197070779 349.0 4
1747197070796 350.0 4
1747197070813 351.0 4
1747197070829 352.0 4
1747197070846 353.0 4
1747197070863 354.0 4
1747197070880 355.0 4
1747197070898 356.0 4
1747197070915 357.0 4
1747197070932 358.0 4
1747197070949 359.0 4
1747197070966 360.0 4
1747197070982 361.0 4
1747197070999 362.0 4
1747197071016 363.0 4
1747197071033 364.0 4
1747197071050 365.0 4
1747197071067 366.0 4
1747197071084 367.0 4
1747197071100 368.0 4
1747197071116 369.0 4
1747197071132 370.0 4
1747197071149 371.0 4
1747197071166 372.0 4
1747197071183 373.0 4
1747197071200 374.0 4
1747197071217 375.0 4
1747197071233 376.0 4
1747197071249 377.0 4
1747197071266 378.0 4
1747197071283 379.0 4
1747197071300 380.0 4
1747197071317 381.0 4
1747197071334 382.0 4
1747197071350 383.0 4
1747197071367 384.0 4
1747197071384 385.0 4
1747197071399 386.0 4
1747197071416 387.0 4
1747197071433 388.0 4
1747197071450 389.0 4
1747197071468 390.0 4
1747197071485 391.0 4
1747197071501 392.0 4
1747197071517 393.0 4
1747197071534 394.0 4
1747197071550 395.0 4
1747197071568 396.0 4
1747197071585 397.0 4
1747197071599 398.0 4
1747197071618 399.0 4
1747197071633 400.0 4
1747197071650 401.0 4
1747197071667 402.0 4
1747197071684 403.0 4
1747197071700 404.0 4
1747197071717 405.0 4
1747197071735 406.0 4
1747197071752 407.0 4
1747197071767 408.0 4
1747197071784 409.0 4
1747197071800 410.0 4
1747197071817 411.0 4
1747197071836 412.0 4
1747197071851 413.0 4
1747197071875 414.0 4
1747197071886 415.0 4
1747197071904 416.0 4
1747197071920 417.0 4
1747197071936 418.0 4
1747197071953 419.0 4
1747197071969 420.0 4
1747197071986 421.0 4
1747197072002 422.0 4
1747197072018 423.0 4
1747197072036 424.0 4
1747197072052 425.0 4
1747197072069 426.0 4
1747197072086 427.0 4
1747197072102 428.0 4
1747197072118 429.0 4
1747197072136 430.0 4
1747197072152 431.0 4
1747197072167 432.0 4
1747197072184 433.0 4
1747197072201 434.0 4
1747197072217 435.0 4
1747197072234 436.0 4
1747197072251 437.0 4
1747197072267 438.0 4
1747197072285 439.0 4
1747197072301 440.0 4
1747197072318 441.0 4
1747197072334 442.0 4
1747197072351 443.0 4
1747197072367 444.0 4
1747197072384 445.0 4
1747197072400 446.0 4
1747197072417 447.0 4
1747197072435 448.0 4
1747197072450 449.0 4
1747197072468 450.0 4
1747197072485 451.0 4
1747197072501 452.0 4
1747197072517 453.0 4
1747197072534 454.0 4
1747197072552 455.0 4
1747197072567 456.0 4
1747197072584 457.0 4
1747197072601 458.0 4
1747197072618 459.0 4
1747197072635 460.0 4
1747197072652 461.0 4
1747197072667 462.0 4
1747197072685 463.0 4
1747197072702 464.0 4
1747197072718 465.0 4
1747197072734 466.0 4
1747197072755 467.0 4
1747197072767 468.0 4
1747197072782 469.0 4
1747197072800 470.0 4
1747197072815 471.0 4
1747197072832 472.0 4
1747197072848 473.0 4
1747197072865 474.0 4
1747197072880 475.0 4
1747197072899 476.0 4
1747197072914 477.0 4
1747197072932 478.0 4
1747197072948 479.0 4
1747197072965 480.0 4
1747197072985 481.0 4
1747197073000 482.0 4
1747197073016 483.0 4
1747197073031 484.0 4
1747197073047 485.0 4
1747197073065 486.0 4
1747197073080 487.0 4
1747197073097 488.0 4
1747197073114 489.0 4
1747197073130 490.0 4
1747197073149 491.0 4
1747197073165 492.0 4
1747197073183 493.0 4
1747197073199 494.0 4
1747197073217 495.0 4
1747197073232 496.0 4
1747197073250 497.0 4
1747197073266 498.0 4
1747197073280 499.0 4
1747197073298 500.0 4
1747197073314 501.0 4
1747197073331 502.0 4
1747197073347 503.0 4
1747197073363 504.0 4
1747197073380 505.0 4
1747197073397 506.0 4
1747197073415 507.0 4
1747197073431 508.0 4
1747197073450 509.0 4
1747197073466 510.0 4
1747197073483 511.0 4
1747197073500 512.0 4
1747197073517 513.0 4
1747197073534 514.0 4
1747197073551 515.0 4
1747197073567 516.0 4
1747197073582 517.0 4
1747197073600 518.0 4
1747197073616 519.0 4
1747197073632 520.0 4
1747197073647 521.0 4
1747197073664 522.0 4
1747197073682 523.0 4
1747197073698 524.0 4
1747197073715 525.0 4
1747197073731 526.0 4
1747197073748 527.0 4
1747197073765 528.0 4
1747197073782 529.0 4
1747197073798 530.0 4
1747197073815 531.0 4
1747197073831 532.0 4
1747197073847 533.0 4
1747197073865 534.0 4
1747197073880 535.0 4
1747197073897 536.0 4
1747197073914 537.0 4
1747197073929 538.0 4
1747197073945 539.0 4
1747197073963 540.0 4
1747197073980 541.0 4
1747197073997 542.0 4
1747197074013 543.0 4
1747197074029 544.0 4
1747197074045 545.0 4
1747197074062 546.0 4
1747197074079 547.0 4
1747197074099 548.0 4
1747197074119 549.0 4
1747197074134 550.0 4
1747197074151 551.0 4
1747197074168 552.0 4
1747197074184 553.0 4
1747197074200 554.0 4
1747197074218 555.0 4
1747197074236 556.0 4
1747197074251 557.0 4
1747197074267 558.0 4
1747197074284 559.0 4
1747197074301 560.0 4
1747197074318 561.0 4
1747197074334 562.0 4
1747197074351 563.0 4
1747197074367 564.0 4
1747197074383 565.0 4
1747197074400 566.0 4
1747197074415 567.0 4
1747197074432 568.0 4
1747197074448 569.0 4
1747197074465 570.0 4
1747197074482 571.0 4
1747197074499 572.0 4
1747197074516 573.0 4
1747197074532 574.0 4
1747197074549 575.0 4
1747197074565 576.0 4
1747197074583 577.0 4
1747197074599 578.0 4
1747197074616 579.0 4
1747197074635 580.0 4
1747197074650 581.0 4
1747197074667 582.0 4
1747197074684 583.0 4
1747197074700 584.0 4
1747197074716 585.0 4
1747197074732 586.0 4
1747197074750 587.0 4
1747197074767 588.0 4
1747197074784 589.0 4
1747197074801 590.0 4
1747197074818 591.0 4
1747197074835 592.0 4
1747197074852 593.0 4
1747197074868 594.0 4
1747197074883 595.0 4
1747197074899 596.0 4
1747197074916 597.0 4
1747197074934 598.0 4
1747197074953 599.0 4
1747197074968 600.0 4
1747197074985 601.0 4
1747197075002 602.0 4
1747197075018 603.0 4
1747197075035 604.0 4
1747197075053 605.0 4
1747197075069 606.0 4
1747197075085 607.0 4
1747197075102 608.0 4
1747197075119 609.0 4
1747197075137 610.0 4
1747197075152 611.0 4
1747197075169 612.0 4
1747197075185 613.0 4
1747197075201 614.0 4
1747197075218 615.0 4
1747197075237 616.0 4
1747197075250 617.0 4
1747197075268 618.0 4
1747197075294 619.0 4
1747197075309 620.0 4
1747197075326 621.0 4
1747197075343 622.0 4
1747197075359 623.0 4
1747197075376 624.0 4
1747197075393 625.0 4
1747197075410 626.0 4
1747197075426 627.0 4
1747197075442 628.0 4
1747197075460 629.0 4
1747197075476 630.0 4
1747197075492 631.0 4
1747197075508 632.0 4
1747197075524 633.0 4
1747197075540 634.0 4
1747197075559 635.0 4
1747197075574 636.0 4
1747197075592 637.0 4
1747197075608 638.0 4
1747197075626 639.0 4
1747197075641 640.0 4
1747197075658 641.0 4
1747197075675 642.0 4
1747197075691 643.0 4
1747197075709 644.0 4
1747197075725 645.0 4
1747197075743 646.0 4
1747197075760 647.0 4
1747197075777 648.0 4
1747197075794 649.0 4
1747197075811 650.0 4
1747197075827 651.0 4
1747197075844 652.0 4
1747197075861 653.0 4
1747197075879 654.0 4
1747197075895 655.0 4
1747197075911 656.0 4
1747197075927 657.0 4
1747197075945 658.0 4
1747197075962 659.0 4
1747197075979 660.0 4
1747197075995 661.0 4
1747197076013 662.0 4
1747197076029 663.0 4
1747197076046 664.0 4
1747197076063 665.0 4
1747197076080 666.0 4
1747197076095 667.0 4
1747197076112 668.0 4
1747197076130 669.0 4
1747197076147 670.0 4
1747197076162 671.0 4
1747197076179 672.0 4
1747197076196 673.0 4
1747197076214 674.0 4
1747197076231 675.0 4
1747197076248 676.0 4
1747197076265 677.0 4
1747197076281 678.0 4
1747197076299 679.0 4
1747197076315 680.0 4
1747197076332 681.0 4
1747197076349 682.0 4
1747197076365 683.0 4
1747197076384 684.0 4
1747197076400 685.0 4
1747197076417 686.0 4
1747197076434 687.0 4
1747197076451 688.0 4
1747197076468 689.0 4
1747197076485 690.0 4
1747197076502 691.0 4
1747197076519 692.0 4
1747197076535 693.0 4
1747197076552 694.0 4
1747197076569 695.0 4
1747197076586 696.0 4
1747197076603 697.0 4
1747197076618 698.0 4
1747197076636 699.0 4
1747197076652 700.0 4
1747197076668 701.0 4
1747197076684 702.0 4
1747197076701 703.0 4
1747197076718 704.0 4
1747197076735 705.0 4
1747197076752 706.0 4
1747197076767 707.0 4
1747197076784 708.0 4
1747197076800 709.0 4
1747197076817 710.0 4
1747197076834 711.0 4
1747197076852 712.0 4
1747197076868 713.0 4
1747197076884 714.0 4
1747197076901 715.0 4
1747197076918 716.0 4
1747197076934 717.0 4
1747197076951 718.0 4
1747197076968 719.0 4
1747197076986 720.0 4
1747197077002 721.0 4
1747197077018 722.0 4
1747197077035 723.0 4
1747197077053 724.0 4
1747197077068 725.0 4
1747197077086 726.0 4
1747197077103 727.0 4
1747197077119 728.0 4
1747197077136 729.0 4
1747197077152 730.0 4
1747197077170 731.0 4
1747197077187 732.0 4
1747197077205 733.0 4
1747197077221 734.0 4
1747197077238 735.0 4
1747197077256 736.0 4
1747197077272 737.0 4
1747197077290 738.0 4
1747197077306 739.0 4
1747197077323 740.0 4
1747197077340 741.0 4
1747197077358 742.0 4
1747197077374 743.0 4
1747197077390 744.0 4
1747197077407 745.0 4
1747197077423 746.0 4
1747197077441 747.0 4
1747197077458 748.0 4
1747197077475 749.0 4
1747197077490 750.0 4
1747197077512 751.0 4
1747197077530 752.0 4
1747197077548 753.0 4
1747197077564 754.0 4
1747197077580 755.0 4
1747197077597 756.0 4
1747197077614 757.0 4
1747197077631 758.0 4
1747197077649 759.0 4
1747197077667 760.0 4
1747197077683 761.0 4
1747197077697 762.0 4
1747197077714 763.0 4
1747197077731 764.0 4
1747197077750 765.0 4
1747197077765 766.0 4
1747197077781 767.0 4
1747197077798 768.0 4
1747197077814 769.0 4
1747197077832 770.0 4
1747197077849 771.0 4
1747197077866 772.0 4
1747197077882 773.0 4
1747197077900 774.0 4
1747197077916 775.0 4
1747197077935 776.0 4
1747197077950 777.0 4
1747197077968 778.0 4
1747197077984 779.0 4
1747197078000 780.0 4
1747197078016 781.0 4
1747197078033 782.0 4
1747197078049 783.0 4
1747197078067 784.0 4
1747197078083 785.0 4
1747197078099 786.0 4
1747197078116 787.0 4
1747197078133 788.0 4
1747197078150 789.0 4
1747197078166 790.0 4
1747197078183 791.0 4
1747197078200 792.0 4
1747197078216 793.0 4
1747197078233 794.0 4
1747197078248 795.0 4
1747197078264 796.0 4
1747197078281 797.0 4
1747197078298 798.0 4
1747197078315 799.0 4
1747197078331 800.0 4
1747197078347 801.0 4
1747197078362 802.0 4
1747197078379 803.0 4
1747197078395 804.0 4
1747197078412 805.0 4
1747197078430 806.0 4
1747197078447 807.0 4
1747197078463 808.0 4
1747197078479 809.0 4
1747197078498 810.0 4
1747197078513 811.0 4
1747197078529 812.0 4
1747197078546 813.0 4
1747197078565 814.0 4
1747197078582 815.0 4
1747197078600 816.0 4
1747197078615 817.0 4
1747197078632 818.0 4
1747197078649 819.0 4
1747197078666 820.0 4
1747197078683 821.0 4
1747197078699 822.0 4
1747197078716 823.0 4
1747197078732 824.0 4
1747197078749 825.0 4
1747197078764 826.0 4
1747197078781 827.0 4
1747197078797 828.0 4
1747197078814 829.0 4
1747197078831 830.0 4
1747197078851 831.0 4
1747197078866 832.0 4
1747197078884 833.0 4
1747197078899 834.0 4
1747197078916 835.0 4
1747197078933 836.0 4
1747197078949 837.0 4
1747197078965 838.0 4
1747197078982 839.0 4
1747197078999 840.0 4
1747197079016 841.0 4
1747197079032 842.0 4
1747197079048 843.0 4
1747197079065 844.0 4
1747197079082 845.0 4
1747197079098 846.0 4
1747197079115 847.0 4
1747197079131 848.0 4
1747197079147 849.0 4
1747197079164 850.0 4
1747197079181 851.0 4
1747197079197 852.0 4
1747197079212 853.0 4
1747197079228 854.0 4
1747197079244 855.0 4
1747197079261 856.0 4
1747197079277 857.0 4
1747197079293 858.0 4
1747197079310 859.0 4
1747197079326 860.0 4
1747197079342 861.0 4
1747197079358 862.0 4
1747197079376 863.0 4
1747197079394 864.0 4
1747197079409 865.0 4
1747197079425 866.0 4
1747197079441 867.0 4
1747197079458 868.0 4
1747197079474 869.0 4
1747197079489 870.0 4
1747197079506 871.0 4
1747197079523 872.0 4
1747197079540 873.0 4
1747197079557 874.0 4
1747197079572 875.0 4
1747197079590 876.0 4
1747197079608 877.0 4
1747197079622 878.0 4
1747197079640 879.0 4
1747197079656 880.0 4
1747197079672 881.0 4
1747197079689 882.0 4
1747197079705 883.0 4
1747197079724 884.0 4
1747197079739 885.0 4
1747197079755 886.0 4
1747197079772 887.0 4
1747197079788 888.0 4
1747197079807 889.0 4
1747197079824 890.0 4
1747197079839 891.0 4
1747197079856 892.0 4
1747197079872 893.0 4
1747197079890 894.0 4
1747197079906 895.0 4
1747197079924 896.0 4
1747197079941 897.0 4
1747197079957 898.0 4
1747197079971 899.0 4
1747197079988 900.0 4
1747197080005 901.0 4
1747197080021 902.0 4
1747197080038 903.0 4
1747197080057 904.0 4
1747197080071 905.0 4
1747197080089 906.0 4
1747197080106 907.0 4
1747197080124 908.0 4
1747197080140 909.0 4
1747197080157 910.0 4
1747197080174 911.0 4
1747197080190 912.0 4
1747197080207 913.0 4
1747197080224 914.0 4
1747197080241 915.0 4
1747197080257 916.0 4
1747197080274 917.0 4
1747197080291 918.0 4
1747197080306 919.0 4
1747197080323 920.0 4
1747197080339 921.0 4
1747197080354 922.0 4
1747197080373 923.0 4
1747197080387 924.0 4
1747197080406 925.0 4
1747197080420 926.0 4
1747197080437 927.0 4
1747197080454 928.0 4
1747197080472 929.0 4
1747197080490 930.0 4
1747197080504 931.0 4
1747197080522 932.0 4
1747197080539 933.0 4
1747197080554 934.0 4
1747197080571 935.0 4
1747197080585 936.0 4
1747197080603 937.0 4
1747197080619 938.0 4
1747197080634 939.0 4
1747197080650 940.0 4
1747197080667 941.0 4
1747197080684 942.0 4
1747197080701 943.0 4
1747197080719 944.0 4
1747197080736 945.0 4
1747197080752 946.0 4
1747197080768 947.0 4
1747197080784 948.0 4
1747197080802 949.0 4
1747197080816 950.0 4
1747197080833 951.0 4
1747197080851 952.0 4
1747197080869 953.0 4
1747197080884 954.0 4
1747197080900 955.0 4
1747197080916 956.0 4
1747197080932 957.0 4
1747197080951 958.0 4
1747197080967 959.0 4
1747197080981 960.0 4
1747197080998 961.0 4
1747197081015 962.0 4
1747197081029 963.0 4
1747197081046 964.0 4
1747197081064 965.0 4
1747197081079 966.0 4
1747197081095 967.0 4
1747197081112 968.0 4
1747197081128 969.0 4
1747197081145 970.0 4
1747197081163 971.0 4
1747197081179 972.0 4
1747197081196 973.0 4
1747197081213 974.0 4
1747197081231 975.0 4
1747197081246 976.0 4
1747197081263 977.0 4
1747197081278 978.0 4
1747197081296 979.0 4
1747197081312 980.0 4
1747197081330 981.0 4
1747197081346 982.0 4
1747197081362 983.0 4
1747197081379 984.0 4
1747197081395 985.0 4
1747197081412 986.0 4
1747197081428 987.0 4
1747197081445 988.0 4
1747197081463 989.0 4
1747197081480 990.0 4
1747197081498 991.0 4
1747197081516 992.0 4
1747197081531 993.0 4
1747197081547 994.0 4
1747197081564 995.0 4
1747197081580 996.0 4
1747197081598 997.0 4
1747197081614 998.0 4
1747197081631 999.0 4
1747197081648 1000.0 4
1747197081665 1001.0 4
1747197081682 1002.0 4
1747197081700 1003.0 4
1747197081716 1004.0 4
1747197081730 1005.0 4
1747197081748 1006.0 4
1747197081765 1007.0 4
1747197081781 1008.0 4
1747197081797 1009.0 4
1747197081815 1010.0 4
1747197081831 1011.0 4
1747197081848 1012.0 4
1747197081863 1013.0 4
1747197081880 1014.0 4
1747197081897 1015.0 4
1747197081914 1016.0 4
1747197081929 1017.0 4
1747197081947 1018.0 4
1747197081964 1019.0 4
1747197081980 1020.0 4
1747197081996 1021.0 4
1747197082010 1022.0 4
1747197082027 1023.0 4
1747197082044 1024.0 4
1747197082059 1025.0 4
1747197082077 1026.0 4
1747197082092 1027.0 4
1747197082110 1028.0 4
1747197082126 1029.0 4
1747197082144 1030.0 4
1747197082160 1031.0 4
1747197082177 1032.0 4
1747197082195 1033.0 4
1747197082210 1034.0 4
1747197082226 1035.0 4
1747197082244 1036.0 4
1747197082259 1037.0 4
1747197082277 1038.0 4
1747197082292 1039.0 4
1747197082310 1040.0 4
1747197082328 1041.0 4
1747197082344 1042.0 4
1747197082361 1043.0 4
1747197082378 1044.0 4
1747197082395 1045.0 4
1747197082412 1046.0 4
1747197082428 1047.0 4
1747197082446 1048.0 4
1747197082462 1049.0 4
1747197082478 1050.0 4
1747197082496 1051.0 4
1747197082511 1052.0 4
1747197082525 1053.0 4
1747197082541 1054.0 4
1747197082557 1055.0 4
1747197082575 1056.0 4
1747197082592 1057.0 4
1747197082608 1058.0 4
1747197082625 1059.0 4
1747197082641 1060.0 4
1747197082658 1061.0 4
1747197082676 1062.0 4
1747197082693 1063.0 4
1747197082709 1064.0 4
1747197082726 1065.0 4
1747197082744 1066.0 4
1747197082760 1067.0 4
1747197082777 1068.0 4
1747197082795 1069.0 4
1747197082812 1070.0 4
1747197082828 1071.0 4
1747197082845 1072.0 4
1747197082862 1073.0 4
1747197082877 1074.0 4
1747197082896 1075.0 4
1747197082916 1076.0 4
1747197082930 1077.0 4
1747197082947 1078.0 4
1747197082964 1079.0 4
1747197082980 1080.0 4
1747197082997 1081.0 4
1747197083014 1082.0 4
1747197083030 1083.0 4
1747197083046 1084.0 4
1747197083065 1085.0 4
1747197083082 1086.0 4
1747197083099 1087.0 4
1747197083114 1088.0 4
1747197083133 1089.0 4
