1747197058804 0.36666666666666664 1
1747197058831 1.1666666666666667 1
1747197058856 2.466666666666667 1
1747197058881 4.333333333333334 1
1747197058905 6.833333333333334 1
1747197058927 10.033333333333335 1
1747197058948 14.000000000000002 1
1747197058970 18.8 1
1747197058988 24.5 1
1747197059005 31.166666666666668 1
1747197059020 38.86666666666667 1
1747197059037 47.66666666666667 1
1747197059053 57.63333333333334 1
1747197059070 68.83333333333334 1
1747197059087 81.33333333333334 1
1747197059104 95.20000000000002 1
1747197059130 110.50000000000001 1
1747197059145 127.30000000000001 1
1747197059162 145.66666666666669 1
1747197059178 165.66666666666669 1
1747197059196 187.36666666666667 1
1747197059213 209.90000000000003 1
1747197059228 234.53333333333336 1
1747197059246 260.8 1
1747197059264 288.76666666666665 1
1747197059280 318.43333333333334 1
1747197059297 349.8 1
1747197059317 382.8666666666667 1
1747197059337 417.6333333333333 1
1747197059353 454.16666666666663 1
1747197059367 492.46666666666664 1
1747197059387 532.5333333333333 1
1747197059402 574.4333333333333 1
1747197059423 618.1666666666666 1
1747197059446 663.7333333333333 1
1747197059463 711.2 1
1747197059484 760.5666666666667 1
1747197059499 811.8333333333334 1
1747197059520 865.0 1
1747197059536 920.0666666666667 1
1747197059552 977.1 1
1747197059568 1036.1 1
1747197059585 1097.1333333333332 1
1747197059603 1160.2666666666667 1
1747197059620 1225.5 1
1747197059635 1292.9 1
1747197059652 1362.5333333333335 1
1747197059667 1434.466666666667 1
1747197059685 1508.7666666666669 1
1747197059702 1585.5000000000002 1
1747197059718 1664.7333333333336 1
1747197059734 1746.5333333333335 1
1747197059751 1830.9 1
1747197059768 1917.9 1
1747197059785 2007.5333333333335 1
1747197059801 2099.866666666667 1
1747197059828 2194.9 1
1747197059840 2292.633333333333 1
1747197059857 2292.633333333333 1
1747197059875 2292.633333333333 1
1747197059892 2292.633333333333 1
1747197059908 2292.633333333333 1
1747197059924 2292.633333333333 1
1747197059942 2292.633333333333 1
1747197060161 0.36666666666666664 2
1747197060185 1.1666666666666667 2
1747197060208 2.466666666666667 2
1747197060229 4.333333333333334 2
1747197060251 6.833333333333334 2
1747197060272 10.033333333333335 2
1747197060293 14.000000000000002 2
1747197060314 18.8 2
1747197060334 24.5 2
1747197060353 31.166666666666668 2
1747197060370 38.86666666666667 2
1747197060386 47.66666666666667 2
1747197060403 57.63333333333334 2
1747197060419 68.83333333333334 2
1747197060436 81.33333333333334 2
1747197060453 95.20000000000002 2
1747197060468 110.50000000000001 2
1747197060492 127.30000000000001 2
1747197060509 145.66666666666669 2
1747197060528 165.66666666666669 2
1747197060545 187.36666666666667 2
1747197060561 209.90000000000003 2
1747197060578 234.53333333333336 2
1747197060596 260.8 2
1747197060612 288.76666666666665 2
1747197060629 318.43333333333334 2
1747197060645 349.8 2
1747197060662 382.8666666666667 2
1747197060678 417.6333333333333 2
1747197060695 454.16666666666663 2
1747197060712 492.46666666666664 2
1747197060727 532.5333333333333 2
1747197060744 574.4333333333333 2
1747197060760 618.1666666666666 2
1747197060777 663.7333333333333 2
1747197060791 711.2 2
1747197060808 760.5666666666667 2
1747197060825 811.8333333333334 2
1747197060839 865.0 2
1747197060858 920.0666666666667 2
1747197060875 977.1 2
1747197060894 1036.1 2
1747197060911 1097.1333333333332 2
1747197060928 1160.2666666666667 2
1747197060944 1225.5 2
1747197060960 1292.9 2
1747197060977 1362.5333333333335 2
1747197060992 1434.466666666667 2
1747197061008 1508.7666666666669 2
1747197061024 1585.5000000000002 2
1747197061041 1664.7333333333336 2
1747197061059 1746.5333333333335 2
1747197061075 1830.9 2
1747197061092 1917.9 2
1747197061107 2007.5333333333335 2
1747197061125 2099.866666666667 2
1747197061140 2194.9 2
1747197061156 2292.633333333333 2
1747197061174 2292.633333333333 2
1747197061190 2292.633333333333 2
1747197061206 2292.633333333333 2
1747197061223 2292.633333333333 2
1747197061239 2292.633333333333 2
1747197061255 2292.633333333333 2
1747197061270 2292.633333333333 2
1747197061287 2292.633333333333 2
1747197061304 2292.633333333333 2
1747197061320 2292.633333333333 2
1747197061337 2292.633333333333 2
1747197061355 2292.633333333333 2
1747197061371 2292.633333333333 2
1747197061387 2292.633333333333 2
1747197061403 2292.633333333333 2
1747197061420 2292.633333333333 2
1747197061436 2292.633333333333 2
1747197061452 2292.633333333333 2
1747197061469 2292.633333333333 2
1747197061484 2292.633333333333 2
1747197061500 2292.633333333333 2
1747197061518 2292.633333333333 2
1747197061533 2292.633333333333 2
1747197061549 2292.633333333333 2
1747197061566 2292.633333333333 2
1747197061583 2292.633333333333 2
1747197061598 2292.633333333333 2
1747197061619 2292.633333333333 2
1747197061632 2292.633333333333 2
1747197061648 2292.633333333333 2
1747197061665 2292.633333333333 2
1747197061681 2292.633333333333 2
1747197061698 2292.633333333333 2
1747197061715 2292.633333333333 2
1747197061732 2292.633333333333 2
1747197061749 2292.633333333333 2
1747197061765 2292.633333333333 2
1747197061980 0.36666666666666664 3
1747197062002 1.1666666666666667 3
1747197062024 2.466666666666667 3
1747197062046 4.333333333333334 3
1747197062069 6.833333333333334 3
1747197062090 10.033333333333335 3
1747197062112 14.000000000000002 3
1747197062133 18.8 3
1747197062152 24.5 3
1747197062172 31.166666666666668 3
1747197062190 38.86666666666667 3
1747197062210 47.66666666666667 3
1747197062228 57.63333333333334 3
1747197062248 68.83333333333334 3
1747197062265 81.33333333333334 3
1747197062282 95.20000000000002 3
1747197062300 110.50000000000001 3
1747197062317 127.30000000000001 3
1747197062333 145.66666666666669 3
1747197062350 165.66666666666669 3
1747197062366 187.23333333333335 3
1747197062383 209.90000000000003 3
1747197062400 234.53333333333336 3
1747197062419 260.8 3
1747197062435 288.76666666666665 3
1747197062453 318.43333333333334 3
1747197062470 349.8 3
1747197062493 382.8666666666667 3
1747197062509 417.6333333333333 3
1747197062529 454.16666666666663 3
1747197062546 492.46666666666664 3
1747197062564 532.5333333333333 3
1747197062582 574.4333333333333 3
1747197062598 618.1666666666666 3
1747197062614 663.7333333333333 3
1747197062632 711.2 3
1747197062648 760.5666666666667 3
1747197062666 811.8333333333334 3
1747197062682 865.0 3
1747197062698 920.0666666666667 3
1747197062716 977.1 3
1747197062732 1036.1 3
1747197062748 1097.1333333333332 3
1747197062765 1160.2666666666667 3
1747197062782 1225.5 3
1747197062798 1292.9 3
1747197062816 1362.5333333333335 3
1747197062832 1434.466666666667 3
1747197062847 1508.7666666666669 3
1747197062864 1585.5000000000002 3
1747197062882 1664.7333333333336 3
1747197062898 1746.5333333333335 3
1747197062915 1830.9 3
1747197062931 1917.9 3
1747197062948 2007.5333333333335 3
1747197062965 2099.866666666667 3
1747197062982 2194.9 3
1747197062998 2292.633333333333 3
1747197063014 2292.633333333333 3
1747197063030 2292.633333333333 3
1747197063047 2292.633333333333 3
1747197063062 2292.633333333333 3
1747197063080 2292.633333333333 3
1747197063095 2292.633333333333 3
1747197063116 2292.633333333333 3
1747197063133 2292.633333333333 3
1747197063150 2292.633333333333 3
1747197063167 2292.633333333333 3
1747197063184 2292.633333333333 3
1747197063200 2292.633333333333 3
1747197063220 2292.633333333333 3
1747197063233 2292.633333333333 3
1747197063249 2292.633333333333 3
1747197063267 2292.633333333333 3
1747197063282 2292.633333333333 3
1747197063299 2292.633333333333 3
1747197063316 2292.633333333333 3
1747197063333 2292.633333333333 3
1747197063349 2292.633333333333 3
1747197063370 2292.633333333333 3
1747197063386 2292.633333333333 3
1747197063401 2292.633333333333 3
1747197063415 2292.633333333333 3
1747197063433 2292.633333333333 3
1747197063450 2292.633333333333 3
1747197063466 2292.633333333333 3
1747197063483 2292.633333333333 3
1747197063501 2292.633333333333 3
1747197063516 2292.633333333333 3
1747197063534 2292.633333333333 3
1747197063551 2292.633333333333 3
1747197063568 2292.633333333333 3
1747197063585 2292.633333333333 3
1747197063601 2292.633333333333 3
1747197063617 2292.633333333333 3
1747197063634 2292.633333333333 3
1747197063650 2292.633333333333 3
1747197063667 2292.633333333333 3
1747197063685 2292.633333333333 3
1747197063701 2292.633333333333 3
1747197063717 2292.633333333333 3
1747197063734 2292.633333333333 3
1747197063750 2292.633333333333 3
1747197063767 2292.633333333333 3
1747197063784 2292.633333333333 3
1747197063800 2292.633333333333 3
1747197063816 2292.633333333333 3
1747197063834 2292.633333333333 3
1747197063850 2292.633333333333 3
1747197063867 2292.633333333333 3
1747197063884 2292.633333333333 3
1747197063900 2320.2666666666664 3
1747197063918 2361.7 3
1747197063933 2403.5 3
1747197063949 2445.6666666666665 3
1747197063966 2488.2 3
1747197063984 2531.1 3
1747197064002 2574.366666666667 3
1747197064017 2618.0 3
1747197064034 2662.0 3
1747197064050 2706.366666666667 3
1747197064066 2751.1 3
1747197064083 2796.2 3
1747197064098 2841.6666666666665 3
1747197064114 2887.5 3
1747197064131 2933.7 3
1747197064148 2980.2666666666664 3
1747197064164 3027.2 3
1747197064180 3074.5 3
1747197064198 3122.1666666666665 3
1747197064216 3170.2 3
1747197064231 3218.6 3
1747197064248 3267.366666666667 3
1747197064264 3316.5 3
1747197064281 3366.0 3
1747197064298 3415.866666666667 3
1747197064315 3466.1 3
1747197064330 3516.7 3
1747197064349 3567.6666666666665 3
1747197064366 3619.0 3
1747197064382 3670.7 3
1747197064399 3722.7666666666664 3
1747197064416 3775.2 3
1747197064433 3828.0 3
1747197064451 3881.1666666666665 3
1747197064468 3934.7 3
1747197064486 3988.6 3
1747197064502 4042.866666666667 3
1747197064518 4097.5 3
1747197064533 4152.5 3
1747197064552 4207.866666666667 3
1747197064574 4263.6 3
1747197064591 4319.700000000001 3
1747197064604 4376.166666666667 3
1747197064620 4433.0 3
1747197064637 4490.2 3
1747197064653 4547.766666666666 3
1747197064670 4605.7 3
1747197064689 4664.0 3
1747197064906 0.36666666666666664 4
1747197064929 1.1666666666666667 4
1747197064952 2.466666666666667 4
1747197064973 4.333333333333334 4
1747197064997 6.833333333333334 4
1747197065019 10.033333333333335 4
1747197065040 14.000000000000002 4
1747197065061 18.8 4
1747197065081 24.5 4
1747197065101 31.166666666666668 4
1747197065119 38.86666666666667 4
1747197065137 47.66666666666667 4
1747197065155 57.63333333333334 4
1747197065174 68.83333333333334 4
1747197065192 81.33333333333334 4
1747197065211 95.20000000000002 4
1747197065229 110.50000000000001 4
1747197065249 127.30000000000001 4
1747197065265 145.66666666666669 4
1747197065283 165.66666666666669 4
1747197065300 187.36666666666667 4
1747197065315 210.23333333333335 4
1747197065332 235.0 4
1747197065348 261.4 4
1747197065364 289.43333333333334 4
1747197065381 319.1 4
1747197065398 350.4666666666667 4
1747197065415 383.53333333333336 4
1747197065432 418.3 4
1747197065452 454.83333333333337 4
1747197065469 493.1333333333334 4
1747197065486 533.2666666666668 4
1747197065501 575.2333333333335 4
1747197065518 619.1000000000001 4
1747197065535 664.8666666666668 4
1747197065550 712.5333333333334 4
1747197065568 762.1000000000001 4
1747197065585 813.5666666666668 4
1747197065602 866.9333333333335 4
1747197065618 922.2000000000002 4
1747197065634 979.3666666666668 4
1747197065650 1038.5000000000002 4
1747197065668 1099.666666666667 4
1747197065685 1162.9333333333336 4
1747197065701 1228.3000000000002 4
1747197065717 1295.8333333333335 4
1747197065734 1365.6000000000001 4
1747197065749 1437.6666666666667 4
1747197065767 1512.1000000000001 4
1747197065783 1588.9666666666667 4
1747197065801 1668.3333333333333 4
1747197065818 1750.2666666666667 4
1747197065835 1834.8333333333333 4
1747197065851 1922.0333333333333 4
1747197065868 2011.8666666666666 4
1747197065886 2104.4 4
1747197065901 2199.633333333333 4
1747197065919 2297.5666666666666 4
1747197065935 2398.2 4
1747197065953 2398.2 4
1747197065969 2398.2 4
1747197065986 2398.2 4
1747197066002 2398.2 4
1747197066018 2398.2 4
1747197066034 2398.2 4
1747197066050 2398.2 4
1747197066067 2398.2 4
1747197066083 2398.2 4
1747197066099 2398.2 4
1747197066115 2398.2 4
1747197066132 2398.2 4
1747197066148 2398.2 4
1747197066167 2398.2 4
1747197066184 2398.2 4
1747197066202 2398.2 4
1747197066216 2398.2 4
1747197066232 2398.2 4
1747197066247 2398.2 4
1747197066264 2398.2 4
1747197066282 2398.2 4
1747197066298 2398.2 4
1747197066315 2398.2 4
1747197066332 2398.2 4
1747197066349 2398.2 4
1747197066367 2398.2 4
1747197066383 2398.2 4
1747197066400 2398.2 4
1747197066418 2398.2 4
1747197066434 2398.2 4
1747197066451 2398.2 4
1747197066466 2398.2 4
1747197066482 2398.2 4
1747197066499 2398.2 4
1747197066517 2398.2 4
1747197066533 2398.2 4
1747197066549 2398.2 4
1747197066568 2398.2 4
1747197066585 2398.2 4
1747197066601 2398.2 4
1747197066619 2398.2 4
1747197066635 2398.2 4
1747197066652 2398.2 4
1747197066668 2398.2 4
1747197066686 2398.2 4
1747197066702 2398.2 4
1747197066718 2398.2 4
1747197066735 2398.2 4
1747197066752 2398.2 4
1747197066767 2398.2 4
1747197066784 2398.2 4
1747197066801 2398.2 4
1747197066817 2398.2 4
1747197066834 2398.2 4
1747197066850 2403.5 4
1747197066867 2445.6666666666665 4
1747197066884 2488.2 4
1747197066900 2531.1 4
1747197066917 2574.366666666667 4
1747197066933 2618.0 4
1747197066950 2662.0 4
1747197066968 2706.366666666667 4
1747197066984 2751.1 4
1747197067001 2796.2 4
1747197067017 2841.6666666666665 4
1747197067032 2887.5 4
1747197067050 2933.7 4
1747197067067 2980.2666666666664 4
1747197067084 3027.2 4
1747197067101 3074.5 4
1747197067117 3122.1666666666665 4
1747197067134 3170.2 4
1747197067150 3218.6 4
1747197067168 3267.366666666667 4
1747197067184 3316.5 4
1747197067202 3366.0 4
1747197067218 3415.866666666667 4
1747197067234 3466.1 4
1747197067251 3516.7 4
1747197067267 3567.6666666666665 4
1747197067287 3619.0 4
1747197067310 3670.7 4
1747197067326 3722.7666666666664 4
1747197067343 3775.2 4
1747197067359 3828.0 4
1747197067378 3881.1666666666665 4
1747197067395 3934.7 4
1747197067410 3988.6 4
1747197067427 4042.866666666667 4
1747197067444 4097.5 4
1747197067458 4152.5 4
1747197067476 4207.866666666667 4
1747197067493 4263.6 4
1747197067509 4319.700000000001 4
1747197067526 4376.166666666667 4
1747197067541 4433.0 4
1747197067560 4490.2 4
1747197067577 4547.766666666666 4
1747197067594 4605.7 4
1747197067610 4664.0 4
1747197067629 4722.666666666667 4
1747197067644 4781.700000000001 4
1747197067660 4841.1 4
1747197067677 4900.866666666667 4
1747197067694 4961.0 4
1747197067709 5021.5 4
1747197067726 5082.366666666667 4
1747197067743 5143.6 4
1747197067759 5205.200000000001 4
1747197067776 5267.166666666667 4
1747197067792 5329.5 4
1747197067807 5392.2 4
1747197067825 5455.266666666666 4
1747197067842 5518.7 4
1747197067860 5582.5 4
1747197067875 5646.666666666667 4
1747197067893 5711.200000000001 4
1747197067909 5776.1 4
1747197067926 5841.366666666667 4
1747197067942 5907.0 4
1747197067959 5973.0 4
1747197067977 6039.366666666667 4
1747197067993 6106.1 4
1747197068011 6173.200000000001 4
1747197068024 6240.666666666667 4
1747197068041 6308.5 4
1747197068059 6376.7 4
1747197068075 6445.266666666666 4
1747197068091 6514.2 4
1747197068108 6583.5 4
1747197068124 6653.166666666667 4
1747197068141 6723.200000000001 4
1747197068159 6793.6 4
1747197068175 6864.366666666667 4
1747197068193 6935.5 4
1747197068209 7007.0 4
1747197068227 7078.866666666667 4
1747197068242 7151.1 4
1747197068258 7223.700000000001 4
1747197068274 7296.666666666667 4
1747197068290 7370.0 4
1747197068307 7443.7 4
1747197068324 7517.766666666666 4
1747197068342 7592.2 4
1747197068358 7667.0 4
1747197068375 7742.166666666667 4
1747197068390 7817.700000000001 4
1747197068408 7893.6 4
1747197068426 7969.866666666667 4
1747197068441 8046.5 4
1747197068458 8123.5 4
1747197068473 8200.866666666667 4
1747197068492 8278.6 4
1747197068510 8356.7 4
1747197068525 8435.166666666668 4
1747197068539 8514.000000000002 4
1747197068557 8593.200000000003 4
1747197068574 8672.76666666667 4
1747197068591 8752.700000000003 4
1747197068606 8833.000000000002 4
1747197068622 8913.666666666668 4
1747197068640 8994.7 4
1747197068657 9076.1 4
1747197068673 9157.866666666667 4
1747197068691 9240.0 4
1747197068708 9322.5 4
1747197068725 9405.366666666667 4
1747197068741 9488.6 4
1747197068759 9572.2 4
1747197068775 9656.166666666668 4
1747197068790 9740.500000000002 4
1747197068807 9825.200000000003 4
1747197068825 9910.26666666667 4
1747197068842 9995.700000000003 4
1747197068860 10081.500000000002 4
1747197068876 10167.666666666668 4
1747197068892 10254.2 4
1747197068908 10341.1 4
1747197068924 10428.366666666667 4
1747197068942 10516.0 4
1747197068958 10604.0 4
1747197068975 10692.366666666667 4
1747197068991 10781.1 4
1747197069008 10870.2 4
1747197069025 10959.666666666668 4
1747197069041 11049.500000000002 4
1747197069060 11139.700000000003 4
1747197069076 11230.26666666667 4
1747197069092 11321.200000000003 4
1747197069109 11412.500000000002 4
1747197069127 11504.166666666668 4
1747197069144 11596.2 4
1747197069160 11688.6 4
1747197069175 11781.366666666667 4
1747197069192 11874.5 4
1747197069210 11968.0 4
1747197069226 12061.866666666667 4
1747197069242 12156.1 4
1747197069258 12250.7 4
1747197069275 12345.666666666668 4
1747197069291 12441.000000000002 4
1747197069308 12536.700000000003 4
1747197069323 12632.76666666667 4
1747197069342 12729.200000000003 4
1747197069357 12826.000000000002 4
1747197069373 12923.166666666668 4
1747197069391 13020.7 4
1747197069408 13118.6 4
1747197069425 13216.866666666667 4
1747197069442 13315.5 4
1747197069457 13414.5 4
1747197069475 13513.866666666667 4
1747197069491 13613.6 4
1747197069507 13713.7 4
1747197069524 13814.166666666668 4
1747197069540 13915.000000000002 4
1747197069557 14016.200000000003 4
1747197069575 14117.76666666667 4
1747197069592 14219.700000000003 4
1747197069611 14322.000000000002 4
1747197069629 14424.666666666668 4
1747197069645 14527.7 4
1747197069661 14631.1 4
1747197069678 14734.866666666667 4
1747197069693 14839.0 4
1747197069709 14943.5 4
1747197069727 15048.366666666667 4
1747197069742 15153.6 4
1747197069759 15259.2 4
1747197069775 15365.166666666668 4
1747197069790 15471.500000000002 4
1747197069807 15578.200000000003 4
1747197069827 15685.26666666667 4
1747197069843 15792.700000000003 4
1747197069859 15900.500000000002 4
1747197069875 16008.666666666668 4
1747197069892 16117.2 4
1747197069908 16226.1 4
1747197069925 16335.366666666667 4
1747197069942 16445.0 4
1747197069957 16555.0 4
1747197069974 16665.366666666665 4
1747197069989 16776.1 4
1747197070007 16887.199999999997 4
1747197070025 16998.666666666664 4
1747197070045 17110.499999999996 4
1747197070062 17222.699999999997 4
1747197070079 17335.266666666663 4
1747197070095 17448.199999999997 4
1747197070111 17561.499999999996 4
1747197070127 17675.166666666664 4
1747197070144 17789.199999999997 4
1747197070161 17903.6 4
1747197070177 18018.366666666665 4
1747197070194 18133.5 4
1747197070212 18249.0 4
1747197070229 18364.866666666665 4
1747197070246 18481.1 4
1747197070263 18597.699999999997 4
1747197070279 18714.666666666664 4
1747197070296 18831.999999999996 4
1747197070313 18949.699999999997 4
1747197070328 19067.766666666663 4
1747197070344 19186.199999999997 4
1747197070361 19304.999999999996 4
1747197070377 19424.166666666664 4
1747197070395 19543.699999999997 4
1747197070411 19663.6 4
1747197070427 19783.866666666665 4
1747197070444 19904.5 4
1747197070462 20025.5 4
1747197070477 20146.866666666665 4
1747197070495 20268.6 4
1747197070512 20390.699999999997 4
1747197070531 20513.166666666664 4
1747197070546 20635.999999999996 4
1747197070565 20759.199999999997 4
1747197070581 20882.766666666663 4
1747197070597 21006.699999999997 4
1747197070614 21130.999999999996 4
1747197070631 21255.666666666664 4
1747197070648 21380.699999999997 4
1747197070664 21506.1 4
1747197070683 21631.866666666665 4
1747197070697 21758.0 4
1747197070715 21884.5 4
1747197070736 22011.366666666665 4
1747197070752 22138.6 4
1747197070767 22266.199999999997 4
1747197070783 22394.166666666664 4
1747197070799 22522.499999999996 4
1747197070816 22651.199999999997 4
1747197070832 22780.266666666663 4
1747197070849 22909.699999999997 4
1747197070866 23039.499999999996 4
1747197070883 23169.666666666664 4
1747197070902 23300.199999999997 4
1747197070918 23431.1 4
1747197070935 23562.366666666665 4
1747197070952 23694.0 4
1747197070970 23826.0 4
1747197070986 23958.366666666665 4
1747197071001 24091.1 4
1747197071019 24224.199999999997 4
1747197071036 24357.666666666664 4
1747197071053 24491.499999999996 4
1747197071070 24625.699999999997 4
1747197071086 24760.266666666663 4
1747197071102 24895.199999999997 4
1747197071118 25030.499999999996 4
1747197071136 25166.166666666664 4
1747197071151 25302.199999999997 4
1747197071169 25438.6 4
1747197071186 25575.366666666665 4
1747197071204 25712.5 4
1747197071219 25850.0 4
1747197071236 25987.866666666665 4
1747197071252 26126.1 4
1747197071270 26264.699999999997 4
1747197071286 26403.666666666664 4
1747197071303 26542.999999999996 4
1747197071319 26682.699999999997 4
1747197071336 26822.766666666663 4
1747197071353 26963.199999999997 4
1747197071369 27103.999999999996 4
1747197071386 27245.166666666664 4
1747197071402 27386.699999999997 4
1747197071419 27528.6 4
1747197071436 27670.866666666665 4
1747197071454 27813.5 4
1747197071470 27956.5 4
1747197071487 28099.866666666665 4
1747197071505 28243.6 4
1747197071519 28387.699999999997 4
1747197071537 28532.166666666664 4
1747197071554 28676.999999999996 4
1747197071572 28822.199999999997 4
1747197071588 28967.766666666663 4
1747197071603 29113.699999999997 4
1747197071621 29259.999999999996 4
1747197071637 29406.666666666664 4
1747197071652 29553.699999999997 4
1747197071670 29701.1 4
1747197071687 29848.866666666665 4
1747197071704 29997.0 4
1747197071719 30145.5 4
1747197071738 30294.366666666665 4
1747197071755 30443.6 4
1747197071771 30593.199999999997 4
1747197071787 30743.166666666664 4
1747197071804 30893.499999999996 4
1747197071820 31044.199999999997 4
1747197071839 31195.266666666663 4
1747197071855 31346.699999999997 4
1747197071878 31498.499999999996 4
1747197071890 31650.666666666664 4
1747197071909 31803.199999999997 4
1747197071923 31956.1 4
1747197071939 32109.366666666665 4
1747197071956 32263.0 4
1747197071972 32417.0 4
1747197071989 32571.366666666665 4
1747197072005 32726.1 4
1747197072020 32881.2 4
1747197072038 33036.666666666664 4
1747197072055 33192.5 4
1747197072071 33348.7 4
1747197072089 33505.26666666666 4
1747197072105 33662.2 4
1747197072120 33819.5 4
1747197072138 33977.166666666664 4
1747197072155 34135.2 4
1747197072169 34293.6 4
1747197072187 34452.36666666667 4
1747197072204 34611.5 4
1747197072220 34771.0 4
1747197072237 34930.86666666667 4
1747197072253 35091.1 4
1747197072269 35251.7 4
1747197072288 35412.666666666664 4
1747197072303 35574.0 4
1747197072320 35735.7 4
1747197072336 35897.76666666666 4
1747197072353 36060.2 4
1747197072370 36223.0 4
1747197072387 36386.166666666664 4
1747197072403 36549.7 4
1747197072420 36713.6 4
1747197072437 36877.86666666667 4
1747197072454 37042.5 4
1747197072471 37207.5 4
1747197072488 37372.86666666667 4
1747197072503 37538.6 4
1747197072519 37704.7 4
1747197072537 37871.166666666664 4
1747197072554 38038.0 4
1747197072570 38205.2 4
1747197072587 38372.76666666666 4
1747197072604 38540.7 4
1747197072621 38709.0 4
1747197072638 38877.666666666664 4
1747197072655 39046.7 4
1747197072670 39216.1 4
1747197072687 39385.86666666667 4
1747197072705 39556.0 4
1747197072721 39726.5 4
1747197072737 39897.36666666667 4
1747197072758 40068.6 4
1747197072769 40240.2 4
1747197072785 40412.166666666664 4
1747197072802 40584.5 4
1747197072817 40757.2 4
1747197072835 40930.26666666666 4
1747197072850 41103.7 4
1747197072868 41277.5 4
1747197072884 41451.666666666664 4
1747197072901 41626.2 4
1747197072917 41801.1 4
1747197072935 41976.36666666667 4
1747197072950 42152.0 4
1747197072968 42328.0 4
1747197072989 42504.36666666667 4
1747197073005 42681.1 4
1747197073019 42858.2 4
1747197073034 43035.666666666664 4
1747197073050 43213.5 4
1747197073068 43391.7 4
1747197073082 43570.26666666666 4
1747197073100 43749.2 4
1747197073117 43928.5 4
1747197073134 44108.166666666664 4
1747197073152 44288.2 4
1747197073167 44468.6 4
1747197073185 44649.36666666667 4
1747197073202 44830.5 4
1747197073221 45012.0 4
1747197073235 45193.86666666667 4
1747197073252 45376.1 4
1747197073268 45558.7 4
1747197073284 45741.666666666664 4
1747197073301 45925.0 4
1747197073316 46108.7 4
1747197073333 46292.76666666666 4
1747197073350 46477.2 4
1747197073366 46662.0 4
1747197073383 46847.166666666664 4
1747197073400 47032.7 4
1747197073419 47218.6 4
1747197073434 47404.86666666667 4
1747197073452 47591.5 4
1747197073469 47778.5 4
1747197073486 47965.86666666667 4
1747197073502 48153.6 4
1747197073520 48341.7 4
1747197073537 48530.166666666664 4
1747197073555 48719.0 4
1747197073570 48908.2 4
1747197073586 49097.76666666666 4
1747197073603 49287.7 4
1747197073618 49478.0 4
1747197073636 49668.666666666664 4
1747197073650 49859.7 4
1747197073667 50051.1 4
1747197073684 50242.86666666667 4
1747197073701 50435.0 4
1747197073718 50627.5 4
1747197073735 50820.36666666667 4
1747197073751 51013.6 4
1747197073768 51207.2 4
1747197073785 51401.166666666664 4
1747197073801 51595.5 4
1747197073818 51790.2 4
1747197073833 51985.26666666666 4
1747197073850 52180.7 4
1747197073868 52376.5 4
1747197073883 52572.666666666664 4
1747197073900 52769.2 4
1747197073917 52966.1 4
1747197073934 53163.36666666667 4
1747197073949 53361.0 4
1747197073966 53559.0 4
1747197073983 53757.36666666667 4
1747197074000 53956.1 4
1747197074017 54155.2 4
1747197074031 54354.666666666664 4
1747197074050 54554.5 4
1747197074065 54754.7 4
1747197074082 54955.26666666666 4
1747197074108 55156.2 4
1747197074123 55357.5 4
1747197074139 55559.166666666664 4
1747197074153 55761.2 4
1747197074172 55963.6 4
1747197074187 56166.36666666667 4
1747197074203 56369.5 4
1747197074222 56573.0 4
1747197074238 56776.86666666667 4
1747197074253 56981.1 4
1747197074269 57185.7 4
1747197074287 57390.666666666664 4
1747197074304 57596.0 4
1747197074320 57801.7 4
1747197074337 58007.76666666666 4
1747197074353 58214.2 4
1747197074371 58421.0 4
1747197074386 58628.166666666664 4
1747197074402 58835.7 4
1747197074418 59043.6 4
1747197074436 59251.86666666667 4
1747197074451 59460.5 4
1747197074467 59669.5 4
1747197074485 59878.86666666667 4
1747197074502 60088.6 4
1747197074518 60298.7 4
1747197074535 60509.166666666664 4
1747197074552 60720.0 4
1747197074567 60931.2 4
1747197074586 61142.76666666666 4
1747197074602 61354.7 4
1747197074619 61567.0 4
1747197074638 61779.666666666664 4
1747197074653 61992.7 4
1747197074670 62206.1 4
1747197074688 62419.86666666667 4
1747197074702 62634.0 4
1747197074719 62848.5 4
1747197074735 63063.36666666667 4
1747197074753 63278.6 4
1747197074769 63494.2 4
1747197074787 63710.166666666664 4
1747197074804 63926.5 4
1747197074821 64143.2 4
1747197074838 64360.26666666666 4
1747197074855 64577.7 4
1747197074871 64795.5 4
1747197074886 65013.666666666664 4
1747197074902 65232.2 4
1747197074919 65451.1 4
1747197074937 65670.36666666667 4
1747197074955 65890.0 4
1747197074971 66110.0 4
1747197074988 66330.36666666667 4
1747197075005 66551.1 4
1747197075021 66772.20000000001 4
1747197075038 66993.66666666667 4
1747197075055 67215.5 4
1747197075071 67437.7 4
1747197075087 67660.26666666666 4
1747197075105 67883.2 4
1747197075121 68106.5 4
1747197075139 68330.16666666667 4
1747197075155 68554.20000000001 4
1747197075171 68778.6 4
1747197075188 69003.36666666667 4
1747197075204 69228.5 4
1747197075220 69454.0 4
1747197075241 69679.86666666667 4
1747197075255 69906.1 4
1747197075271 70132.70000000001 4
1747197075296 70359.66666666667 4
1747197075313 70587.0 4
1747197075329 70814.7 4
1747197075344 71042.76666666666 4
1747197075362 71271.2 4
1747197075379 71500.0 4
1747197075395 71729.16666666667 4
1747197075412 71958.70000000001 4
1747197075428 72188.6 4
1747197075445 72418.86666666667 4
1747197075462 72649.5 4
1747197075478 72880.5 4
1747197075495 73111.86666666667 4
1747197075511 73343.6 4
1747197075527 73575.70000000001 4
1747197075544 73808.16666666667 4
1747197075562 74041.0 4
1747197075577 74274.2 4
1747197075595 74507.76666666666 4
1747197075610 74741.7 4
1747197075629 74976.0 4
1747197075645 75210.66666666667 4
1747197075662 75445.70000000001 4
1747197075678 75681.1 4
1747197075695 75916.86666666667 4
1747197075714 76153.0 4
1747197075728 76389.5 4
1747197075746 76626.36666666667 4
1747197075763 76863.6 4
1747197075780 77101.20000000001 4
1747197075797 77339.16666666667 4
1747197075815 77577.5 4
1747197075830 77816.2 4
1747197075847 78055.26666666666 4
1747197075864 78294.7 4
1747197075883 78534.5 4
1747197075898 78774.66666666667 4
1747197075914 79015.20000000001 4
1747197075929 79256.1 4
1747197075947 79497.36666666667 4
1747197075965 79739.0 4
1747197075982 79981.0 4
1747197075998 80223.36666666667 4
1747197076016 80466.1 4
1747197076031 80709.20000000001 4
1747197076049 80952.66666666667 4
1747197076066 81196.5 4
1747197076084 81440.7 4
1747197076098 81685.26666666666 4
1747197076115 81930.2 4
1747197076132 82175.5 4
1747197076149 82421.16666666667 4
1747197076165 82667.20000000001 4
1747197076182 82913.6 4
1747197076199 83160.36666666667 4
1747197076217 83407.5 4
1747197076233 83655.0 4
1747197076250 83902.86666666667 4
1747197076267 84151.1 4
1747197076285 84399.70000000001 4
1747197076303 84648.66666666667 4
1747197076317 84898.0 4
1747197076335 85147.7 4
1747197076354 85397.76666666666 4
1747197076368 85648.2 4
1747197076387 85899.0 4
1747197076403 86150.16666666667 4
1747197076419 86401.70000000001 4
1747197076437 86653.6 4
1747197076454 86905.86666666667 4
1747197076470 87158.5 4
1747197076487 87411.5 4
1747197076505 87664.86666666667 4
1747197076521 87918.6 4
1747197076538 88172.70000000001 4
1747197076555 88427.16666666667 4
1747197076571 88682.0 4
1747197076588 88937.2 4
1747197076606 89192.76666666666 4
1747197076621 89448.7 4
1747197076639 89705.0 4
1747197076655 89961.66666666667 4
1747197076670 90218.70000000001 4
1747197076686 90476.1 4
1747197076704 90733.86666666667 4
1747197076720 90992.0 4
1747197076738 91250.5 4
1747197076755 91509.36666666667 4
1747197076769 91768.6 4
1747197076787 92028.20000000001 4
1747197076803 92288.16666666667 4
1747197076819 92548.5 4
1747197076838 92809.2 4
1747197076854 93070.26666666666 4
1747197076871 93331.7 4
1747197076887 93593.5 4
1747197076904 93855.66666666667 4
1747197076922 94118.20000000001 4
1747197076937 94381.1 4
1747197076954 94644.36666666667 4
1747197076970 94908.0 4
1747197076989 95172.0 4
1747197077005 95436.36666666667 4
1747197077021 95701.1 4
1747197077037 95966.20000000001 4
1747197077055 96231.66666666667 4
1747197077070 96497.5 4
1747197077089 96763.7 4
1747197077105 97030.26666666666 4
1747197077121 97297.2 4
1747197077140 97564.5 4
1747197077156 97832.16666666667 4
1747197077173 98100.20000000001 4
1747197077189 98368.6 4
1747197077208 98637.36666666667 4
1747197077224 98906.5 4
1747197077241 99176.0 4
1747197077260 99445.86666666667 4
1747197077275 99716.1 4
1747197077293 99986.70000000001 4
1747197077310 100257.66666666667 4
1747197077326 100529.0 4
1747197077342 100800.7 4
1747197077361 101072.76666666666 4
1747197077377 101345.2 4
1747197077393 101618.0 4
1747197077409 101891.16666666667 4
1747197077426 102164.70000000001 4
1747197077444 102438.6 4
1747197077460 102712.86666666667 4
1747197077478 102987.5 4
1747197077495 103262.5 4
1747197077516 103537.86666666667 4
1747197077533 103813.6 4
1747197077552 104089.70000000001 4
1747197077568 104366.16666666667 4
1747197077584 104643.0 4
1747197077600 104920.2 4
1747197077617 105197.76666666666 4
1747197077634 105475.7 4
1747197077653 105754.0 4
1747197077669 106032.66666666667 4
1747197077686 106311.70000000001 4
1747197077700 106591.1 4
1747197077717 106870.86666666667 4
1747197077733 107151.0 4
1747197077752 107431.5 4
1747197077768 107712.36666666667 4
1747197077784 107993.6 4
1747197077800 108275.20000000001 4
1747197077817 108557.16666666667 4
1747197077834 108839.5 4
1747197077851 109122.2 4
1747197077869 109405.26666666666 4
1747197077885 109688.7 4
1747197077902 109972.5 4
1747197077919 110256.66666666667 4
1747197077938 110541.20000000001 4
1747197077953 110826.1 4
1747197077971 111111.36666666667 4
1747197077987 111397.0 4
1747197078003 111683.0 4
1747197078018 111969.36666666667 4
1747197078036 112256.1 4
1747197078051 112543.20000000001 4
1747197078069 112830.66666666667 4
1747197078086 113118.5 4
1747197078102 113406.7 4
1747197078118 113695.26666666666 4
1747197078136 113984.2 4
1747197078153 114273.5 4
1747197078169 114563.16666666667 4
1747197078186 114853.20000000001 4
1747197078203 115143.6 4
1747197078218 115434.36666666667 4
1747197078236 115725.5 4
1747197078250 116017.0 4
1747197078267 116308.86666666667 4
1747197078284 116601.1 4
1747197078300 116893.70000000001 4
1747197078321 117186.66666666667 4
1747197078333 117480.0 4
1747197078350 117773.7 4
1747197078365 118067.76666666666 4
1747197078381 118362.2 4
1747197078398 118657.0 4
1747197078415 118952.16666666667 4
1747197078432 119247.70000000001 4
1747197078450 119543.6 4
1747197078466 119839.86666666667 4
1747197078482 120136.5 4
1747197078501 120433.5 4
1747197078516 120730.86666666667 4
1747197078532 121028.6 4
1747197078549 121326.70000000001 4
1747197078568 121625.16666666667 4
1747197078586 121924.0 4
1747197078605 122223.2 4
1747197078620 122522.76666666666 4
1747197078635 122822.7 4
1747197078652 123123.0 4
1747197078669 123423.66666666667 4
1747197078686 123724.70000000001 4
1747197078702 124026.1 4
1747197078719 124327.86666666667 4
1747197078735 124630.0 4
1747197078752 124932.5 4
1747197078767 125235.36666666667 4
1747197078784 125538.6 4
1747197078800 125842.20000000001 4
1747197078817 126146.16666666667 4
1747197078834 126450.5 4
1747197078854 126755.2 4
1747197078871 127060.26666666666 4
1747197078888 127365.7 4
1747197078903 127671.5 4
1747197078919 127977.66666666667 4
1747197078937 128284.20000000001 4
1747197078952 128591.1 4
1747197078968 128898.36666666667 4
1747197078984 129206.0 4
1747197079002 129514.0 4
1747197079019 129822.36666666667 4
1747197079034 130131.1 4
1747197079052 130440.20000000001 4
1747197079068 130749.66666666667 4
1747197079085 131059.5 4
1747197079101 131369.7 4
1747197079118 131680.2666666667 4
1747197079134 131991.2 4
1747197079150 132302.5 4
1747197079167 132614.16666666666 4
1747197079183 132926.19999999998 4
1747197079199 133238.59999999998 4
1747197079215 133551.36666666664 4
1747197079232 133864.49999999997 4
1747197079247 134177.99999999997 4
1747197079263 134491.86666666664 4
1747197079280 134806.09999999998 4
1747197079296 135120.69999999998 4
1747197079314 135435.66666666666 4
1747197079330 135751.0 4
1747197079345 136066.7 4
1747197079362 136382.7666666667 4
1747197079380 136699.2 4
1747197079397 137016.0 4
1747197079412 137333.16666666666 4
1747197079429 137650.69999999998 4
1747197079444 137968.59999999998 4
1747197079462 138286.86666666664 4
1747197079477 138605.49999999997 4
1747197079492 138924.49999999997 4
1747197079509 139243.86666666664 4
1747197079526 139563.59999999998 4
1747197079544 139883.69999999998 4
1747197079560 140204.16666666666 4
1747197079576 140525.0 4
1747197079593 140846.2 4
1747197079610 141167.7666666667 4
1747197079625 141489.7 4
1747197079643 141812.0 4
1747197079659 142134.66666666666 4
1747197079677 142457.69999999998 4
1747197079694 142781.09999999998 4
1747197079709 143104.86666666664 4
1747197079728 143428.99999999997 4
1747197079743 143753.49999999997 4
1747197079760 144078.36666666664 4
1747197079776 144403.59999999998 4
1747197079791 144729.19999999998 4
1747197079812 145055.16666666666 4
1747197079827 145381.5 4
1747197079842 145708.2 4
1747197079859 146035.2666666667 4
1747197079876 146362.7 4
1747197079894 146690.5 4
1747197079912 147018.66666666666 4
1747197079929 147347.19999999998 4
1747197079946 147676.09999999998 4
1747197079962 148005.36666666664 4
1747197079975 148334.99999999997 4
1747197079991 148664.99999999997 4
1747197080008 148995.36666666664 4
1747197080024 149326.09999999998 4
1747197080042 149657.19999999998 4
1747197080061 149988.66666666666 4
1747197080075 150320.5 4
1747197080092 150652.7 4
1747197080110 150985.2666666667 4
1747197080127 151318.2 4
1747197080144 151651.5 4
1747197080161 151985.16666666666 4
1747197080177 152319.19999999998 4
1747197080195 152653.59999999998 4
1747197080210 152988.36666666664 4
1747197080227 153323.49999999997 4
1747197080245 153658.99999999997 4
1747197080261 153994.86666666664 4
1747197080278 154331.09999999998 4
1747197080294 154667.69999999998 4
1747197080309 155004.66666666666 4
1747197080328 155342.0 4
1747197080345 155679.7 4
1747197080358 156017.7666666667 4
1747197080379 156356.2 4
1747197080394 156695.0 4
1747197080412 157034.16666666666 4
1747197080424 157373.69999999998 4
1747197080440 157713.59999999998 4
1747197080459 158053.86666666664 4
1747197080476 158394.49999999997 4
1747197080495 158735.49999999997 4
1747197080511 159076.86666666664 4
1747197080528 159418.59999999998 4
1747197080543 159760.69999999998 4
1747197080559 160103.16666666666 4
1747197080576 160446.0 4
1747197080589 160789.2 4
1747197080607 161132.7666666667 4
1747197080624 161476.7 4
1747197080638 161821.0 4
1747197080655 162165.66666666666 4
1747197080670 162510.69999999998 4
1747197080688 162856.09999999998 4
1747197080705 163201.86666666664 4
1747197080721 163547.99999999997 4
1747197080740 163894.49999999997 4
1747197080757 164241.36666666664 4
1747197080772 164588.59999999998 4
1747197080788 164936.19999999998 4
1747197080807 165284.16666666666 4
1747197080821 165632.5 4
1747197080837 165981.2 4
1747197080856 166330.2666666667 4
1747197080875 166679.7 4
1747197080887 167029.5 4
1747197080902 167379.66666666666 4
1747197080919 167730.19999999998 4
1747197080937 168081.09999999998 4
1747197080957 168432.36666666664 4
1747197080972 168783.99999999997 4
1747197080986 169135.99999999997 4
1747197081002 169488.36666666664 4
1747197081020 169841.09999999998 4
1747197081033 170194.19999999998 4
1747197081050 170547.66666666666 4
1747197081067 170901.5 4
1747197081084 171255.7 4
1747197081098 171610.2666666667 4
1747197081114 171965.2 4
1747197081130 172320.5 4
1747197081150 172676.16666666666 4
1747197081167 173032.19999999998 4
1747197081183 173388.59999999998 4
1747197081199 173745.36666666664 4
1747197081217 174102.49999999997 4
1747197081234 174459.99999999997 4
1747197081249 174817.86666666664 4
1747197081266 175176.09999999998 4
1747197081281 175534.69999999998 4
1747197081299 175893.66666666666 4
1747197081316 176253.0 4
1747197081333 176612.7 4
1747197081349 176972.7666666667 4
1747197081366 177333.2 4
1747197081381 177694.0 4
1747197081398 178055.16666666666 4
1747197081415 178416.69999999998 4
1747197081432 178778.59999999998 4
1747197081448 179140.86666666664 4
1747197081466 179503.49999999997 4
1747197081483 179866.49999999997 4
1747197081501 180229.86666666664 4
1747197081519 180593.59999999998 4
1747197081534 180957.69999999998 4
1747197081550 181322.16666666666 4
1747197081567 181687.0 4
1747197081583 182052.2 4
1747197081601 182417.7666666667 4
1747197081616 182783.7 4
1747197081634 183150.0 4
1747197081653 183516.66666666666 4
1747197081668 183883.69999999998 4
1747197081686 184251.09999999998 4
1747197081704 184618.86666666664 4
1747197081719 184986.99999999997 4
1747197081734 185355.49999999997 4
1747197081751 185724.36666666664 4
1747197081768 186093.59999999998 4
1747197081784 186463.19999999998 4
1747197081802 186833.16666666666 4
1747197081818 187203.5 4
1747197081835 187574.2 4
1747197081852 187945.2666666667 4
1747197081867 188316.7 4
1747197081883 188688.5 4
1747197081901 189060.66666666666 4
1747197081917 189433.19999999998 4
1747197081934 189806.09999999998 4
1747197081949 190179.36666666664 4
1747197081970 190552.99999999997 4
1747197081984 190926.99999999997 4
1747197082001 191301.36666666664 4
1747197082014 191676.09999999998 4
1747197082030 192051.19999999998 4
1747197082047 192426.66666666666 4
1747197082063 192802.5 4
1747197082080 193178.7 4
1747197082095 193555.2666666667 4
1747197082113 193932.2 4
1747197082129 194309.5 4
1747197082147 194687.16666666666 4
1747197082164 195065.19999999998 4
1747197082181 195443.59999999998 4
1747197082199 195822.36666666664 4
1747197082214 196201.49999999997 4
1747197082229 196580.99999999997 4
1747197082247 196960.86666666664 4
1747197082262 197341.09999999998 4
1747197082280 197721.69999999998 4
1747197082296 198102.66666666666 4
1747197082312 198484.0 4
1747197082331 198865.7 4
1747197082347 199247.7666666667 4
1747197082364 199630.2 4
1747197082381 200013.0 4
1747197082399 200396.16666666666 4
1747197082414 200779.69999999998 4
1747197082431 201163.59999999998 4
1747197082451 201547.86666666664 4
1747197082466 201932.49999999997 4
1747197082482 202317.49999999997 4
1747197082500 202702.86666666664 4
1747197082513 203088.59999999998 4
1747197082531 203474.69999999998 4
1747197082545 203861.16666666666 4
1747197082560 204248.0 4
1747197082578 204635.2 4
1747197082595 205022.7666666667 4
1747197082611 205410.7 4
1747197082628 205799.0 4
1747197082645 206187.66666666666 4
1747197082662 206576.69999999998 4
1747197082679 206966.09999999998 4
1747197082696 207355.86666666664 4
1747197082713 207745.99999999997 4
1747197082729 208136.49999999997 4
1747197082747 208527.36666666664 4
1747197082764 208918.59999999998 4
1747197082780 209310.19999999998 4
1747197082798 209702.16666666666 4
1747197082815 210094.5 4
1747197082831 210487.2 4
1747197082848 210880.2666666667 4
1747197082866 211273.7 4
1747197082881 211667.5 4
1747197082898 212061.66666666666 4
1747197082920 212456.19999999998 4
1747197082932 212851.09999999998 4
1747197082951 213246.36666666664 4
1747197082968 213641.99999999997 4
1747197082983 214037.99999999997 4
1747197082999 214434.36666666664 4
1747197083018 214831.09999999998 4
1747197083033 215228.19999999998 4
1747197083049 215625.66666666666 4
1747197083068 216023.5 4
1747197083085 216421.7 4
1747197083103 216820.2666666667 4
1747197083118 217219.2 4
1747197083136 217618.5 4
