1747197058800 30.0 1
1747197058826 30.0 1
1747197058850 30.0 1
1747197058875 30.0 1
1747197058901 30.0 1
1747197058922 27.0 1
1747197058943 27.0 1
1747197058965 23.0 1
1747197058982 20.0 1
1747197059000 18.0 1
1747197059017 16.0 1
1747197059032 16.0 1
1747197059049 16.0 1
1747197059065 15.0 1
1747197059083 15.0 1
1747197059099 15.0 1
1747197059116 15.0 1
1747197059140 12.0 1
1747197059157 11.0 1
1747197059173 10.0 1
1747197059190 10.0 1
1747197059206 9.0 1
1747197059223 9.0 1
1747197059241 9.0 1
1747197059259 9.0 1
1747197059275 9.0 1
1747197059293 9.0 1
1747197059308 9.0 1
1747197059329 9.0 1
1747197059346 9.0 1
1747197059363 9.0 1
1747197059382 9.0 1
1747197059397 9.0 1
1747197059416 9.0 1
1747197059433 9.0 1
1747197059458 9.0 1
1747197059475 9.0 1
1747197059493 9.0 1
1747197059514 9.0 1
1747197059530 9.0 1
1747197059546 9.0 1
1747197059563 9.0 1
1747197059580 8.0 1
1747197059597 8.0 1
1747197059615 8.0 1
1747197059630 8.0 1
1747197059647 8.0 1
1747197059663 8.0 1
1747197059681 8.0 1
1747197059697 7.0 1
1747197059713 7.0 1
1747197059729 7.0 1
1747197059747 6.0 1
1747197059763 6.0 1
1747197059779 6.0 1
1747197059796 6.0 1
1747197059813 6.0 1
1747197059835 2.0 1
1747197059851 1.0 1
1747197059869 1.0 1
1747197059885 1.0 1
1747197059903 1.0 1
1747197059918 1.0 1
1747197059936 1.0 1
1747197060157 30.0 2
1747197060180 30.0 2
1747197060203 30.0 2
1747197060225 30.0 2
1747197060247 30.0 2
1747197060267 30.0 2
1747197060289 30.0 2
1747197060310 28.0 2
1747197060329 25.0 2
1747197060348 23.0 2
1747197060366 21.0 2
1747197060382 18.0 2
1747197060398 18.0 2
1747197060414 18.0 2
1747197060432 18.0 2
1747197060448 18.0 2
1747197060464 18.0 2
1747197060481 18.0 2
1747197060505 18.0 2
1747197060522 16.0 2
1747197060540 16.0 2
1747197060556 14.0 2
1747197060573 14.0 2
1747197060591 14.0 2
1747197060606 14.0 2
1747197060623 14.0 2
1747197060640 14.0 2
1747197060657 14.0 2
1747197060672 14.0 2
1747197060690 14.0 2
1747197060706 14.0 2
1747197060722 14.0 2
1747197060737 14.0 2
1747197060755 14.0 2
1747197060771 14.0 2
1747197060787 14.0 2
1747197060803 14.0 2
1747197060820 14.0 2
1747197060835 14.0 2
1747197060852 14.0 2
1747197060869 14.0 2
1747197060886 14.0 2
1747197060905 14.0 2
1747197060923 14.0 2
1747197060939 14.0 2
1747197060955 14.0 2
1747197060972 14.0 2
1747197060988 14.0 2
1747197061004 14.0 2
1747197061019 14.0 2
1747197061036 14.0 2
1747197061054 14.0 2
1747197061070 13.0 2
1747197061087 13.0 2
1747197061102 13.0 2
1747197061120 13.0 2
1747197061136 13.0 2
1747197061152 3.0 2
1747197061169 2.0 2
1747197061185 2.0 2
1747197061201 2.0 2
1747197061219 2.0 2
1747197061235 2.0 2
1747197061250 2.0 2
1747197061266 1.0 2
1747197061283 1.0 2
1747197061299 1.0 2
1747197061316 1.0 2
1747197061333 1.0 2
1747197061350 1.0 2
1747197061367 1.0 2
1747197061383 1.0 2
1747197061399 1.0 2
1747197061415 1.0 2
1747197061432 1.0 2
1747197061448 1.0 2
1747197061464 1.0 2
1747197061480 1.0 2
1747197061496 1.0 2
1747197061512 1.0 2
1747197061529 1.0 2
1747197061544 1.0 2
1747197061561 1.0 2
1747197061578 1.0 2
1747197061593 1.0 2
1747197061610 1.0 2
1747197061627 1.0 2
1747197061643 1.0 2
1747197061659 1.0 2
1747197061677 1.0 2
1747197061694 1.0 2
1747197061709 1.0 2
1747197061726 1.0 2
1747197061743 1.0 2
1747197061759 1.0 2
1747197061975 30.0 3
1747197061998 30.0 3
1747197062019 30.0 3
1747197062042 30.0 3
1747197062065 30.0 3
1747197062086 30.0 3
1747197062108 30.0 3
1747197062129 29.0 3
1747197062149 27.0 3
1747197062168 25.0 3
1747197062185 24.0 3
1747197062206 22.0 3
1747197062224 22.0 3
1747197062244 21.0 3
1747197062260 21.0 3
1747197062277 21.0 3
1747197062295 21.0 3
1747197062312 17.0 3
1747197062329 17.0 3
1747197062346 16.0 3
1747197062362 16.0 3
1747197062378 15.0 3
1747197062396 15.0 3
1747197062413 14.0 3
1747197062430 14.0 3
1747197062448 14.0 3
1747197062465 14.0 3
1747197062486 14.0 3
1747197062505 14.0 3
1747197062525 14.0 3
1747197062542 14.0 3
1747197062559 14.0 3
1747197062577 14.0 3
1747197062593 14.0 3
1747197062609 14.0 3
1747197062627 14.0 3
1747197062644 14.0 3
1747197062661 14.0 3
1747197062678 14.0 3
1747197062694 14.0 3
1747197062710 14.0 3
1747197062728 14.0 3
1747197062743 14.0 3
1747197062760 14.0 3
1747197062777 14.0 3
1747197062794 14.0 3
1747197062810 14.0 3
1747197062827 14.0 3
1747197062843 14.0 3
1747197062860 14.0 3
1747197062877 14.0 3
1747197062893 14.0 3
1747197062910 14.0 3
1747197062927 14.0 3
1747197062944 14.0 3
1747197062961 14.0 3
1747197062977 14.0 3
1747197062993 7.0 3
1747197063009 6.0 3
1747197063025 6.0 3
1747197063041 6.0 3
1747197063058 6.0 3
1747197063075 6.0 3
1747197063090 6.0 3
1747197063107 5.0 3
1747197063125 5.0 3
1747197063145 5.0 3
1747197063162 5.0 3
1747197063178 5.0 3
1747197063195 5.0 3
1747197063212 5.0 3
1747197063229 5.0 3
1747197063245 5.0 3
1747197063262 5.0 3
1747197063277 5.0 3
1747197063295 5.0 3
1747197063311 5.0 3
1747197063328 5.0 3
1747197063345 5.0 3
1747197063362 5.0 3
1747197063380 5.0 3
1747197063395 5.0 3
1747197063411 5.0 3
1747197063428 5.0 3
1747197063445 5.0 3
1747197063461 5.0 3
1747197063477 5.0 3
1747197063495 5.0 3
1747197063512 4.0 3
1747197063530 4.0 3
1747197063546 4.0 3
1747197063563 4.0 3
1747197063580 4.0 3
1747197063596 4.0 3
1747197063613 4.0 3
1747197063629 3.0 3
1747197063646 3.0 3
1747197063663 3.0 3
1747197063680 3.0 3
1747197063696 3.0 3
1747197063713 3.0 3
1747197063729 3.0 3
1747197063746 3.0 3
1747197063763 2.0 3
1747197063779 2.0 3
1747197063796 2.0 3
1747197063812 2.0 3
1747197063829 2.0 3
1747197063846 2.0 3
1747197063863 2.0 3
1747197063880 2.0 3
1747197063896 2.0 3
1747197063912 2.0 3
1747197063928 2.0 3
1747197063945 2.0 3
1747197063962 2.0 3
1747197063979 2.0 3
1747197063996 2.0 3
1747197064012 2.0 3
1747197064029 2.0 3
1747197064045 2.0 3
1747197064062 2.0 3
1747197064078 2.0 3
1747197064094 2.0 3
1747197064110 2.0 3
1747197064126 2.0 3
1747197064143 2.0 3
1747197064159 2.0 3
1747197064175 2.0 3
1747197064193 2.0 3
1747197064209 2.0 3
1747197064226 2.0 3
1747197064243 2.0 3
1747197064259 2.0 3
1747197064276 2.0 3
1747197064294 2.0 3
1747197064310 2.0 3
1747197064327 2.0 3
1747197064344 2.0 3
1747197064360 2.0 3
1747197064377 2.0 3
1747197064394 2.0 3
1747197064412 2.0 3
1747197064428 2.0 3
1747197064446 2.0 3
1747197064462 2.0 3
1747197064480 2.0 3
1747197064496 1.0 3
1747197064513 1.0 3
1747197064529 1.0 3
1747197064547 1.0 3
1747197064564 1.0 3
1747197064583 1.0 3
1747197064599 1.0 3
1747197064615 1.0 3
1747197064632 1.0 3
1747197064649 1.0 3
1747197064665 1.0 3
1747197064682 1.0 3
1747197064901 30.0 4
1747197064925 30.0 4
1747197064947 30.0 4
1747197064969 30.0 4
1747197064992 30.0 4
1747197065015 30.0 4
1747197065036 30.0 4
1747197065057 30.0 4
1747197065077 26.0 4
1747197065096 24.0 4
1747197065115 23.0 4
1747197065133 23.0 4
1747197065151 22.0 4
1747197065169 22.0 4
1747197065188 22.0 4
1747197065206 21.0 4
1747197065224 21.0 4
1747197065243 20.0 4
1747197065261 20.0 4
1747197065278 16.0 4
1747197065294 16.0 4
1747197065311 15.0 4
1747197065327 14.0 4
1747197065344 14.0 4
1747197065360 14.0 4
1747197065377 14.0 4
1747197065394 14.0 4
1747197065411 14.0 4
1747197065427 14.0 4
1747197065448 14.0 4
1747197065465 14.0 4
1747197065480 14.0 4
1747197065497 14.0 4
1747197065513 14.0 4
1747197065529 14.0 4
1747197065546 14.0 4
1747197065563 14.0 4
1747197065580 14.0 4
1747197065597 14.0 4
1747197065613 14.0 4
1747197065630 14.0 4
1747197065647 14.0 4
1747197065663 14.0 4
1747197065679 14.0 4
1747197065697 14.0 4
1747197065712 14.0 4
1747197065730 14.0 4
1747197065746 14.0 4
1747197065762 14.0 4
1747197065779 13.0 4
1747197065797 13.0 4
1747197065813 13.0 4
1747197065831 13.0 4
1747197065847 13.0 4
1747197065864 13.0 4
1747197065881 13.0 4
1747197065896 13.0 4
1747197065913 9.0 4
1747197065932 8.0 4
1747197065948 7.0 4
1747197065965 7.0 4
1747197065982 7.0 4
1747197065998 7.0 4
1747197066014 7.0 4
1747197066029 7.0 4
1747197066046 7.0 4
1747197066062 7.0 4
1747197066079 7.0 4
1747197066095 7.0 4
1747197066111 7.0 4
1747197066127 7.0 4
1747197066144 7.0 4
1747197066161 7.0 4
1747197066177 7.0 4
1747197066195 7.0 4
1747197066211 7.0 4
1747197066227 7.0 4
1747197066243 7.0 4
1747197066259 7.0 4
1747197066276 7.0 4
1747197066293 7.0 4
1747197066310 7.0 4
1747197066327 7.0 4
1747197066345 7.0 4
1747197066362 7.0 4
1747197066378 7.0 4
1747197066395 7.0 4
1747197066413 7.0 4
1747197066429 7.0 4
1747197066446 7.0 4
1747197066462 7.0 4
1747197066478 7.0 4
1747197066494 7.0 4
1747197066512 7.0 4
1747197066528 7.0 4
1747197066545 7.0 4
1747197066563 7.0 4
1747197066580 7.0 4
1747197066597 7.0 4
1747197066614 7.0 4
1747197066630 7.0 4
1747197066647 7.0 4
1747197066664 7.0 4
1747197066681 7.0 4
1747197066697 7.0 4
1747197066713 7.0 4
1747197066730 7.0 4
1747197066748 7.0 4
1747197066763 7.0 4
1747197066780 7.0 4
1747197066796 7.0 4
1747197066813 7.0 4
1747197066829 7.0 4
1747197066846 7.0 4
1747197066862 7.0 4
1747197066880 7.0 4
1747197066896 7.0 4
1747197066913 7.0 4
1747197066929 7.0 4
1747197066946 7.0 4
1747197066963 7.0 4
1747197066980 7.0 4
1747197066996 7.0 4
1747197067013 7.0 4
1747197067029 7.0 4
1747197067045 7.0 4
1747197067063 7.0 4
1747197067079 7.0 4
1747197067096 7.0 4
1747197067113 7.0 4
1747197067130 7.0 4
1747197067146 7.0 4
1747197067163 7.0 4
1747197067179 7.0 4
1747197067196 7.0 4
1747197067213 7.0 4
1747197067229 7.0 4
1747197067246 7.0 4
1747197067263 7.0 4
1747197067281 7.0 4
1747197067297 7.0 4
1747197067318 7.0 4
1747197067335 7.0 4
1747197067354 7.0 4
1747197067372 7.0 4
1747197067388 7.0 4
1747197067405 7.0 4
1747197067421 6.0 4
1747197067438 6.0 4
1747197067454 5.0 4
1747197067471 5.0 4
1747197067487 5.0 4
1747197067504 5.0 4
1747197067519 5.0 4
1747197067536 5.0 4
1747197067554 4.0 4
1747197067571 4.0 4
1747197067588 3.0 4
1747197067604 3.0 4
1747197067623 2.0 4
1747197067639 1.0 4
1747197067655 1.0 4
1747197067672 1.0 4
1747197067689 1.0 4
1747197067704 1.0 4
1747197067721 1.0 4
1747197067737 1.0 4
1747197067754 1.0 4
1747197067770 1.0 4
1747197067787 1.0 4
1747197067803 1.0 4
1747197067820 1.0 4
1747197067837 1.0 4
1747197067854 1.0 4
1747197067870 1.0 4
1747197067887 1.0 4
1747197067904 1.0 4
1747197067919 1.0 4
1747197067936 1.0 4
1747197067954 1.0 4
1747197067971 1.0 4
1747197067987 1.0 4
1747197068004 1.0 4
1747197068019 1.0 4
1747197068036 1.0 4
1747197068053 1.0 4
1747197068069 1.0 4
1747197068086 1.0 4
1747197068103 1.0 4
1747197068120 1.0 4
1747197068136 1.0 4
1747197068153 1.0 4
1747197068169 1.0 4
1747197068185 1.0 4
1747197068202 1.0 4
1747197068220 1.0 4
1747197068237 1.0 4
1747197068254 1.0 4
1747197068270 1.0 4
1747197068286 1.0 4
1747197068303 1.0 4
1747197068320 1.0 4
1747197068337 1.0 4
1747197068353 1.0 4
1747197068370 1.0 4
1747197068386 1.0 4
1747197068403 1.0 4
1747197068419 1.0 4
1747197068436 1.0 4
1747197068453 1.0 4
1747197068468 1.0 4
1747197068486 1.0 4
1747197068502 1.0 4
1747197068519 1.0 4
1747197068536 1.0 4
1747197068553 1.0 4
1747197068569 1.0 4
1747197068586 1.0 4
1747197068602 1.0 4
1747197068618 1.0 4
1747197068634 1.0 4
1747197068652 1.0 4
1747197068669 1.0 4
1747197068687 1.0 4
1747197068703 1.0 4
1747197068719 1.0 4
1747197068737 1.0 4
1747197068754 1.0 4
1747197068769 1.0 4
1747197068786 1.0 4
1747197068803 1.0 4
1747197068820 1.0 4
1747197068837 1.0 4
1747197068854 1.0 4
1747197068871 1.0 4
1747197068887 1.0 4
1747197068904 1.0 4
1747197068920 1.0 4
1747197068937 1.0 4
1747197068954 1.0 4
1747197068971 1.0 4
1747197068987 1.0 4
1747197069004 1.0 4
1747197069021 1.0 4
1747197069037 1.0 4
1747197069055 1.0 4
1747197069070 1.0 4
1747197069086 1.0 4
1747197069103 1.0 4
1747197069122 1.0 4
1747197069140 1.0 4
1747197069155 1.0 4
1747197069171 1.0 4
1747197069187 1.0 4
1747197069204 1.0 4
1747197069221 1.0 4
1747197069238 1.0 4
1747197069253 1.0 4
1747197069271 1.0 4
1747197069286 1.0 4
1747197069303 1.0 4
1747197069318 1.0 4
1747197069336 1.0 4
1747197069352 1.0 4
1747197069368 1.0 4
1747197069385 1.0 4
1747197069402 1.0 4
1747197069419 1.0 4
1747197069435 1.0 4
1747197069452 1.0 4
1747197069469 1.0 4
1747197069486 1.0 4
1747197069502 1.0 4
1747197069519 1.0 4
1747197069536 1.0 4
1747197069553 1.0 4
1747197069570 1.0 4
1747197069587 1.0 4
1747197069604 1.0 4
1747197069622 1.0 4
1747197069638 1.0 4
1747197069655 1.0 4
1747197069672 1.0 4
1747197069688 1.0 4
1747197069705 1.0 4
1747197069721 1.0 4
1747197069738 1.0 4
1747197069754 1.0 4
1747197069770 1.0 4
1747197069786 1.0 4
1747197069803 1.0 4
1747197069821 1.0 4
1747197069837 1.0 4
1747197069853 1.0 4
1747197069869 1.0 4
1747197069886 1.0 4
1747197069904 1.0 4
1747197069920 1.0 4
1747197069936 1.0 4
1747197069952 1.0 4
1747197069969 1.0 4
1747197069985 1.0 4
1747197070002 1.0 4
1747197070020 1.0 4
1747197070041 1.0 4
1747197070057 1.0 4
1747197070073 1.0 4
1747197070090 1.0 4
1747197070106 1.0 4
1747197070122 1.0 4
1747197070139 1.0 4
1747197070156 1.0 4
1747197070172 1.0 4
1747197070189 1.0 4
1747197070207 1.0 4
1747197070223 1.0 4
1747197070240 1.0 4
1747197070257 1.0 4
1747197070274 1.0 4
1747197070290 1.0 4
1747197070307 1.0 4
1747197070324 1.0 4
1747197070339 1.0 4
1747197070357 1.0 4
1747197070373 1.0 4
1747197070388 1.0 4
1747197070406 1.0 4
1747197070423 1.0 4
1747197070439 1.0 4
1747197070457 1.0 4
1747197070473 1.0 4
1747197070490 1.0 4
1747197070507 1.0 4
1747197070524 1.0 4
1747197070541 1.0 4
1747197070558 1.0 4
1747197070577 1.0 4
1747197070593 1.0 4
1747197070609 1.0 4
1747197070626 1.0 4
1747197070643 1.0 4
1747197070659 1.0 4
1747197070677 1.0 4
1747197070693 1.0 4
1747197070708 1.0 4
1747197070729 1.0 4
1747197070744 1.0 4
1747197070761 1.0 4
1747197070778 1.0 4
1747197070794 1.0 4
1747197070811 1.0 4
1747197070827 1.0 4
1747197070844 1.0 4
1747197070861 1.0 4
1747197070878 1.0 4
1747197070896 1.0 4
1747197070913 1.0 4
1747197070930 1.0 4
1747197070947 1.0 4
1747197070964 1.0 4
1747197070980 1.0 4
1747197070997 1.0 4
1747197071014 1.0 4
1747197071032 1.0 4
1747197071048 1.0 4
1747197071065 1.0 4
1747197071082 1.0 4
1747197071098 1.0 4
1747197071114 1.0 4
1747197071131 1.0 4
1747197071147 1.0 4
1747197071164 1.0 4
1747197071181 1.0 4
1747197071197 1.0 4
1747197071214 1.0 4
1747197071231 1.0 4
1747197071247 1.0 4
1747197071264 1.0 4
1747197071281 1.0 4
1747197071298 1.0 4
1747197071315 1.0 4
1747197071332 1.0 4
1747197071348 1.0 4
1747197071364 1.0 4
1747197071381 1.0 4
1747197071397 1.0 4
1747197071414 1.0 4
1747197071431 1.0 4
1747197071448 1.0 4
1747197071466 1.0 4
1747197071483 1.0 4
1747197071500 1.0 4
1747197071515 1.0 4
1747197071533 1.0 4
1747197071549 1.0 4
1747197071566 1.0 4
1747197071582 1.0 4
1747197071598 1.0 4
1747197071615 1.0 4
1747197071631 1.0 4
1747197071648 1.0 4
1747197071665 1.0 4
1747197071683 1.0 4
1747197071699 1.0 4
1747197071715 1.0 4
1747197071733 1.0 4
1747197071750 1.0 4
1747197071766 1.0 4
1747197071783 1.0 4
1747197071799 1.0 4
1747197071815 1.0 4
1747197071834 1.0 4
1747197071849 1.0 4
1747197071866 1.0 4
1747197071884 1.0 4
1747197071902 1.0 4
1747197071918 1.0 4
1747197071934 1.0 4
1747197071951 1.0 4
1747197071967 1.0 4
1747197071984 1.0 4
1747197072000 1.0 4
1747197072016 1.0 4
1747197072034 1.0 4
1747197072050 1.0 4
1747197072067 1.0 4
1747197072084 1.0 4
1747197072100 1.0 4
1747197072116 1.0 4
1747197072133 1.0 4
1747197072150 1.0 4
1747197072165 1.0 4
1747197072182 1.0 4
1747197072199 1.0 4
1747197072215 1.0 4
1747197072232 1.0 4
1747197072249 1.0 4
1747197072265 1.0 4
1747197072282 1.0 4
1747197072299 1.0 4
1747197072316 1.0 4
1747197072332 1.0 4
1747197072349 1.0 4
1747197072365 1.0 4
1747197072382 1.0 4
1747197072399 1.0 4
1747197072415 1.0 4
1747197072433 1.0 4
1747197072449 1.0 4
1747197072466 1.0 4
1747197072483 1.0 4
1747197072500 1.0 4
1747197072515 1.0 4
1747197072533 1.0 4
1747197072549 1.0 4
1747197072565 1.0 4
1747197072583 1.0 4
1747197072599 1.0 4
1747197072616 1.0 4
1747197072633 1.0 4
1747197072649 1.0 4
1747197072665 1.0 4
1747197072683 1.0 4
1747197072700 1.0 4
1747197072716 1.0 4
1747197072732 1.0 4
1747197072749 1.0 4
1747197072765 1.0 4
1747197072780 1.0 4
1747197072798 1.0 4
1747197072813 1.0 4
1747197072830 1.0 4
1747197072846 1.0 4
1747197072863 1.0 4
1747197072879 1.0 4
1747197072897 1.0 4
1747197072912 1.0 4
1747197072929 1.0 4
1747197072946 1.0 4
1747197072963 1.0 4
1747197072981 1.0 4
1747197072997 1.0 4
1747197073013 1.0 4
1747197073029 1.0 4
1747197073045 1.0 4
1747197073062 1.0 4
1747197073078 1.0 4
1747197073095 1.0 4
1747197073113 1.0 4
1747197073129 1.0 4
1747197073147 1.0 4
1747197073163 1.0 4
1747197073181 1.0 4
1747197073197 1.0 4
1747197073214 1.0 4
1747197073230 1.0 4
1747197073248 1.0 4
1747197073264 1.0 4
1747197073279 1.0 4
1747197073296 1.0 4
1747197073312 1.0 4
1747197073329 1.0 4
1747197073345 1.0 4
1747197073362 1.0 4
1747197073378 1.0 4
1747197073395 1.0 4
1747197073412 1.0 4
1747197073429 1.0 4
1747197073448 1.0 4
1747197073464 1.0 4
1747197073480 1.0 4
1747197073498 1.0 4
1747197073515 1.0 4
1747197073532 1.0 4
1747197073549 1.0 4
1747197073565 1.0 4
1747197073581 1.0 4
1747197073598 1.0 4
1747197073614 1.0 4
1747197073630 1.0 4
1747197073645 1.0 4
1747197073662 1.0 4
1747197073680 1.0 4
1747197073696 1.0 4
1747197073713 1.0 4
1747197073730 1.0 4
1747197073746 1.0 4
1747197073763 1.0 4
1747197073780 1.0 4
1747197073796 1.0 4
1747197073813 1.0 4
1747197073829 1.0 4
1747197073845 1.0 4
1747197073863 1.0 4
1747197073878 1.0 4
1747197073895 1.0 4
1747197073912 1.0 4
1747197073928 1.0 4
1747197073944 1.0 4
1747197073961 1.0 4
1747197073978 1.0 4
1747197073995 1.0 4
1747197074011 1.0 4
1747197074027 1.0 4
1747197074044 1.0 4
1747197074060 1.0 4
1747197074077 1.0 4
1747197074094 1.0 4
1747197074117 1.0 4
1747197074133 1.0 4
1747197074149 1.0 4
1747197074166 1.0 4
1747197074182 1.0 4
1747197074199 1.0 4
1747197074216 1.0 4
1747197074234 1.0 4
1747197074249 1.0 4
1747197074265 1.0 4
1747197074282 1.0 4
1747197074299 1.0 4
1747197074316 1.0 4
1747197074332 1.0 4
1747197074349 1.0 4
1747197074365 1.0 4
1747197074380 1.0 4
1747197074398 1.0 4
1747197074413 1.0 4
1747197074431 1.0 4
1747197074446 1.0 4
1747197074463 1.0 4
1747197074480 1.0 4
1747197074497 1.0 4
1747197074514 1.0 4
1747197074531 1.0 4
1747197074547 1.0 4
1747197074563 1.0 4
1747197074580 1.0 4
1747197074597 1.0 4
1747197074614 1.0 4
1747197074633 1.0 4
1747197074649 1.0 4
1747197074665 1.0 4
1747197074680 1.0 4
1747197074698 1.0 4
1747197074714 1.0 4
1747197074731 1.0 4
1747197074748 1.0 4
1747197074765 1.0 4
1747197074783 1.0 4
1747197074799 1.0 4
1747197074816 1.0 4
1747197074832 1.0 4
1747197074849 1.0 4
1747197074866 1.0 4
1747197074881 1.0 4
1747197074897 1.0 4
1747197074914 1.0 4
1747197074933 1.0 4
1747197074949 1.0 4
1747197074966 1.0 4
1747197074983 1.0 4
1747197075000 1.0 4
1747197075016 1.0 4
1747197075033 1.0 4
1747197075051 1.0 4
1747197075067 1.0 4
1747197075083 1.0 4
1747197075101 1.0 4
1747197075117 1.0 4
1747197075134 1.0 4
1747197075151 1.0 4
1747197075167 1.0 4
1747197075184 1.0 4
1747197075200 1.0 4
1747197075216 1.0 4
1747197075233 1.0 4
1747197075248 1.0 4
1747197075266 1.0 4
1747197075291 1.0 4
1747197075307 1.0 4
1747197075324 1.0 4
1747197075341 1.0 4
1747197075357 1.0 4
1747197075374 1.0 4
1747197075391 1.0 4
1747197075407 1.0 4
1747197075424 1.0 4
1747197075440 1.0 4
1747197075458 1.0 4
1747197075474 1.0 4
1747197075491 1.0 4
1747197075507 1.0 4
1747197075523 1.0 4
1747197075539 1.0 4
1747197075556 1.0 4
1747197075573 1.0 4
1747197075590 1.0 4
1747197075606 1.0 4
1747197075623 1.0 4
1747197075640 1.0 4
1747197075657 1.0 4
1747197075673 1.0 4
1747197075689 1.0 4
1747197075705 1.0 4
1747197075723 1.0 4
1747197075741 1.0 4
1747197075757 1.0 4
1747197075774 1.0 4
1747197075791 1.0 4
1747197075808 1.0 4
1747197075825 1.0 4
1747197075842 1.0 4
1747197075859 1.0 4
1747197075876 1.0 4
1747197075893 1.0 4
1747197075910 1.0 4
1747197075925 1.0 4
1747197075942 1.0 4
1747197075959 1.0 4
1747197075977 1.0 4
1747197075993 1.0 4
1747197076010 1.0 4
1747197076027 1.0 4
1747197076044 1.0 4
1747197076060 1.0 4
1747197076077 1.0 4
1747197076093 1.0 4
1747197076111 1.0 4
1747197076128 1.0 4
1747197076144 1.0 4
1747197076161 1.0 4
1747197076177 1.0 4
1747197076195 1.0 4
1747197076212 1.0 4
1747197076229 1.0 4
1747197076245 1.0 4
1747197076262 1.0 4
1747197076279 1.0 4
1747197076297 1.0 4
1747197076313 1.0 4
1747197076330 1.0 4
1747197076346 1.0 4
1747197076363 1.0 4
1747197076381 1.0 4
1747197076398 1.0 4
1747197076415 1.0 4
1747197076432 1.0 4
1747197076449 1.0 4
1747197076466 1.0 4
1747197076483 1.0 4
1747197076500 1.0 4
1747197076517 1.0 4
1747197076533 1.0 4
1747197076551 1.0 4
1747197076567 1.0 4
1747197076584 1.0 4
1747197076600 1.0 4
1747197076616 1.0 4
1747197076633 1.0 4
1747197076650 1.0 4
1747197076666 1.0 4
1747197076682 1.0 4
1747197076699 1.0 4
1747197076716 1.0 4
1747197076733 1.0 4
1747197076750 1.0 4
1747197076765 1.0 4
1747197076782 1.0 4
1747197076798 1.0 4
1747197076815 1.0 4
1747197076832 1.0 4
1747197076850 1.0 4
1747197076866 1.0 4
1747197076882 1.0 4
1747197076899 1.0 4
1747197076916 1.0 4
1747197076932 1.0 4
1747197076949 1.0 4
1747197076966 1.0 4
1747197076984 1.0 4
1747197077000 1.0 4
1747197077016 1.0 4
1747197077033 1.0 4
1747197077050 1.0 4
1747197077066 1.0 4
1747197077084 1.0 4
1747197077100 1.0 4
1747197077117 1.0 4
1747197077134 1.0 4
1747197077151 1.0 4
1747197077168 1.0 4
1747197077185 1.0 4
1747197077203 1.0 4
1747197077219 1.0 4
1747197077236 1.0 4
1747197077254 1.0 4
1747197077271 1.0 4
1747197077287 1.0 4
1747197077304 1.0 4
1747197077321 1.0 4
1747197077338 1.0 4
1747197077355 1.0 4
1747197077372 1.0 4
1747197077388 1.0 4
1747197077405 1.0 4
1747197077421 1.0 4
1747197077439 1.0 4
1747197077457 1.0 4
1747197077473 1.0 4
1747197077489 1.0 4
1747197077511 1.0 4
1747197077528 1.0 4
1747197077546 1.0 4
1747197077562 1.0 4
1747197077578 1.0 4
1747197077595 1.0 4
1747197077613 1.0 4
1747197077629 1.0 4
1747197077647 1.0 4
1747197077664 1.0 4
1747197077680 1.0 4
1747197077695 1.0 4
1747197077712 1.0 4
1747197077729 1.0 4
1747197077747 1.0 4
1747197077763 1.0 4
1747197077780 1.0 4
1747197077796 1.0 4
1747197077813 1.0 4
1747197077829 1.0 4
1747197077847 1.0 4
1747197077864 1.0 4
1747197077881 1.0 4
1747197077897 1.0 4
1747197077914 1.0 4
1747197077931 1.0 4
1747197077948 1.0 4
1747197077966 1.0 4
1747197077981 1.0 4
1747197077997 1.0 4
1747197078014 1.0 4
1747197078031 1.0 4
1747197078047 1.0 4
1747197078065 1.0 4
1747197078081 1.0 4
1747197078097 1.0 4
1747197078114 1.0 4
1747197078131 1.0 4
1747197078148 1.0 4
1747197078164 1.0 4
1747197078181 1.0 4
1747197078198 1.0 4
1747197078214 1.0 4
1747197078231 1.0 4
1747197078246 1.0 4
1747197078262 1.0 4
1747197078279 1.0 4
1747197078296 1.0 4
1747197078312 1.0 4
1747197078329 1.0 4
1747197078345 1.0 4
1747197078360 1.0 4
1747197078377 1.0 4
1747197078394 1.0 4
1747197078410 1.0 4
1747197078428 1.0 4
1747197078445 1.0 4
1747197078461 1.0 4
1747197078477 1.0 4
1747197078495 1.0 4
1747197078511 1.0 4
1747197078528 1.0 4
1747197078544 1.0 4
1747197078564 1.0 4
1747197078579 1.0 4
1747197078597 1.0 4
1747197078613 1.0 4
1747197078630 1.0 4
1747197078647 1.0 4
1747197078664 1.0 4
1747197078680 1.0 4
1747197078697 1.0 4
1747197078714 1.0 4
1747197078731 1.0 4
1747197078747 1.0 4
1747197078762 1.0 4
1747197078779 1.0 4
1747197078795 1.0 4
1747197078813 1.0 4
1747197078830 1.0 4
1747197078848 1.0 4
1747197078864 1.0 4
1747197078882 1.0 4
1747197078898 1.0 4
1747197078914 1.0 4
1747197078930 1.0 4
1747197078947 1.0 4
1747197078963 1.0 4
1747197078980 1.0 4
1747197078997 1.0 4
1747197079014 1.0 4
1747197079030 1.0 4
1747197079046 1.0 4
1747197079063 1.0 4
1747197079080 1.0 4
1747197079096 1.0 4
1747197079113 1.0 4
1747197079129 1.0 4
1747197079145 1.0 4
1747197079162 1.0 4
1747197079178 1.0 4
1747197079194 1.0 4
1747197079209 1.0 4
1747197079226 1.0 4
1747197079242 1.0 4
1747197079259 1.0 4
1747197079275 1.0 4
1747197079291 1.0 4
1747197079308 1.0 4
1747197079325 1.0 4
1747197079340 1.0 4
1747197079356 1.0 4
1747197079374 1.0 4
1747197079390 1.0 4
1747197079407 1.0 4
1747197079423 1.0 4
1747197079439 1.0 4
1747197079455 1.0 4
1747197079471 1.0 4
1747197079487 1.0 4
1747197079503 1.0 4
1747197079521 1.0 4
1747197079537 1.0 4
1747197079554 1.0 4
1747197079570 1.0 4
1747197079587 1.0 4
1747197079605 1.0 4
1747197079620 1.0 4
1747197079637 1.0 4
1747197079654 1.0 4
1747197079669 1.0 4
1747197079687 1.0 4
1747197079703 1.0 4
1747197079719 1.0 4
1747197079736 1.0 4
1747197079753 1.0 4
1747197079769 1.0 4
1747197079786 1.0 4
1747197079804 1.0 4
1747197079820 1.0 4
1747197079837 1.0 4
1747197079854 1.0 4
1747197079870 1.0 4
1747197079886 1.0 4
1747197079903 1.0 4
1747197079920 1.0 4
1747197079937 1.0 4
1747197079954 1.0 4
1747197079969 1.0 4
1747197079986 1.0 4
1747197080003 1.0 4
1747197080019 1.0 4
1747197080036 1.0 4
1747197080054 1.0 4
1747197080070 1.0 4
1747197080087 1.0 4
1747197080103 1.0 4
1747197080120 1.0 4
1747197080137 1.0 4
1747197080153 1.0 4
1747197080169 1.0 4
1747197080187 1.0 4
1747197080203 1.0 4
1747197080219 1.0 4
1747197080237 1.0 4
1747197080254 1.0 4
1747197080270 1.0 4
1747197080286 1.0 4
1747197080304 1.0 4
1747197080320 1.0 4
1747197080336 1.0 4
1747197080352 1.0 4
1747197080370 1.0 4
1747197080385 1.0 4
1747197080402 1.0 4
1747197080418 1.0 4
1747197080435 1.0 4
1747197080451 1.0 4
1747197080468 1.0 4
1747197080486 1.0 4
1747197080500 1.0 4
1747197080519 1.0 4
1747197080535 1.0 4
1747197080550 1.0 4
1747197080567 1.0 4
1747197080583 1.0 4
1747197080600 1.0 4
1747197080616 1.0 4
1747197080632 1.0 4
1747197080648 1.0 4
1747197080664 1.0 4
1747197080683 1.0 4
1747197080698 1.0 4
1747197080716 1.0 4
1747197080733 1.0 4
1747197080750 1.0 4
1747197080766 1.0 4
1747197080781 1.0 4
1747197080799 1.0 4
1747197080814 1.0 4
1747197080831 1.0 4
1747197080847 1.0 4
1747197080867 1.0 4
1747197080882 1.0 4
1747197080898 1.0 4
1747197080914 1.0 4
1747197080930 1.0 4
1747197080948 1.0 4
1747197080964 1.0 4
1747197080979 1.0 4
1747197080995 1.0 4
1747197081012 1.0 4
1747197081027 1.0 4
1747197081044 1.0 4
1747197081060 1.0 4
1747197081078 1.0 4
1747197081093 1.0 4
1747197081110 1.0 4
1747197081126 1.0 4
1747197081143 1.0 4
1747197081160 1.0 4
1747197081177 1.0 4
1747197081194 1.0 4
1747197081211 1.0 4
1747197081229 1.0 4
1747197081244 1.0 4
1747197081260 1.0 4
1747197081276 1.0 4
1747197081294 1.0 4
1747197081310 1.0 4
1747197081327 1.0 4
1747197081343 1.0 4
1747197081359 1.0 4
1747197081377 1.0 4
1747197081393 1.0 4
1747197081410 1.0 4
1747197081426 1.0 4
1747197081443 1.0 4
1747197081460 1.0 4
1747197081478 1.0 4
1747197081495 1.0 4
1747197081513 1.0 4
1747197081528 1.0 4
1747197081544 1.0 4
1747197081561 1.0 4
1747197081578 1.0 4
1747197081595 1.0 4
1747197081611 1.0 4
1747197081628 1.0 4
1747197081645 1.0 4
1747197081663 1.0 4
1747197081679 1.0 4
1747197081697 1.0 4
1747197081713 1.0 4
1747197081729 1.0 4
1747197081746 1.0 4
1747197081762 1.0 4
1747197081779 1.0 4
1747197081795 1.0 4
1747197081812 1.0 4
1747197081829 1.0 4
1747197081845 1.0 4
1747197081860 1.0 4
1747197081878 1.0 4
1747197081894 1.0 4
1747197081911 1.0 4
1747197081927 1.0 4
1747197081944 1.0 4
1747197081962 1.0 4
1747197081976 1.0 4
1747197081992 1.0 4
1747197082008 1.0 4
1747197082025 1.0 4
1747197082041 1.0 4
1747197082057 1.0 4
1747197082074 1.0 4
1747197082090 1.0 4
1747197082107 1.0 4
1747197082124 1.0 4
1747197082141 1.0 4
1747197082158 1.0 4
1747197082175 1.0 4
1747197082193 1.0 4
1747197082207 1.0 4
1747197082224 1.0 4
1747197082241 1.0 4
1747197082257 1.0 4
1747197082274 1.0 4
1747197082290 1.0 4
1747197082308 1.0 4
1747197082325 1.0 4
1747197082343 1.0 4
1747197082359 1.0 4
1747197082376 1.0 4
1747197082393 1.0 4
1747197082410 1.0 4
1747197082426 1.0 4
1747197082443 1.0 4
1747197082459 1.0 4
1747197082476 1.0 4
1747197082493 1.0 4
1747197082508 1.0 4
1747197082524 1.0 4
1747197082539 1.0 4
1747197082555 1.0 4
1747197082573 1.0 4
1747197082589 1.0 4
1747197082606 1.0 4
1747197082623 1.0 4
1747197082639 1.0 4
1747197082656 1.0 4
1747197082674 1.0 4
1747197082690 1.0 4
1747197082707 1.0 4
1747197082724 1.0 4
1747197082741 1.0 4
1747197082758 1.0 4
1747197082775 1.0 4
1747197082793 1.0 4
1747197082810 1.0 4
1747197082826 1.0 4
1747197082843 1.0 4
1747197082860 1.0 4
1747197082876 1.0 4
1747197082894 1.0 4
1747197082911 1.0 4
1747197082928 1.0 4
1747197082945 1.0 4
1747197082962 1.0 4
1747197082978 1.0 4
1747197082995 1.0 4
1747197083012 1.0 4
1747197083028 1.0 4
1747197083044 1.0 4
1747197083063 1.0 4
1747197083080 1.0 4
1747197083096 1.0 4
1747197083112 1.0 4
1747197083130 1.0 4
